63 10 39 36 70 85 64 60 1 40 79 7 52 49 91 58 16 89 86 71 51 61 27 78 6 50 28 90 75 20 3 87 12 43 54 45 94 9 17 68 66 35 41 34 46 69 24 42 77 67 23 4 14 29 81 84 30 73 26 55 62 13 88 83 56 57 44 38 80 92 74 82 76 25 48 72 33 18 22 93 53 47 37 31 65 32 15 59 8 11 2 21 19 5 
39 91 49 58 36 85 89 64 70 7 0 27 79 71 52 16 10 78 40 28 90 50 3 51 12 60 61 87 6 75 9 35 94 86 20 54 45 14 17 42 66 43 77 68 46 84 81 34 73 41 67 63 24 30 69 29 26 23 55 4 88 56 62 38 57 83 13 80 44 82 37 74 22 76 33 72 92 25 18 47 48 53 93 31 65 2 11 32 8 59 15 21 19 5 
37 66 24 39 1 61 12 13 6 91 56 64 89 85 49 36 26 58 70 79 27 0 14 7 71 52 78 9 10 84 16 40 21 90 50 51 3 28 68 60 34 75 87 94 42 30 45 86 17 47 20 77 43 57 46 65 35 55 38 29 82 44 81 41 73 54 76 33 67 72 93 80 23 18 69 69 62 63 4 83 22 92 15 74 11 25 48 8 53 59 31 5 32 19 
27 49 36 52 71 70 7 40 58 39 12 1 89 51 90 16 54 10 91 28 85 78 75 50 0 79 45 94 41 20 64 60 17 67 46 42 35 43 61 6 87 86 29 4 77 81 14 23 9 26 55 88 34 84 73 68 30 38 83 66 69 24 57 63 44 56 62 82 80 74 13 25 33 22 72 92 48 76 93 18 53 47 37 31 65 11 32 8 59 15 2 21 5 19 
43 51 41 46 45 75 36 52 20 42 50 71 7 16 70 40 58 10 27 94 60 44 90 86 17 78 3 0 23 89 85 79 49 25 64 39 67 91 28 1 81 87 35 61 6 77 54 29 9 12 30 80 34 14 69 88 68 62 84 82 83 26 73 55 66 24 57 74 33 56 63 38 93 92 22 48 72 13 53 76 18 31 65 47 59 15 32 37 11 8 2 21 5 19 
56 2 21 37 24 25 41 80 4 94 53 15 61 33 29 57 47 66 77 9 12 36 22 11 52 6 69 44 62 62 3 7 45 88 31 58 50 50 23 71 42 90 65 20 51 46 70 26 67 40 17 35 49 38 89 27 43 28 16 81 75 91 78 79 85 39 82 30 68 0 54 83 60 10 86 1 93 64 8 59 87 72 63 13 48 34 32 14 73 74 18 84 92 19 
61 10 0 64 85 79 39 60 1 16 91 89 36 78 12 7 58 52 86 50 71 51 90 70 49 27 75 40 28 20 3 87 46 43 17 68 45 35 30 94 73 54 23 81 42 41 14 66 9 67 4 29 34 24 77 84 69 55 82 63 26 62 88 57 83 56 44 80 74 38 13 92 37 33 22 76 48 18 72 93 25 53 65 47 2 31 11 59 15 32 8 21 5 19 
36 58 52 70 71 40 27 16 51 39 91 89 49 1 50 75 94 0 79 85 3 10 78 60 20 86 64 28 90 41 54 17 67 45 61 87 12 6 42 43 35 23 4 46 77 9 34 81 29 84 14 66 24 30 26 68 83 55 88 69 73 57 63 80 62 56 38 44 74 25 13 82 92 22 48 72 76 33 18 93 31 53 37 47 65 59 15 32 8 2 11 21 19 5 
56 63 28 54 1 49 90 79 36 0 39 64 85 10 10 70 89 67 52 3 40 58 35 7 86 60 73 71 50 23 78 16 68 87 17 51 27 94 77 20 22 41 62 62 34 83 30 61 42 75 9 12 6 45 47 66 46 11 26 55 59 57 43 88 14 69 24 84 82 74 4 32 29 38 76 72 13 92 37 44 80 48 15 25 93 18 33 2 65 31 53 21 5 19 
77 39 58 1 70 64 89 36 85 91 49 40 0 71 78 7 16 10 52 79 27 50 51 90 28 60 75 61 94 87 3 66 45 43 86 42 35 41 46 20 6 34 12 17 54 4 14 81 68 30 24 67 80 84 73 69 23 63 29 55 83 62 56 26 88 53 57 44 38 25 13 82 74 33 18 22 76 92 72 48 31 47 93 37 65 32 2 59 11 15 8 21 5 19 
0 85 64 60 79 39 70 16 36 89 61 51 78 1 52 49 6 50 40 7 71 86 90 58 91 27 75 28 20 3 17 87 68 54 12 43 29 46 63 23 94 35 45 9 41 69 67 14 34 66 4 81 77 30 62 42 26 24 13 73 84 88 55 38 83 44 80 74 56 57 92 82 72 25 48 33 18 22 93 76 53 47 37 65 31 15 59 11 8 32 2 21 19 5 
57 56 90 3 30 1 91 73 63 12 60 87 64 49 78 76 10 39 28 89 50 55 6 0 62 79 51 71 75 85 61 52 42 70 35 81 27 16 77 36 29 20 46 88 58 7 17 45 86 43 82 40 67 84 68 23 94 69 26 14 54 41 9 22 4 74 34 38 44 24 66 8 83 47 37 93 33 13 92 80 32 72 25 18 48 53 65 15 2 59 21 31 5 19 
3 27 61 39 1 49 52 58 70 6 71 7 91 16 89 36 51 85 64 10 79 78 0 50 40 75 90 60 28 87 20 43 45 17 94 46 54 73 42 86 84 68 81 9 35 55 67 30 41 14 24 23 77 4 29 66 82 34 69 26 44 56 88 63 57 83 38 62 37 74 80 22 76 13 33 92 48 72 53 25 18 47 2 93 65 31 11 59 15 32 8 21 5 19 
10 0 39 64 85 60 79 70 36 1 14 89 49 51 16 52 40 7 58 71 91 78 50 26 27 24 84 28 75 86 90 61 6 34 68 94 3 17 20 37 87 29 9 12 43 38 54 45 69 77 66 35 30 62 41 81 67 63 42 46 23 72 4 44 56 93 92 55 73 18 88 57 83 2 74 80 82 76 25 47 33 22 48 65 15 53 59 11 31 8 21 32 19 5 
89 1 39 10 70 71 36 49 16 64 84 85 91 58 7 52 40 27 78 51 79 0 75 90 35 3 50 26 28 87 60 20 6 81 17 45 43 34 86 46 94 77 12 42 9 61 54 13 88 4 41 30 67 29 38 55 68 23 93 73 92 69 66 24 62 63 44 83 56 18 57 37 82 80 74 22 72 33 25 65 76 48 53 31 47 2 11 32 59 8 15 21 19 5 
24 10 60 0 51 68 64 36 70 52 75 50 71 86 49 79 16 20 28 85 39 78 27 7 89 40 58 29 90 1 23 3 61 91 67 6 17 43 12 4 41 72 45 46 69 54 35 82 63 94 87 73 81 88 62 42 9 56 66 44 30 77 55 83 37 26 74 34 57 13 14 38 76 22 93 25 84 80 48 59 92 2 8 33 21 11 47 53 65 18 31 32 5 19 
58 7 36 52 71 51 70 40 27 89 75 50 85 39 79 91 10 78 64 1 0 60 49 86 90 20 28 94 61 87 3 6 17 43 12 54 41 45 46 67 23 4 9 29 35 81 42 68 77 14 84 30 34 24 66 69 73 26 55 88 83 44 63 62 80 57 38 74 56 13 25 82 92 22 48 33 72 76 18 93 31 53 37 47 65 59 15 32 11 8 2 21 19 5 
52 51 50 36 71 7 89 27 58 70 16 75 20 40 49 78 10 90 94 39 3 91 79 60 85 1 28 0 64 54 67 86 41 45 43 4 34 23 46 42 6 35 61 12 77 81 30 87 29 14 68 9 26 84 66 69 73 63 62 24 74 83 88 38 55 44 80 56 57 82 25 13 48 92 33 22 72 76 93 18 47 53 31 59 37 65 32 11 15 8 2 21 5 19 
60 10 39 36 79 85 64 0 91 28 52 16 71 70 49 58 1 7 51 78 89 90 14 27 50 30 86 40 75 92 83 77 66 9 6 26 3 20 23 17 61 69 68 94 67 34 80 35 73 84 81 45 12 46 41 62 29 87 42 43 54 13 4 48 63 24 31 55 74 88 38 25 56 93 57 82 53 22 44 37 76 33 72 65 47 59 2 11 32 8 15 21 19 5 
31 94 24 72 36 80 48 58 7 52 25 16 51 59 39 41 79 71 66 0 20 18 4 9 70 91 10 50 40 85 28 69 68 23 75 60 1 6 64 61 27 89 90 15 49 83 17 78 13 35 44 67 86 2 77 81 3 12 37 43 43 55 45 88 29 14 14 54 74 26 56 42 22 87 21 30 82 34 47 33 57 38 93 92 62 84 73 5 65 63 76 8 32 11 
75 51 36 71 52 7 16 70 50 58 27 40 10 60 90 17 43 0 78 39 79 64 86 85 89 3 49 4 91 94 46 1 45 41 6 28 54 87 61 67 23 29 42 81 35 12 77 69 30 74 88 68 44 14 34 9 84 73 26 55 83 66 62 24 63 80 82 56 38 57 25 48 33 22 72 13 92 93 76 53 18 31 47 65 59 37 15 32 11 8 2 21 19 5 
37 2 24 29 12 61 10 16 48 68 27 60 6 64 51 39 85 3 49 0 50 78 79 70 56 1 52 91 20 7 89 88 71 75 86 58 40 36 83 90 87 69 15 28 55 94 23 13 17 43 26 67 38 82 35 22 81 44 72 45 77 9 74 93 66 46 62 30 42 54 73 11 14 4 31 53 53 41 63 84 80 33 18 34 57 65 59 25 8 47 76 5 32 19 
56 81 67 23 55 58 16 87 89 36 91 7 39 51 28 52 71 1 35 78 50 70 27 40 85 49 75 64 79 10 20 90 46 3 94 0 60 61 12 43 30 6 45 54 17 84 83 42 77 86 41 88 4 73 9 62 80 63 69 14 68 82 92 34 29 66 44 74 26 48 24 57 33 53 38 32 76 25 13 93 47 72 8 18 31 11 37 65 15 59 2 21 5 19 
67 83 36 52 28 51 7 71 70 16 60 10 50 40 75 58 86 79 90 27 20 85 41 64 0 78 17 49 4 94 89 39 54 3 91 1 61 6 29 35 77 30 45 43 81 92 87 46 42 12 73 68 55 34 62 63 88 69 22 48 9 26 66 25 74 14 56 24 82 80 84 44 57 38 93 18 13 72 33 76 31 47 53 15 8 59 32 11 65 37 2 21 5 19 
39 36 58 0 70 52 16 7 71 49 85 1 91 10 40 79 51 89 64 60 27 50 78 61 75 28 90 86 6 68 3 12 20 94 17 66 9 77 45 41 37 54 87 43 35 13 67 29 42 46 23 30 69 4 34 56 81 63 14 73 26 44 62 83 55 57 88 84 72 38 80 82 2 74 25 15 76 33 93 92 48 22 18 47 53 65 31 59 21 11 8 32 5 19 
4 41 36 50 51 52 94 7 71 16 70 75 77 58 78 40 60 23 79 20 10 49 64 85 27 89 80 39 90 86 17 91 67 28 29 0 45 43 3 1 62 9 69 42 46 54 30 87 61 66 35 34 81 68 24 38 6 88 83 12 26 44 14 74 73 55 57 63 84 56 31 33 18 93 82 13 53 22 48 72 92 47 76 59 15 65 11 32 37 8 2 21 5 19 
36 52 71 70 7 10 49 14 85 78 40 28 58 27 3 39 16 51 89 64 0 1 91 79 50 90 60 84 75 86 20 54 17 29 34 38 61 94 6 87 41 67 45 12 13 46 35 88 42 23 43 4 30 68 81 77 9 93 92 62 69 56 63 73 24 83 57 57 55 37 18 44 80 74 82 25 72 76 22 65 48 33 2 47 53 11 31 59 8 15 32 21 5 19 
71 52 7 36 70 49 40 58 3 39 16 51 89 1 91 75 85 50 78 94 45 0 10 79 60 12 20 64 54 90 41 28 87 42 17 67 86 43 61 46 35 6 84 77 29 9 81 23 4 14 73 34 68 66 30 55 24 26 88 69 83 44 63 62 57 56 74 80 82 38 13 25 22 76 33 48 92 72 18 53 93 47 37 31 65 59 32 15 11 2 8 21 5 19 
36 58 39 91 85 1 70 7 7 16 10 71 0 40 49 64 79 89 90 78 27 3 51 50 75 23 60 67 94 35 6 54 86 61 17 20 87 81 77 41 12 30 34 9 45 63 68 46 73 29 42 66 26 14 43 4 62 83 88 55 56 24 84 69 38 82 57 80 74 13 44 22 25 48 18 72 92 93 76 47 33 31 37 53 8 32 65 11 15 59 2 21 19 5 
51 10 52 71 36 70 60 16 7 27 75 40 50 20 90 85 79 3 64 58 86 0 39 49 89 78 28 38 91 1 17 41 23 94 67 45 43 6 54 61 88 4 26 62 87 46 42 68 12 35 77 69 81 30 34 14 55 9 24 83 66 73 84 25 44 63 57 93 13 74 80 56 82 92 48 72 53 33 18 22 76 15 11 31 37 65 47 59 21 2 8 32 5 19 
36 85 64 70 28 51 16 90 89 52 10 78 71 79 58 39 7 91 50 75 40 1 49 27 0 60 20 17 6 73 3 86 23 61 62 94 46 77 81 35 87 67 34 12 43 45 42 41 54 9 4 63 68 14 56 29 66 84 55 57 26 88 69 76 82 83 24 74 80 44 22 18 38 13 25 48 92 33 47 72 93 11 53 32 37 31 65 8 59 15 2 21 5 19 
16 36 51 7 58 52 50 94 71 70 40 27 20 28 89 83 75 79 80 78 49 39 85 91 60 69 64 10 9 0 1 86 23 48 90 3 41 4 17 67 87 77 43 61 18 12 66 45 81 35 25 53 46 6 54 42 55 30 14 29 68 88 34 24 73 84 22 74 26 62 44 82 56 57 63 92 38 33 13 72 93 76 47 59 65 37 21 11 15 32 8 2 19 5 
63 73 35 56 47 0 81 77 1 39 28 58 46 90 9 91 70 27 49 89 40 78 87 94 75 85 30 50 10 7 64 79 42 3 71 16 43 55 45 54 17 52 36 20 60 51 67 22 82 86 34 6 23 41 12 88 4 61 66 69 74 84 62 57 68 14 76 83 44 80 8 33 26 53 92 29 11 24 25 48 38 65 93 18 13 72 59 31 37 15 2 21 5 19 
43 46 45 42 44 78 50 89 51 16 39 75 10 91 20 60 85 70 71 82 64 58 27 52 1 0 4 79 40 36 90 7 49 3 94 87 6 66 86 61 17 12 73 35 69 81 9 41 54 28 55 57 77 30 67 68 88 56 23 29 14 84 24 34 62 80 63 26 74 25 53 83 22 38 76 13 47 65 92 93 72 48 18 31 37 11 32 2 59 15 8 21 5 19 
36 70 58 7 52 40 49 10 91 71 39 0 79 64 89 85 78 90 16 16 28 1 51 17 27 75 60 86 3 94 35 20 41 14 9 77 6 54 61 87 30 26 38 45 42 84 46 81 43 67 4 23 12 68 66 29 62 63 69 73 88 24 13 55 56 83 74 80 57 92 44 76 82 25 93 18 72 47 48 22 33 65 37 53 32 31 2 8 59 11 15 21 5 19 
81 88 40 39 70 71 36 49 1 58 27 52 7 89 28 90 10 45 3 16 0 94 91 85 79 55 46 42 87 64 78 51 43 75 20 50 67 14 77 17 60 41 86 54 6 34 84 9 23 4 12 30 63 61 93 73 29 82 68 83 69 44 26 66 24 56 62 80 57 22 38 74 47 33 13 72 25 48 92 76 18 32 53 65 31 37 11 8 15 59 2 21 5 19 
7 52 58 71 40 70 27 51 16 39 49 89 50 91 79 3 1 0 94 85 75 10 54 78 60 28 41 64 90 20 86 67 17 61 45 6 42 35 4 43 12 23 87 34 9 46 77 29 81 66 24 30 14 26 68 84 83 69 88 63 57 55 38 73 62 80 56 44 25 13 74 82 92 48 76 22 72 18 33 93 31 37 53 47 59 65 15 8 2 32 11 21 19 5 
2 24 1 39 12 91 61 6 13 49 26 58 14 89 36 7 85 71 27 64 70 52 84 16 56 79 0 78 10 3 28 51 40 50 90 68 75 60 87 9 94 17 86 21 34 20 45 35 42 43 30 38 57 46 82 54 55 66 73 81 44 93 29 77 41 72 67 88 76 23 4 69 92 63 62 22 18 83 15 65 74 80 11 33 8 47 25 48 59 53 31 32 5 19 
29 36 49 79 10 3 90 64 39 52 85 1 7 70 16 58 34 78 51 50 40 89 28 26 0 91 60 71 17 27 20 75 14 54 86 41 12 94 61 35 43 6 62 46 84 87 45 68 9 4 77 88 67 81 42 69 23 13 66 30 55 93 24 63 25 83 56 73 57 44 80 74 92 82 72 18 37 33 48 65 22 76 53 11 47 31 2 15 59 8 32 21 5 19 
1 91 58 36 7 89 49 70 85 27 0 71 64 52 79 16 10 40 78 51 28 50 90 60 3 75 12 61 6 87 35 94 9 45 86 20 54 17 43 42 46 77 81 66 68 14 24 41 84 34 73 67 30 63 55 29 69 23 88 4 26 62 56 38 57 13 83 44 80 82 74 22 33 25 37 76 18 72 92 48 47 93 53 31 65 2 32 59 11 8 15 21 19 5 
70 36 7 52 71 27 58 49 16 51 39 0 89 85 10 3 94 1 75 79 50 60 86 64 91 28 54 20 78 41 90 35 67 45 87 17 42 43 77 61 6 9 12 34 46 23 4 81 84 29 14 55 63 24 66 30 88 26 68 69 83 73 62 57 56 44 38 80 74 13 25 82 92 72 22 48 33 76 93 18 53 47 31 37 65 32 59 15 8 11 2 21 5 19 
36 52 71 7 4 70 94 40 27 58 45 51 16 3 49 50 89 20 75 42 10 90 67 39 46 60 79 0 85 17 43 54 78 91 86 28 23 77 1 64 87 25 35 61 29 9 6 34 81 12 80 83 69 30 62 26 84 44 66 14 68 88 24 73 56 57 63 55 38 82 74 93 92 22 48 13 33 76 72 53 18 31 47 65 37 59 32 15 8 11 2 21 5 19 
45 43 46 71 27 52 36 70 44 40 4 58 7 89 94 39 3 51 49 41 78 90 91 1 16 75 87 50 85 35 0 79 20 60 10 86 64 82 17 28 81 84 67 12 61 77 9 55 6 54 23 73 88 14 34 33 30 57 29 69 66 26 56 83 63 68 24 62 93 80 25 38 74 22 76 92 13 48 53 72 47 18 65 37 32 31 11 59 8 15 2 21 5 19 
45 46 42 44 4 51 75 52 20 71 16 27 36 70 89 58 50 7 40 78 10 39 0 87 60 85 3 3 90 49 94 64 1 91 41 86 82 35 81 17 33 61 12 6 28 84 9 67 55 88 73 77 54 23 14 29 69 30 68 57 34 66 24 63 26 62 93 83 80 56 38 74 25 22 13 72 48 53 92 76 18 65 47 31 37 32 11 59 15 2 8 21 5 19 
43 46 45 42 4 51 75 20 52 71 16 89 50 27 36 78 70 58 7 10 39 40 87 0 85 60 79 90 82 3 94 49 64 91 1 41 81 86 17 35 33 61 12 6 68 28 88 73 9 84 55 67 29 54 77 23 57 24 30 14 69 34 56 66 26 63 74 62 13 72 80 93 83 38 25 47 76 22 65 53 48 92 37 18 31 15 11 59 32 2 8 21 5 19 
42 43 46 71 27 52 70 36 7 40 44 4 89 58 41 94 39 51 3 75 16 49 78 87 50 0 90 91 1 20 85 60 79 10 35 82 86 64 17 81 28 84 77 12 54 61 6 67 88 9 55 23 73 14 29 33 57 34 69 30 66 26 68 24 63 62 56 83 93 80 25 38 74 22 13 76 92 48 72 53 18 47 65 31 37 32 11 59 15 8 2 21 5 19 
43 45 42 4 44 52 89 71 51 36 27 78 81 16 39 90 70 20 3 58 50 75 10 85 7 40 79 87 41 35 1 49 0 94 91 60 64 82 17 6 28 86 61 12 84 88 33 73 77 9 54 67 30 23 14 55 34 29 57 69 68 26 66 62 63 56 80 24 93 83 38 22 74 25 76 92 13 53 72 48 18 47 65 32 31 37 11 59 15 8 2 21 5 19 
63 66 39 35 1 73 58 91 81 89 28 85 49 70 64 36 78 27 79 7 40 52 71 0 90 77 50 16 56 3 10 30 87 9 75 17 34 51 54 20 94 44 67 42 60 88 45 46 6 32 61 12 68 43 86 23 62 41 24 57 74 82 83 55 84 14 4 26 80 76 69 13 29 33 22 8 72 25 38 2 93 65 11 48 92 18 59 37 53 31 15 21 5 19 
83 51 23 36 75 20 52 60 16 10 7 71 70 86 58 50 0 64 27 67 40 79 85 28 78 49 94 17 90 91 39 89 61 1 3 6 54 43 4 41 87 30 92 45 35 81 74 46 12 42 68 29 69 9 66 73 77 31 80 34 55 63 88 18 26 22 24 62 14 82 56 44 84 57 38 53 25 13 76 72 33 93 47 59 65 21 15 11 32 8 37 2 19 5 
1 27 36 70 39 52 40 71 3 91 7 89 58 85 0 79 64 10 16 51 78 50 60 54 28 75 12 90 94 61 86 17 67 35 87 20 45 41 6 9 77 42 68 34 43 46 14 66 81 69 24 23 84 63 29 4 26 30 73 62 55 83 88 38 56 57 13 80 44 74 82 25 72 76 22 92 33 18 48 37 53 47 93 31 65 59 8 11 15 32 2 21 5 19 
78 51 52 36 16 75 7 79 64 71 58 89 70 10 60 85 27 39 17 40 49 91 0 1 20 86 90 28 3 61 94 6 43 54 41 4 45 46 87 12 67 23 42 29 9 34 81 69 68 35 30 66 84 14 77 24 73 26 62 63 88 44 55 83 74 80 25 57 38 56 82 13 33 92 76 22 48 72 18 93 53 31 47 59 37 65 15 11 32 8 2 21 5 19 
52 50 36 75 7 16 71 58 70 27 20 40 39 10 60 89 17 78 79 49 91 64 85 0 43 86 4 1 3 90 94 28 61 54 41 67 45 12 87 6 46 23 29 42 81 68 30 9 35 34 77 14 44 84 69 24 66 73 26 83 88 62 55 74 63 80 25 38 57 56 13 72 82 48 33 92 22 76 18 93 31 53 37 59 47 65 15 11 32 8 2 21 19 5 
36 71 51 7 27 70 40 58 50 16 49 39 89 3 75 91 17 79 0 94 1 85 10 78 60 41 20 90 28 64 45 54 67 86 42 61 43 12 87 4 46 23 6 35 77 29 34 9 81 84 14 30 66 24 26 68 83 69 55 73 88 57 63 44 62 80 56 38 25 74 13 82 92 48 76 22 72 33 18 93 31 53 47 37 65 59 15 8 11 32 2 21 5 19 
9 27 16 85 78 50 64 51 89 58 71 70 60 43 7 10 39 52 75 79 1 49 0 36 40 20 91 3 69 77 46 94 45 86 87 90 42 6 61 41 29 12 4 17 28 81 80 66 35 55 54 83 56 67 14 68 31 30 84 44 73 23 62 33 88 22 34 57 82 25 24 26 48 63 18 92 38 74 76 65 13 72 93 32 47 11 59 37 15 2 21 8 5 19 
36 52 49 70 7 71 40 27 3 58 51 89 16 39 79 10 50 85 78 75 1 0 67 91 60 28 64 90 17 94 20 41 86 23 45 87 35 12 61 6 46 42 43 77 4 29 83 63 9 26 34 68 81 14 73 30 66 84 56 69 62 24 88 38 55 57 80 44 74 92 22 82 13 48 25 72 33 76 47 18 93 8 53 31 59 32 37 65 15 11 2 21 5 19 
35 81 70 40 39 71 52 27 3 58 16 90 7 36 1 89 85 51 0 64 49 10 88 75 79 28 43 42 91 45 78 50 60 86 87 12 94 46 20 6 67 23 61 17 84 22 77 14 29 9 30 41 4 54 82 56 69 57 68 73 63 44 34 83 66 24 26 62 38 93 80 33 74 13 48 76 25 92 72 53 18 11 32 37 47 31 65 15 8 59 2 21 5 19 
28 36 58 39 1 91 52 7 85 49 71 27 70 0 40 89 90 79 51 16 3 22 78 10 50 75 60 64 94 54 87 61 86 30 20 17 6 67 12 63 42 35 77 45 46 41 23 81 9 43 55 66 24 57 73 68 62 26 34 4 76 84 14 69 29 88 83 44 37 82 8 47 13 80 33 38 74 92 11 32 72 2 25 53 48 65 93 18 59 15 31 21 5 19 
36 76 58 52 71 70 89 7 90 39 40 16 60 27 50 91 85 1 45 49 75 78 79 0 51 3 42 46 43 61 64 10 86 28 94 6 20 87 12 17 41 30 35 55 9 81 4 56 54 73 84 67 66 63 29 82 44 77 26 11 23 14 24 34 68 69 88 62 83 33 80 38 74 13 25 22 92 48 47 93 37 72 53 18 65 32 31 2 15 8 59 21 5 19 
7 36 16 52 70 71 39 40 27 89 91 51 1 49 75 85 50 28 0 79 94 78 64 10 90 3 60 86 20 54 41 61 17 87 45 9 12 6 35 77 42 43 67 46 34 81 23 4 84 24 66 14 68 30 29 73 26 83 55 69 88 57 63 56 62 80 44 38 74 13 82 25 22 92 76 48 72 33 18 47 93 37 53 31 65 59 32 15 2 8 11 21 19 5 
50 51 52 36 78 16 75 71 64 58 7 89 10 17 79 85 39 20 91 49 27 0 70 90 1 60 86 40 54 94 61 28 68 3 74 6 67 12 4 23 41 43 46 83 63 45 87 69 56 66 73 24 81 35 42 9 30 29 34 80 82 77 44 14 26 8 88 55 72 57 62 84 48 25 13 38 92 33 22 18 47 76 15 31 37 53 93 11 32 65 2 21 19 5 
10 79 0 86 36 16 51 64 52 50 85 70 7 71 89 39 40 78 49 58 75 27 61 1 91 20 6 90 69 3 28 17 68 45 23 43 54 29 87 94 12 66 41 46 67 4 42 9 62 34 77 24 35 63 81 30 73 26 14 84 83 55 57 13 88 44 38 56 74 80 92 82 25 48 18 33 76 72 22 93 53 31 65 47 37 15 11 59 32 8 2 21 19 5 
6 10 85 0 64 12 36 39 79 60 1 16 89 91 58 52 7 78 51 49 71 50 27 86 70 75 90 40 28 3 20 87 9 43 17 94 45 68 46 66 54 42 23 67 41 24 73 30 84 4 69 34 29 81 35 14 77 26 63 57 62 82 55 56 83 44 13 80 88 92 74 38 76 37 22 48 33 25 18 72 53 93 47 2 65 31 59 11 15 32 8 21 5 19 
10 60 64 85 79 49 28 78 36 50 70 51 89 75 0 90 39 52 71 30 58 16 40 7 1 27 77 91 29 86 20 17 3 6 61 87 41 73 94 23 4 54 67 63 34 45 66 46 35 68 81 9 43 42 69 12 38 88 26 56 25 14 24 74 84 83 55 57 80 13 82 76 22 44 18 72 93 33 92 48 47 53 11 65 8 15 31 32 37 59 2 21 5 19 
0 10 70 39 40 85 1 28 49 64 60 79 73 36 91 78 89 50 52 58 90 71 7 86 16 27 75 51 54 35 87 32 3 17 6 20 61 67 77 30 94 23 81 9 45 68 62 43 12 56 47 34 66 42 46 41 69 55 84 82 24 88 26 29 4 74 57 14 83 76 13 38 44 22 92 8 80 48 25 33 93 18 18 11 53 59 65 15 37 31 2 21 5 19 
79 78 85 10 39 1 89 0 50 91 16 36 49 60 51 70 58 7 52 71 40 90 75 61 27 6 28 86 87 68 9 20 3 12 54 17 43 66 69 30 34 14 94 46 35 23 29 45 81 77 42 67 84 63 73 41 62 24 4 26 55 38 13 83 88 80 57 44 74 56 72 82 92 25 76 33 22 48 18 53 93 47 37 31 65 59 15 11 2 8 32 21 19 5 
10 60 79 85 39 6 78 0 52 50 16 27 7 70 51 71 64 1 36 20 86 43 58 46 89 75 40 90 3 49 91 45 26 14 66 61 84 44 42 34 12 87 81 35 17 28 9 41 56 68 4 94 73 77 88 54 29 38 30 55 80 82 67 24 23 63 93 57 62 33 69 13 92 83 74 22 37 76 53 47 2 18 48 72 25 11 32 31 15 8 59 21 5 19 
39 85 0 91 10 1 60 79 36 64 89 58 49 52 7 70 16 71 50 78 40 27 28 90 86 51 9 61 75 6 3 20 94 17 87 24 54 77 45 68 12 41 42 34 43 69 67 46 35 23 30 63 62 73 29 80 4 56 81 83 2 14 47 57 55 84 33 26 38 13 74 88 18 44 25 82 76 48 92 22 53 65 72 31 93 37 59 32 15 8 11 21 5 19 
23 36 52 71 7 70 40 27 51 49 28 3 58 16 54 50 83 10 75 41 94 17 89 60 90 20 39 0 86 78 85 91 79 1 35 64 45 4 42 77 61 43 81 29 6 87 46 12 30 88 73 63 34 55 9 68 26 22 92 66 62 14 56 24 69 82 74 84 25 80 48 44 57 38 93 13 18 72 33 47 76 31 53 8 59 15 32 37 11 65 2 21 5 19 
64 10 60 39 49 85 0 79 1 16 91 51 36 58 90 89 78 50 70 52 27 28 7 75 71 6 61 86 40 3 20 12 69 17 54 24 87 9 43 23 94 46 29 66 73 67 77 41 30 45 35 34 4 81 63 42 62 14 44 26 55 83 74 72 88 56 13 38 84 82 80 57 18 25 48 92 33 22 76 37 93 47 15 53 65 59 31 8 11 2 32 21 19 5 
60 10 79 64 0 85 50 49 16 89 51 78 36 39 70 94 86 52 71 75 20 1 58 27 91 7 40 90 68 61 43 28 3 6 45 41 17 87 46 4 54 29 42 12 23 77 35 66 9 81 67 63 34 30 62 73 24 55 14 88 26 84 25 44 56 38 57 83 33 13 80 74 53 82 18 22 48 31 92 76 72 93 47 59 15 11 65 37 32 8 2 21 5 19 
40 71 7 36 27 52 58 49 16 39 51 85 0 1 89 10 75 79 3 91 50 94 78 60 64 90 28 20 54 86 41 45 87 67 35 17 77 12 42 9 43 61 6 23 34 46 29 4 14 81 84 63 30 24 55 66 68 26 69 88 73 83 62 57 44 80 38 56 13 74 25 82 72 92 76 48 22 33 18 93 53 47 31 37 65 59 15 32 8 11 2 21 19 5 
52 36 27 70 7 40 58 75 16 51 49 89 39 91 3 78 50 85 94 1 20 0 45 79 10 60 86 90 41 64 28 54 17 67 42 87 77 43 61 35 12 46 6 23 4 29 9 81 84 14 34 30 24 26 66 73 88 83 55 68 69 57 44 63 62 80 56 74 82 25 38 13 72 76 92 48 22 33 18 93 53 31 37 47 65 59 15 32 11 2 8 21 5 19 
51 64 10 75 71 70 36 85 49 78 16 40 89 52 7 39 79 58 68 0 50 20 1 27 60 28 90 91 87 3 86 24 17 43 94 77 54 4 35 13 6 81 46 45 61 9 67 41 44 12 29 14 23 30 34 42 84 73 69 88 62 26 74 55 63 56 66 83 38 80 82 57 37 15 22 25 48 33 93 47 92 76 59 18 53 8 8 2 31 11 21 32 19 5 
39 89 78 1 91 82 27 85 75 71 58 16 28 64 79 70 49 10 63 51 0 52 60 90 50 36 3 7 12 30 6 46 40 43 61 87 45 20 86 42 77 17 54 23 94 67 35 81 62 68 9 41 66 4 34 74 44 69 14 88 84 29 55 56 57 76 83 24 26 47 33 22 80 32 18 13 48 38 72 25 92 93 11 53 65 37 8 31 59 15 2 21 5 19 
75 20 51 50 78 71 16 7 10 52 58 36 70 17 27 64 40 60 89 86 85 39 90 28 0 49 91 79 94 1 23 73 67 3 61 77 6 87 68 30 4 43 46 81 35 63 12 41 54 45 29 34 62 42 9 66 69 88 83 44 55 48 84 14 26 24 82 80 56 38 25 57 22 72 92 13 18 33 47 76 59 93 53 31 32 11 65 15 37 8 2 21 19 5 
51 71 20 16 50 52 36 58 7 70 27 78 40 89 10 85 60 39 64 49 91 86 79 0 43 90 1 17 3 94 4 87 45 28 61 54 6 46 41 12 23 67 42 29 77 81 35 73 84 9 30 14 34 68 44 74 69 88 55 62 24 66 26 63 83 57 82 80 56 25 38 72 13 48 76 33 22 92 18 93 53 31 47 37 65 59 15 32 11 2 8 21 19 5 
57 89 85 78 71 79 36 75 50 52 58 64 30 70 0 91 49 39 60 27 1 7 90 51 61 40 73 16 56 10 12 28 6 46 86 3 63 17 45 42 94 34 20 43 87 9 62 81 41 66 35 84 77 54 68 82 23 4 24 69 55 67 44 26 14 88 11 29 80 13 83 74 33 47 22 38 37 48 53 92 72 32 25 65 18 93 15 2 8 59 31 21 5 19 
9 71 70 58 40 39 52 36 49 7 27 1 90 10 94 89 28 16 85 75 0 51 91 64 41 78 78 3 45 35 60 50 17 17 67 42 87 86 46 43 23 54 30 34 4 81 73 62 6 14 61 12 63 66 68 29 25 83 88 24 69 55 56 84 26 80 74 82 44 38 57 22 13 18 72 53 47 33 76 92 93 48 32 31 65 11 37 8 15 59 2 21 5 19 
50 64 89 85 71 36 16 75 79 39 10 52 51 91 58 1 7 70 27 49 0 60 40 28 90 86 61 87 3 6 20 17 94 45 43 46 12 54 9 42 41 34 81 35 30 67 73 14 68 77 23 4 84 69 29 66 26 62 63 88 24 55 44 74 83 38 57 80 56 82 13 25 33 76 92 72 22 48 18 53 93 47 31 37 65 59 11 32 15 2 8 21 5 19 
85 64 89 39 36 10 60 16 50 1 78 0 52 70 7 49 58 51 71 40 91 27 90 86 6 61 28 75 3 20 87 54 12 17 94 45 43 46 9 68 69 66 35 41 23 34 42 81 29 30 67 77 14 24 4 73 62 84 63 26 55 38 88 83 13 80 57 56 44 82 74 25 76 92 72 22 48 33 18 93 53 47 37 31 65 59 8 15 32 11 2 21 19 5 
36 52 7 58 16 71 51 50 70 79 10 39 85 41 40 89 64 78 49 94 75 90 91 4 1 27 9 20 0 60 81 28 3 17 86 45 46 6 35 25 61 66 87 77 43 23 67 42 84 54 12 30 83 29 34 68 88 62 69 14 24 73 55 22 26 31 18 57 44 56 74 38 48 63 82 53 33 92 13 72 76 93 47 65 59 37 32 2 11 8 15 21 5 19 
35 88 46 39 71 89 36 58 70 16 40 7 90 10 52 28 27 51 78 1 79 85 20 55 75 64 50 84 43 45 91 49 87 0 3 94 42 60 17 86 6 67 14 23 12 4 30 77 41 61 54 34 9 22 73 93 80 44 63 29 82 68 69 83 62 56 26 57 66 24 74 38 33 47 13 76 72 48 25 92 18 53 32 65 31 11 37 59 8 15 2 21 5 19 
45 43 46 73 42 75 44 6 71 90 78 91 3 89 27 28 39 16 61 12 35 10 1 20 58 85 50 70 87 51 52 81 0 60 79 36 4 49 64 7 40 94 86 67 30 23 17 55 41 88 33 77 63 57 68 9 54 84 29 14 62 83 34 24 69 56 66 74 26 93 22 76 80 48 38 13 47 72 25 37 92 53 32 11 65 18 15 31 59 8 2 21 5 19 
23 67 36 52 71 7 70 58 27 40 51 28 49 16 60 3 10 50 54 39 79 90 86 75 91 0 64 85 89 1 1 20 41 92 48 94 17 35 77 61 6 4 42 45 9 81 87 29 12 43 30 46 68 66 73 34 55 14 26 24 80 63 62 88 22 56 69 18 82 74 84 57 31 44 38 25 13 72 53 93 33 47 76 59 8 65 37 15 11 32 2 21 19 5 
87 27 71 70 89 58 40 39 7 14 1 16 52 36 81 78 85 91 75 49 51 64 45 50 0 90 79 10 3 43 46 42 94 35 12 26 60 28 61 20 86 17 6 34 41 54 55 9 88 4 30 13 77 73 67 23 92 29 44 38 63 80 93 57 69 56 68 66 62 22 82 24 83 37 74 76 18 33 72 25 65 53 48 47 2 11 31 32 59 8 15 21 5 19 
79 10 64 39 70 89 16 1 78 36 0 91 49 71 58 52 40 7 27 61 50 60 51 28 75 90 6 86 87 3 20 12 94 9 54 17 45 46 43 66 68 35 30 41 42 77 34 69 14 23 81 29 67 73 84 63 24 4 26 62 55 88 13 56 38 83 57 80 44 82 74 76 25 92 72 33 22 18 48 53 93 47 37 31 65 59 15 8 32 2 11 21 19 5 
60 0 36 10 16 7 71 52 40 51 58 70 79 50 75 85 64 89 78 27 49 39 91 20 61 6 1 90 28 23 17 94 43 41 45 3 67 87 4 42 29 54 69 46 34 68 35 66 81 12 9 77 30 26 63 24 14 55 73 84 83 62 88 92 57 74 44 56 38 80 13 82 25 48 33 72 22 18 76 93 53 31 65 47 37 15 59 8 11 32 2 21 5 19 
84 39 70 16 89 1 27 58 71 40 85 78 7 64 0 52 49 79 75 91 36 10 51 90 45 43 50 60 46 42 94 28 20 3 35 12 86 6 61 81 41 54 9 17 14 77 88 73 4 23 67 30 55 63 34 44 68 29 69 66 26 62 56 82 24 57 83 22 80 74 38 33 13 72 92 93 76 25 48 53 47 18 37 31 65 11 32 8 59 15 2 21 5 19 
35 81 71 70 39 40 90 36 27 89 16 52 3 7 58 45 51 46 10 75 28 55 78 20 49 43 87 1 50 85 91 79 0 94 42 29 64 86 60 67 93 17 14 4 6 23 41 77 84 26 54 12 30 44 61 9 73 34 82 62 68 63 69 38 83 57 24 56 80 22 66 74 33 25 47 72 13 48 92 76 18 53 65 11 31 37 32 15 59 8 2 21 5 19 
36 39 78 58 71 16 79 85 52 7 1 64 27 49 70 91 50 10 40 0 51 75 60 3 90 94 28 61 17 87 86 6 45 54 12 20 9 43 46 35 42 41 14 81 84 67 77 34 66 30 73 68 69 4 29 23 24 88 26 55 62 62 57 44 83 56 38 80 13 82 74 76 33 22 25 72 92 18 48 93 53 37 47 31 65 59 11 32 2 15 8 21 5 19 
36 52 39 10 70 58 71 16 7 91 1 85 64 79 0 0 89 40 27 50 3 49 28 78 60 75 20 17 6 87 94 61 46 86 45 35 43 54 42 12 41 81 77 23 67 34 29 9 30 4 68 14 66 84 88 55 73 26 69 62 63 38 57 24 83 56 44 82 80 74 13 25 92 76 22 33 48 18 93 72 47 53 37 31 11 65 59 8 32 15 2 21 5 19 
1 39 58 36 7 49 85 71 89 16 52 27 64 0 70 28 78 51 79 50 10 90 40 75 61 60 3 6 12 94 86 87 20 17 9 45 54 42 66 34 35 43 46 41 68 14 73 67 77 81 30 84 24 23 4 29 69 26 63 55 88 56 83 57 62 38 80 82 44 13 74 22 76 33 25 37 18 92 48 72 47 93 53 31 65 59 11 2 32 8 15 21 19 5 
23 83 86 10 67 0 60 16 36 52 64 7 70 40 50 58 79 85 51 71 78 90 61 14 89 84 26 26 27 39 1 6 91 75 20 28 54 17 3 87 34 41 18 4 43 46 94 45 12 42 30 48 35 29 9 81 63 68 13 77 56 66 69 22 73 38 55 24 88 80 62 93 57 74 44 82 53 33 25 37 65 76 72 31 47 11 59 32 8 2 15 21 5 19 
35 88 81 45 43 14 46 26 42 10 84 36 16 29 4 90 39 28 51 52 50 89 60 71 0 7 94 70 58 41 40 79 78 78 67 20 17 27 85 23 75 38 64 87 3 91 1 49 55 34 13 6 77 44 82 61 30 69 68 62 9 54 24 63 12 73 92 83 25 57 66 56 80 18 37 74 22 65 33 72 48 47 11 76 53 2 15 31 32 8 59 21 5 19 
36 71 7 52 58 70 40 27 16 41 89 49 39 51 45 75 91 50 3 1 78 85 17 20 28 42 90 79 0 10 60 43 35 67 54 87 77 86 46 64 4 23 69 81 9 61 12 34 84 6 29 30 88 55 14 66 25 24 73 68 26 44 80 83 56 62 63 57 74 82 38 13 22 33 48 93 72 76 92 31 18 53 47 37 32 59 65 8 11 15 2 21 5 19 
