10 39 70 36 60 85 1 1 40 40 40 40 89 7 7 7 7 7 86 71 51 50 27 27 28 61 90 75 6 20 3 3 45 94 9 9 9 9 12 41 41 24 24 24 77 46 46 34 34 34 23 23 23 4 14 14 55 62 62 62 26 88 13 56 44 44 83 38 74 74 82 82 76 33 25 25 25 18 18 93 53 37 37 31 65 32 15 59 11 2 8 21 19 5 
39 91 49 36 36 85 89 64 64 64 7 7 0 10 16 16 16 40 78 28 50 90 3 51 60 87 75 12 12 6 35 9 20 20 45 45 17 42 42 43 43 43 14 14 14 14 41 34 34 34 34 24 63 30 69 29 55 26 4 4 4 62 56 57 38 44 44 44 13 82 37 37 22 22 22 25 25 18 18 92 48 53 93 31 2 2 11 8 8 59 15 21 5 19 
37 66 24 39 1 12 12 6 13 13 49 49 49 91 36 36 0 0 0 0 14 14 7 7 7 7 7 9 9 9 9 9 84 3 3 3 3 3 3 34 34 34 60 42 86 45 45 17 17 17 20 20 20 20 20 20 20 35 29 29 29 55 54 54 54 54 72 72 41 41 93 23 23 23 23 80 4 4 4 4 18 83 83 74 11 25 48 8 8 8 31 32 5 19 
27 27 49 49 71 70 7 40 58 39 39 1 1 10 10 10 12 12 78 78 85 75 75 0 0 0 0 41 54 54 54 54 17 17 46 46 35 35 61 86 86 6 29 4 77 77 23 23 9 9 9 34 34 34 26 30 30 66 66 66 24 24 56 56 63 44 44 82 80 74 13 13 22 22 72 72 48 92 93 18 47 47 37 31 11 65 8 8 8 59 2 21 5 19 
43 51 41 46 45 36 75 20 20 20 7 16 16 16 16 58 10 10 10 10 10 17 17 3 78 78 78 0 0 0 0 23 23 23 39 28 25 25 25 1 35 35 35 29 29 6 6 6 9 9 69 69 62 62 12 12 12 14 14 14 73 73 24 24 26 26 26 74 63 56 33 33 93 48 48 22 92 13 76 18 18 18 65 47 15 15 32 37 11 8 2 21 5 19 
56 2 37 21 24 25 25 80 4 4 53 15 15 15 15 15 9 9 9 9 9 9 9 9 6 6 6 6 6 6 6 6 3 3 3 3 3 3 3 3 3 3 7 7 7 7 7 7 7 7 7 7 7 7 7 7 1 1 1 1 1 1 1 1 1 1 1 1 0 0 0 0 0 0 0 0 8 8 8 8 8 48 48 13 13 13 13 73 14 14 14 14 92 19 
61 10 0 64 79 79 1 1 1 16 16 58 58 58 7 7 7 50 50 50 50 27 27 27 28 28 28 28 28 20 3 87 17 35 35 35 35 35 81 24 24 24 24 24 24 54 9 9 9 9 23 4 4 4 4 55 55 69 84 62 62 57 57 26 56 80 44 83 74 38 37 13 22 22 33 33 48 72 18 25 25 53 65 47 2 11 11 15 59 32 8 21 5 19 
36 58 52 71 40 40 16 16 51 39 91 49 50 50 1 1 75 75 0 0 78 3 3 60 20 20 20 64 64 41 17 45 54 54 61 67 35 35 12 4 4 9 9 9 9 29 29 29 34 30 30 24 14 14 14 26 26 55 55 88 73 57 44 44 56 56 63 38 74 25 13 82 22 22 48 48 48 33 18 31 31 31 37 37 65 59 15 15 11 2 8 21 5 5 
56 63 1 28 28 28 36 36 36 3 3 3 3 3 3 3 0 0 0 0 0 0 0 7 7 7 7 7 7 7 7 7 17 17 27 27 27 27 27 22 22 20 20 20 20 34 34 34 6 6 6 6 45 45 9 46 46 11 11 11 57 57 43 43 14 14 4 24 82 69 32 29 29 29 29 84 80 80 13 13 37 37 15 25 18 18 33 2 2 31 53 21 5 19 
39 77 58 58 1 1 1 1 85 85 40 40 0 0 0 10 10 10 10 10 27 90 50 50 28 28 60 94 61 61 3 3 3 43 43 46 42 17 17 17 86 6 6 12 12 4 4 4 4 14 14 67 67 67 63 23 23 23 23 23 56 56 56 88 44 44 44 26 25 38 13 82 74 76 22 22 22 18 31 92 47 48 93 37 32 65 2 11 11 11 8 21 5 19 
0 85 64 60 79 39 16 16 1 1 36 49 49 49 52 50 7 40 71 91 27 27 58 6 6 6 6 28 20 3 17 68 68 29 29 94 12 12 12 9 9 9 9 9 77 23 23 23 23 23 4 4 30 62 24 24 24 26 55 73 13 84 84 38 38 44 44 57 56 56 72 72 92 25 25 22 22 18 18 76 53 37 37 65 31 15 59 11 11 8 2 21 19 5 
57 56 90 3 1 30 30 73 12 12 12 12 12 12 12 10 10 10 10 10 10 0 0 0 0 0 0 0 0 0 0 0 0 0 42 42 7 7 7 7 7 7 7 7 7 7 35 35 43 43 43 43 23 94 67 67 41 41 14 14 9 9 38 54 54 24 4 4 74 8 8 44 44 83 93 33 33 33 13 32 32 25 72 65 18 48 48 15 2 2 21 31 5 19 
61 3 3 39 1 1 6 52 89 89 16 16 16 16 85 7 7 7 64 64 10 0 0 0 0 40 60 60 28 28 17 17 43 43 43 46 42 42 42 55 55 55 35 35 54 9 24 24 24 24 23 23 23 23 23 23 4 4 4 57 57 26 26 26 63 38 38 37 37 74 74 76 13 22 33 72 25 92 48 48 18 47 2 93 65 11 11 15 59 32 8 21 5 19 
10 0 0 39 39 39 39 14 14 14 89 1 1 1 1 1 1 1 26 26 26 26 71 71 24 24 24 24 61 61 61 61 3 3 17 17 17 17 6 37 37 12 9 9 38 38 30 35 35 35 35 35 54 54 54 42 42 42 23 4 4 4 63 63 63 73 44 44 55 18 88 57 57 2 80 83 25 25 76 22 47 33 33 65 15 53 11 11 31 8 21 32 19 5 
89 1 1 1 1 1 1 16 16 16 16 16 7 7 7 7 7 7 7 7 0 0 0 51 28 28 3 3 50 17 17 17 17 87 6 6 6 6 6 46 13 13 42 42 9 9 9 9 12 12 4 4 29 29 29 23 23 23 73 73 69 69 66 63 18 18 18 18 18 18 56 37 37 82 22 72 72 25 33 65 48 76 53 2 2 31 11 32 59 8 15 21 19 5 
24 10 10 0 0 16 16 16 16 20 20 20 20 20 20 20 20 20 20 20 20 1 1 1 1 1 1 1 1 1 6 6 6 6 6 12 12 12 12 12 4 4 4 43 43 43 43 9 9 9 9 9 9 9 9 56 30 30 30 30 44 44 55 37 74 74 26 13 13 57 38 76 22 93 14 25 2 2 2 2 48 48 8 11 11 11 21 18 18 18 31 32 5 19 
58 7 36 51 52 70 70 89 27 27 27 75 39 39 39 39 10 78 1 1 1 0 0 86 90 28 20 94 3 3 17 17 43 6 6 12 45 46 4 4 4 9 9 9 29 29 42 42 42 24 24 66 69 14 14 14 73 73 55 26 44 57 57 62 62 62 38 38 25 25 13 13 22 22 22 33 33 76 18 18 93 53 37 47 59 65 15 11 11 8 2 21 19 5 
52 51 36 50 7 7 58 58 16 16 16 16 10 10 10 10 39 39 79 79 79 79 3 3 3 0 0 28 28 41 41 67 4 4 4 23 45 45 34 34 34 12 12 12 6 6 6 6 30 68 9 9 26 26 26 26 24 24 24 24 24 55 55 55 38 44 56 56 56 25 82 13 13 33 22 22 72 76 93 18 47 31 31 59 37 65 11 11 15 8 2 21 5 19 
39 10 10 10 0 0 0 0 1 1 1 7 7 7 7 7 7 7 7 7 7 14 14 14 14 40 40 30 83 83 83 17 17 3 3 3 23 23 23 6 20 20 20 20 61 35 35 80 45 45 45 81 13 13 13 13 13 13 13 13 12 4 4 48 24 24 24 63 74 74 74 38 38 25 25 53 53 22 22 76 33 37 47 72 59 65 2 11 32 8 15 21 19 5 
31 94 24 24 24 36 36 36 16 16 16 16 7 7 7 7 7 7 7 0 0 0 0 0 0 0 0 0 10 10 10 10 10 10 10 10 10 10 10 10 10 1 1 1 1 1 1 1 1 1 1 1 1 1 3 3 3 3 2 2 2 2 2 2 14 14 14 14 14 21 21 21 21 21 21 21 30 30 30 30 33 33 33 5 5 84 84 62 62 63 8 8 32 11 
51 75 71 36 7 7 16 58 50 50 40 10 27 17 17 0 0 43 79 3 3 3 3 3 3 91 1 1 1 1 94 28 28 28 46 46 6 6 67 23 23 23 23 23 23 12 12 12 77 68 68 74 9 9 9 9 73 24 24 24 24 26 26 26 63 80 80 38 38 38 25 48 33 13 13 72 92 93 53 53 18 18 47 65 59 37 15 11 11 8 2 21 5 19 
37 2 24 12 29 61 10 10 6 6 6 6 68 1 1 1 1 60 0 0 0 0 0 7 7 7 7 7 7 7 7 7 7 7 7 36 36 36 36 36 36 17 17 17 17 17 15 13 13 13 13 13 9 9 9 9 9 9 9 9 30 30 30 30 30 30 30 42 42 11 14 14 14 14 14 14 4 4 4 4 33 33 34 34 34 18 25 25 8 47 76 5 32 19 
56 81 67 23 58 28 28 7 7 7 7 7 7 7 7 1 1 1 1 1 1 1 1 1 20 20 20 20 20 20 20 0 0 0 0 0 0 0 45 45 6 6 6 6 6 6 83 42 42 42 4 4 9 9 9 80 62 14 14 14 82 68 29 29 66 66 66 26 26 48 24 24 38 33 33 33 13 13 25 32 32 8 18 11 11 11 37 37 15 59 2 21 5 19 
67 83 36 36 28 28 7 7 7 16 16 16 10 10 10 10 79 79 20 20 20 20 20 17 0 0 0 64 89 4 4 3 3 3 3 1 43 43 43 43 43 43 29 29 29 29 29 29 6 55 55 12 12 12 63 22 22 22 22 9 9 9 9 25 14 14 14 14 74 84 44 44 57 38 93 13 18 76 72 31 33 47 47 15 8 8 11 32 65 37 2 21 5 19 
36 36 0 0 16 58 7 7 7 7 7 10 10 10 1 1 1 1 60 60 27 27 28 28 28 75 75 6 6 3 3 3 12 12 12 66 9 41 41 35 35 35 35 35 13 13 13 13 54 4 4 4 4 34 34 63 56 56 73 26 26 26 14 14 14 83 88 72 72 2 2 74 74 74 25 15 76 33 93 92 18 22 22 47 53 65 21 31 59 11 8 32 5 19 
41 4 36 36 51 52 94 7 7 70 70 70 70 58 58 40 40 23 20 20 20 20 20 10 10 10 10 10 10 10 10 10 67 28 28 28 0 0 0 0 0 9 42 42 42 30 30 54 34 34 61 66 66 24 24 38 6 6 88 44 44 14 26 26 74 73 57 57 84 31 56 13 33 33 93 18 53 22 48 48 92 47 76 59 15 11 32 32 65 8 2 21 5 19 
36 52 14 14 14 7 7 28 28 28 28 27 27 27 1 1 1 1 1 1 1 0 0 0 0 0 50 50 75 17 17 20 20 20 38 38 38 54 61 13 13 13 6 6 6 12 12 12 12 42 42 42 4 4 4 4 9 9 9 9 92 63 24 24 24 24 66 66 55 37 44 18 80 74 82 25 72 22 65 76 33 48 2 47 53 11 31 8 15 15 32 21 5 19 
71 52 7 7 36 40 40 58 39 16 51 3 3 1 75 75 85 45 45 50 50 0 0 79 64 60 90 20 20 20 12 12 17 17 43 43 54 35 35 35 46 77 6 6 9 4 4 4 23 30 30 34 73 14 14 55 24 24 24 26 62 62 44 56 63 57 74 80 13 13 13 25 76 22 22 48 18 18 53 53 93 31 37 37 65 59 32 11 11 2 8 21 5 19 
36 58 39 39 52 52 7 1 1 1 70 40 40 0 10 64 3 3 3 3 79 79 89 50 60 75 75 23 23 20 20 20 17 77 6 6 6 30 41 41 41 9 9 42 42 34 34 34 66 29 29 4 4 4 4 26 26 24 55 88 56 56 69 69 57 80 38 74 74 13 13 44 25 48 18 18 18 92 92 33 33 31 37 53 65 8 8 11 11 59 2 21 5 19 
51 10 36 36 36 36 7 7 7 7 16 16 16 20 3 3 3 3 3 0 0 0 0 39 39 39 28 17 1 1 1 41 67 67 43 43 43 4 4 4 4 54 26 26 26 35 35 35 35 35 35 12 12 81 9 9 9 9 14 14 14 25 73 44 44 63 57 57 13 13 56 56 82 48 92 33 33 22 53 18 76 11 11 31 37 47 47 59 21 2 8 32 5 19 
64 36 36 28 28 78 7 7 7 7 7 7 7 7 7 7 27 27 50 50 91 0 0 0 0 0 49 17 3 3 3 3 6 6 6 6 6 6 23 23 23 34 34 34 4 4 4 4 4 41 54 29 56 56 56 66 14 14 14 14 14 24 24 24 26 26 26 26 22 22 80 13 13 25 25 92 48 72 33 47 93 11 37 53 32 31 65 8 59 15 2 21 5 19 
16 36 51 7 7 7 40 40 27 27 27 39 39 39 80 80 9 9 9 9 9 9 9 20 20 0 0 0 0 0 1 1 1 3 3 3 3 4 4 4 4 4 87 18 12 12 12 12 12 35 35 35 35 6 6 54 30 30 14 29 29 29 24 34 34 22 22 26 44 44 44 63 56 56 92 82 38 33 13 72 76 76 47 59 65 37 21 11 2 2 8 8 19 5 
63 73 35 0 0 0 0 47 1 1 28 28 28 28 9 9 9 9 9 9 9 9 9 9 9 9 9 3 3 3 3 3 3 3 3 3 3 17 17 17 17 17 17 17 54 54 34 23 23 23 23 23 4 4 4 4 4 61 61 61 61 69 57 84 68 68 14 44 83 80 8 11 53 33 26 26 26 24 25 38 48 65 65 18 13 13 59 15 15 37 2 21 5 19 
43 46 45 42 50 78 78 51 51 51 51 0 0 0 0 0 0 0 0 0 0 82 7 7 7 7 7 7 7 7 3 3 3 4 4 4 4 61 61 61 6 6 6 6 73 81 9 9 9 55 55 55 54 30 29 29 29 67 67 14 14 24 24 34 62 62 62 26 74 38 25 25 22 22 22 13 65 47 92 72 93 48 18 37 31 11 32 2 59 15 8 21 5 19 
36 52 52 7 7 7 7 7 71 71 71 0 0 0 0 1 1 1 1 1 1 28 17 17 17 60 75 86 3 94 20 20 20 9 9 9 6 6 6 26 26 26 26 26 26 43 43 43 54 67 4 4 4 4 29 29 62 73 24 24 24 63 13 13 56 56 56 80 44 44 44 82 25 25 18 18 47 47 22 48 33 65 37 53 32 2 2 8 11 11 15 21 5 19 
81 88 40 39 39 36 36 1 49 49 7 7 7 7 28 28 28 46 3 3 3 3 3 0 0 0 0 51 51 51 51 43 20 20 20 50 77 77 17 17 41 41 14 9 6 6 4 4 4 12 12 12 61 61 29 29 29 82 44 44 44 44 24 24 24 26 26 22 22 22 38 38 47 33 13 13 72 76 48 92 18 32 53 65 37 31 8 11 15 59 2 21 5 19 
7 52 58 71 40 40 27 51 16 49 39 39 50 91 1 1 0 0 3 3 3 78 28 10 10 10 60 60 20 17 86 54 45 67 61 35 42 4 4 4 4 23 12 34 34 34 29 29 29 24 30 30 26 26 14 14 14 57 57 62 88 55 55 38 56 56 56 44 25 13 13 76 76 48 48 22 22 18 18 93 31 47 37 37 59 65 15 8 2 11 11 21 5 19 
2 24 1 39 12 6 6 91 13 49 58 14 14 7 7 27 27 27 27 27 56 0 0 0 0 0 0 0 3 3 3 3 50 50 68 68 68 60 60 9 9 17 17 20 20 20 20 42 42 21 38 38 38 43 43 43 55 55 55 55 44 44 93 29 29 67 76 76 23 69 69 63 4 4 65 92 22 15 83 74 18 33 80 11 47 25 8 48 59 53 31 32 5 19 
29 36 79 10 39 39 39 39 3 3 3 3 3 3 3 3 3 1 1 1 1 26 26 26 0 0 0 0 0 20 20 14 14 14 12 12 12 12 54 43 43 43 6 35 35 35 35 35 4 4 4 42 42 42 42 42 13 13 13 30 30 30 24 25 63 73 44 44 44 56 56 57 57 82 33 33 72 18 18 48 65 76 53 11 47 2 2 15 8 8 32 21 5 19 
1 91 58 36 7 49 49 49 27 27 0 0 64 64 16 16 16 10 78 51 28 90 50 60 75 3 87 94 9 9 12 12 6 6 17 17 17 43 42 42 42 54 54 54 54 41 24 14 14 30 34 34 55 73 29 29 29 4 4 23 26 62 56 56 38 38 38 38 13 74 74 25 25 22 22 18 18 72 48 48 47 93 53 31 2 2 32 32 11 15 8 21 19 5 
70 7 7 52 52 27 27 49 16 39 0 0 89 1 1 1 3 3 3 3 3 60 91 28 28 28 20 20 35 35 90 45 54 54 17 67 42 42 9 9 46 81 12 6 6 6 6 6 4 4 55 24 14 14 14 30 30 69 26 26 73 83 44 44 44 44 38 38 74 13 25 25 72 22 22 22 22 33 18 18 31 31 53 37 65 32 15 15 8 11 2 21 5 19 
36 52 7 7 70 4 40 40 27 27 45 45 16 3 89 49 50 20 20 0 0 0 0 0 17 17 17 17 28 28 28 28 28 28 28 1 1 1 54 35 25 25 25 29 61 6 6 6 81 12 12 12 12 26 26 26 44 44 44 44 44 14 14 73 55 55 55 63 38 38 74 93 22 22 48 33 13 13 72 53 18 18 47 65 15 37 32 32 11 8 2 21 5 19 
45 43 46 27 27 52 36 36 36 7 7 7 7 94 3 3 3 3 4 4 4 1 1 1 1 1 35 35 16 16 16 0 0 0 10 10 10 17 17 81 82 67 67 9 9 84 6 6 6 23 23 23 23 57 30 30 33 14 14 14 69 56 24 24 24 24 26 26 80 93 25 38 38 22 76 13 92 48 53 53 18 18 65 37 31 31 11 59 8 15 2 21 5 19 
46 45 42 44 4 51 75 20 16 16 16 16 10 10 10 10 10 10 10 10 40 40 0 0 0 0 0 3 3 3 1 1 1 1 1 41 35 35 17 82 12 12 12 33 6 6 6 77 77 77 23 23 23 14 14 14 54 30 34 34 34 66 24 24 62 26 26 26 83 25 25 25 74 22 13 13 72 48 48 53 18 31 31 65 32 32 11 59 15 2 2 21 5 19 
43 46 45 42 4 4 75 52 16 16 16 36 7 7 7 27 39 39 39 39 10 10 10 10 10 0 0 0 0 1 1 1 1 1 41 41 41 17 17 17 68 12 12 6 6 6 9 9 9 9 9 29 29 23 23 23 24 24 54 14 14 34 26 26 62 62 62 66 80 72 13 25 25 38 38 47 22 76 65 53 92 48 37 18 31 15 15 11 32 2 8 21 5 19 
42 43 46 27 27 52 36 7 7 40 40 41 41 41 41 4 4 3 3 3 3 0 0 0 0 1 1 1 1 20 20 20 20 10 10 86 64 64 17 17 17 77 12 12 9 6 6 6 84 55 54 23 23 23 14 14 30 30 30 34 66 66 24 24 24 62 80 56 56 25 25 38 22 22 76 13 72 48 48 92 18 18 65 31 37 11 32 15 59 8 2 21 5 19 
43 45 42 4 4 51 51 81 36 36 36 16 16 16 16 16 16 3 3 3 3 3 3 3 3 35 20 20 41 41 41 0 0 0 0 0 60 17 28 82 82 88 6 6 9 61 61 23 23 23 23 23 23 33 14 14 57 57 57 29 29 26 26 26 26 63 24 24 83 22 22 38 38 25 76 72 13 92 48 48 18 47 65 32 31 37 11 15 59 8 2 21 5 19 
63 1 1 35 39 58 58 81 36 36 36 7 7 7 7 7 7 7 7 28 27 27 27 27 0 0 0 0 0 0 16 16 16 16 34 9 9 9 9 54 42 42 42 42 42 42 6 6 6 6 6 6 6 32 62 62 41 23 23 23 55 55 4 4 4 4 4 4 26 76 13 13 13 22 33 25 8 8 38 11 2 2 2 48 18 18 37 53 53 31 15 21 5 19 
83 23 36 36 36 10 10 10 10 7 7 7 7 0 0 0 0 0 0 0 17 17 17 17 17 17 27 27 39 39 39 39 1 3 4 4 4 6 6 41 29 29 29 29 30 30 30 35 35 35 35 77 77 66 12 9 34 31 31 31 55 55 55 18 18 14 24 24 24 26 84 44 44 44 38 13 25 25 72 72 33 93 47 59 21 21 8 8 11 11 32 2 19 5 
1 27 27 70 39 39 52 71 7 7 3 3 3 3 0 10 10 64 64 78 51 50 50 28 75 90 94 12 54 17 17 17 17 17 17 67 41 9 9 77 42 42 42 6 6 6 66 81 14 14 14 14 4 4 73 63 63 30 26 55 62 83 83 38 38 38 80 13 13 74 25 25 72 72 33 22 22 22 18 37 53 47 93 31 65 32 2 8 8 8 8 21 5 19 
51 78 52 36 16 75 7 58 58 58 64 64 64 10 10 27 27 27 91 0 0 17 17 1 20 86 90 28 94 3 4 4 41 41 41 6 6 6 12 42 42 23 23 23 81 69 9 35 35 30 34 34 77 24 24 62 14 44 44 44 44 44 25 25 25 26 57 38 38 56 82 33 13 76 22 48 48 48 18 53 93 31 47 47 37 65 15 11 11 8 2 21 5 19 
52 50 36 75 16 7 71 58 27 20 20 10 10 10 17 17 17 60 91 0 0 0 0 64 86 90 4 43 3 1 28 28 41 61 29 29 29 67 87 12 54 23 23 6 81 35 35 30 9 9 24 24 66 66 34 14 73 84 55 55 55 55 26 74 74 25 25 38 38 56 13 13 82 48 33 92 22 22 18 93 31 31 47 37 37 65 15 11 11 2 8 21 5 5 
36 71 7 7 27 70 58 40 16 16 49 89 39 3 3 17 17 17 17 1 1 1 10 10 0 60 28 28 20 45 45 64 54 67 42 43 43 12 35 35 23 4 4 6 6 9 9 9 9 30 66 24 26 26 69 14 14 14 88 55 73 44 62 62 57 56 56 25 25 25 13 82 72 48 48 48 22 33 18 93 53 31 47 37 59 65 15 8 8 2 32 21 5 19 
9 27 50 16 16 16 16 16 16 0 0 0 0 0 0 0 0 39 39 39 39 39 20 20 20 20 36 36 69 69 69 3 3 3 41 41 41 41 6 6 29 28 28 4 4 4 35 35 35 66 23 23 23 23 23 23 23 23 23 14 14 33 33 33 33 34 22 22 24 24 24 63 26 18 48 48 38 74 76 65 13 72 93 32 47 11 37 59 15 2 2 8 5 19 
36 52 7 7 7 49 49 27 27 3 51 89 16 16 16 16 10 1 1 1 1 1 1 0 0 0 0 0 17 17 41 41 23 86 35 87 45 61 6 6 42 42 12 12 4 4 4 4 4 4 63 26 26 30 14 14 73 56 62 62 88 24 24 55 38 57 57 57 44 22 22 48 48 13 13 13 33 76 47 18 93 8 53 59 31 37 32 65 15 11 2 21 5 19 
35 40 40 39 39 71 27 27 90 0 0 0 0 0 0 3 1 1 1 1 1 1 1 1 1 28 28 28 28 12 12 12 12 12 12 12 60 60 20 6 17 17 17 61 9 9 9 9 14 14 14 14 4 4 4 54 44 44 44 44 68 63 34 34 24 24 24 26 38 80 33 74 93 13 25 48 48 48 53 92 18 11 47 37 31 31 65 8 8 59 2 21 5 19 
36 36 28 28 28 28 1 1 1 1 1 1 1 1 0 0 3 3 3 3 10 10 10 10 10 10 10 60 60 20 20 20 20 20 20 20 20 17 17 6 6 6 6 6 6 6 23 23 23 23 55 55 55 24 24 24 24 4 69 26 26 26 83 83 14 14 14 44 82 8 8 47 33 33 11 11 11 38 32 92 72 2 2 25 65 53 18 93 59 15 31 21 5 19 
36 76 7 7 7 7 16 16 16 16 40 40 40 40 40 40 40 40 40 1 1 1 1 1 0 0 0 0 0 0 43 43 61 61 61 6 6 6 12 12 41 30 30 30 30 4 4 4 73 66 66 54 54 23 23 23 23 23 23 23 14 14 14 14 11 11 11 34 33 83 80 38 13 25 25 22 92 47 37 48 48 48 53 18 65 32 31 8 2 15 59 21 5 19 
7 16 36 52 70 70 39 40 27 89 91 51 1 49 49 49 0 0 0 28 28 78 64 3 3 90 20 60 60 17 41 45 45 9 9 54 12 6 6 6 6 77 67 67 46 4 4 4 30 30 24 24 68 29 14 73 73 69 26 55 83 56 56 56 62 63 44 38 38 13 13 13 22 76 33 33 33 92 18 47 37 31 31 31 65 59 15 15 11 8 2 21 5 19 
50 51 16 16 16 16 36 7 7 7 7 7 7 7 20 20 20 20 20 20 20 20 0 0 0 0 28 28 28 28 28 28 61 61 3 3 3 4 4 4 4 4 4 4 35 35 35 35 35 35 9 9 9 9 9 9 9 24 24 34 44 44 44 8 8 26 26 14 72 57 57 84 13 25 25 18 18 18 22 22 76 47 15 31 31 11 11 11 32 2 65 21 19 5 
10 0 0 86 36 16 16 16 7 7 7 7 70 70 70 40 40 39 39 75 27 58 1 90 90 20 69 28 28 3 3 17 17 29 29 29 23 23 23 23 12 4 4 4 42 42 42 9 77 62 24 24 24 34 81 63 73 14 14 26 55 55 55 55 13 44 38 56 25 25 25 82 48 48 33 33 18 22 22 93 53 31 65 47 15 11 11 59 8 8 2 21 5 5 
6 10 10 0 12 64 16 16 16 39 39 89 1 7 7 7 7 7 78 27 49 49 49 49 75 75 40 40 3 28 20 87 17 9 9 9 9 24 24 41 41 41 54 42 42 23 23 23 4 4 4 4 35 35 34 34 14 14 14 14 14 14 56 56 44 13 13 13 13 74 38 22 22 22 33 92 48 25 25 18 53 53 47 2 65 31 11 15 15 32 8 21 5 19 
10 64 60 85 28 28 28 0 0 0 0 0 0 0 0 49 52 52 1 1 1 1 1 1 7 7 7 7 20 20 17 17 3 3 3 4 4 4 4 4 4 54 35 35 35 35 9 9 9 9 9 9 9 9 63 12 12 12 25 25 25 24 24 24 14 14 14 14 84 82 13 76 44 22 18 18 93 33 33 92 48 53 11 65 8 8 8 37 31 59 2 21 5 19 
0 10 1 1 70 39 39 73 28 28 28 40 40 89 36 36 78 86 86 16 16 16 16 16 7 7 51 51 17 17 17 17 17 3 3 3 61 77 6 23 30 30 30 9 9 9 43 56 46 46 46 12 12 12 41 41 24 24 24 24 4 4 82 26 26 26 84 14 83 76 44 13 13 38 38 8 48 48 25 25 11 11 11 11 53 53 65 37 15 31 2 21 5 19 
79 10 78 39 39 1 89 0 36 16 16 16 49 60 70 71 7 7 7 52 27 27 75 75 28 61 6 86 86 9 3 3 3 12 17 17 30 43 43 43 46 46 77 29 29 29 29 29 14 23 23 42 4 4 41 41 73 73 63 55 26 13 13 83 83 44 44 57 57 56 72 25 25 25 22 22 33 18 48 53 47 93 37 31 65 59 11 11 2 8 8 21 5 5 
10 60 0 0 0 0 0 0 7 7 7 7 1 1 1 1 1 1 1 1 1 36 36 36 36 14 14 14 14 14 3 3 3 3 3 3 3 3 12 12 44 84 17 17 17 17 41 56 56 9 4 94 88 77 30 38 38 55 82 24 24 24 23 23 23 23 80 33 33 63 13 13 74 37 22 22 2 2 2 2 53 48 48 18 11 11 32 15 15 8 59 21 5 19 
0 0 60 60 60 60 60 1 1 1 1 49 7 7 16 16 16 27 27 51 40 40 40 28 28 86 9 61 75 3 3 17 20 20 24 24 24 12 12 12 12 12 12 35 35 35 35 23 23 23 23 46 46 46 46 63 4 4 4 56 55 55 2 2 14 26 26 26 38 38 88 13 82 18 18 18 76 48 22 92 65 31 31 31 37 93 59 32 8 15 11 21 5 19 
23 36 52 71 7 40 40 40 27 27 28 3 3 3 50 83 10 10 10 17 17 17 20 0 0 0 0 0 86 1 1 1 1 35 35 4 64 45 42 29 81 43 43 43 43 87 6 6 12 12 63 55 55 22 22 9 9 9 9 26 26 26 24 24 14 14 25 44 44 48 48 48 57 38 13 93 72 18 33 47 47 31 8 8 15 15 11 11 37 37 2 21 5 19 
10 64 60 39 0 0 0 79 1 1 1 1 1 1 36 58 50 50 50 28 28 7 7 7 40 71 71 61 3 3 3 12 12 69 54 24 9 9 9 9 23 23 23 23 23 41 41 41 41 41 4 4 4 4 63 44 44 42 14 14 72 72 72 38 38 38 38 13 84 82 57 57 48 25 18 18 22 22 33 93 37 47 15 65 53 53 8 8 11 2 32 21 5 5 
60 10 10 0 0 85 50 16 36 36 36 36 51 51 51 51 39 39 20 20 20 1 7 7 7 7 40 90 68 3 3 3 17 17 17 41 41 41 6 4 4 12 12 9 9 9 9 9 54 81 30 30 30 73 63 24 24 24 14 14 14 84 56 25 25 25 38 33 33 74 13 13 82 18 18 18 22 22 76 92 72 93 47 59 37 15 15 32 11 8 2 21 5 19 
40 71 7 7 27 27 58 49 16 39 0 85 51 51 1 10 79 50 50 3 3 3 78 64 60 60 28 86 20 20 45 45 17 17 54 9 9 9 67 43 12 46 46 4 4 4 4 29 29 24 30 14 55 55 55 68 26 26 26 63 73 83 62 57 44 44 38 38 13 13 25 72 72 76 22 22 22 33 18 93 47 47 31 37 65 15 15 59 8 8 2 21 5 5 
52 27 27 27 7 40 58 75 16 51 49 39 89 78 78 3 3 3 20 20 1 79 45 0 10 10 64 60 86 86 41 17 42 87 35 67 43 43 43 12 46 61 4 4 4 4 6 6 14 14 14 24 24 24 88 55 55 26 68 69 69 57 44 44 44 80 63 63 25 25 25 13 13 76 33 22 22 92 18 93 53 31 37 37 65 59 15 11 11 2 8 21 5 19 
51 10 64 64 64 36 36 36 36 36 7 7 7 40 40 40 40 0 0 0 0 0 20 90 27 27 27 27 3 3 3 17 4 4 24 46 46 46 9 9 9 9 6 6 6 81 12 12 12 12 14 23 23 23 23 34 73 84 62 62 26 55 69 56 56 63 63 83 57 57 38 82 15 25 37 22 33 33 92 76 76 47 59 53 2 2 8 8 31 11 32 21 19 5 
82 1 1 1 1 1 27 27 75 75 49 16 16 16 51 51 51 51 51 10 0 0 0 0 0 36 36 36 36 6 6 6 6 6 6 20 20 20 20 20 17 17 35 35 35 62 62 54 23 23 9 9 4 4 34 34 34 34 34 14 14 14 14 57 57 57 24 26 26 47 33 22 32 80 13 38 18 18 48 48 25 11 11 53 37 8 8 15 15 15 2 21 5 19 
75 20 50 50 78 10 10 10 10 7 7 7 7 27 27 27 27 27 39 39 0 0 0 0 0 0 0 0 94 1 3 3 23 23 23 23 23 23 23 6 6 4 4 35 35 35 35 12 12 29 29 29 29 42 9 9 69 69 69 44 44 24 24 82 14 14 14 56 56 22 22 25 13 57 57 92 33 33 18 47 93 59 32 32 65 31 11 15 37 8 2 21 5 5 
51 71 16 36 36 20 20 20 20 27 7 7 40 89 10 10 10 39 64 49 49 0 86 79 43 1 1 1 3 3 28 28 4 45 46 46 12 23 23 23 23 6 6 6 35 35 35 9 30 30 73 69 84 34 34 14 14 14 55 55 24 66 26 26 26 57 56 56 56 25 38 38 72 13 13 13 22 92 18 53 53 31 47 37 37 37 15 15 11 2 8 21 5 19 
57 85 36 36 36 0 0 0 0 0 30 30 30 30 30 30 30 1 1 1 1 1 40 40 40 40 16 16 12 12 12 3 3 3 3 17 17 17 17 17 17 94 9 9 9 20 20 20 35 35 23 23 23 23 84 4 4 54 24 67 67 55 44 26 14 14 29 11 11 80 13 22 22 22 47 37 38 53 48 92 72 32 25 18 65 93 2 2 8 31 31 21 5 19 
9 70 70 40 58 27 27 27 27 1 1 1 10 10 10 10 0 0 0 16 64 64 41 41 41 51 51 3 3 3 17 17 17 20 42 42 43 43 43 4 4 4 4 54 34 34 34 34 6 14 14 14 63 12 12 12 12 56 56 56 56 24 24 80 80 26 26 44 82 38 38 22 13 18 18 33 33 53 76 48 92 92 31 31 37 11 65 8 15 59 2 21 5 19 
50 89 64 85 36 75 39 39 16 16 10 10 10 58 91 1 1 1 1 1 60 0 40 28 3 3 3 17 17 20 20 20 43 43 6 6 6 12 9 54 77 30 30 30 30 4 4 4 4 4 4 4 14 14 14 84 62 24 26 63 63 55 44 44 38 38 38 83 56 82 13 25 33 33 33 22 92 48 18 53 53 47 31 31 59 65 11 32 15 2 8 21 5 19 
85 64 89 10 10 16 16 16 1 0 0 0 0 0 0 7 49 49 40 40 91 27 90 86 28 28 61 6 3 3 87 17 17 43 43 43 43 12 9 9 9 9 68 23 23 23 23 23 30 30 29 29 24 14 73 4 62 62 62 55 55 26 26 80 13 13 13 56 56 74 25 25 25 33 33 22 22 22 18 93 53 31 31 37 65 59 32 8 8 2 11 21 5 5 
36 52 52 7 7 16 16 16 16 50 50 50 50 40 40 40 40 40 1 1 1 1 1 1 1 1 20 20 20 0 0 0 0 17 45 45 45 45 6 23 23 23 23 23 23 23 42 67 84 12 12 30 29 29 29 29 68 68 14 14 55 22 24 24 24 24 44 74 56 56 18 38 48 53 53 53 33 92 13 93 72 72 47 65 59 37 11 32 8 2 15 21 5 19 
35 88 46 39 36 36 36 36 7 7 7 7 7 7 10 10 10 1 1 1 1 1 1 43 20 20 20 20 20 20 20 55 0 3 94 84 42 17 17 86 6 67 12 12 12 12 4 4 4 54 54 9 9 22 22 44 44 44 29 29 69 69 69 56 56 56 57 66 24 24 74 38 47 33 76 13 13 13 92 48 18 32 53 31 65 37 11 8 8 8 2 21 5 19 
73 45 43 43 42 6 44 44 3 3 3 3 3 3 3 3 3 3 3 1 1 1 1 1 1 1 1 0 0 0 0 0 0 0 0 0 0 7 7 7 7 7 67 67 17 17 17 17 17 33 23 23 77 57 68 9 29 29 29 29 34 34 14 14 14 24 74 74 76 22 26 93 80 38 13 25 25 25 47 47 11 11 11 65 32 18 15 59 31 2 8 21 5 19 
23 67 36 52 7 71 51 51 58 49 10 10 10 10 10 10 3 3 3 3 54 54 54 54 54 54 20 20 20 20 20 20 0 0 0 0 77 77 4 4 9 9 9 9 45 45 6 6 6 6 6 6 12 12 34 34 14 14 14 14 14 14 22 22 22 69 69 74 18 31 31 31 84 25 25 38 13 13 13 93 33 33 33 59 8 65 15 11 11 32 2 21 19 5 
87 14 14 14 14 14 58 58 58 1 1 1 7 36 36 49 49 49 49 49 50 50 51 0 0 0 45 45 3 3 3 42 35 35 35 35 12 12 20 20 20 34 6 6 41 9 9 9 4 4 4 54 77 23 23 23 23 23 23 38 38 38 38 63 63 56 56 56 22 22 82 24 37 74 74 76 18 72 33 25 65 48 48 47 2 11 31 32 59 8 15 21 5 19 
79 10 39 1 1 1 1 1 16 16 0 0 0 0 52 71 7 7 7 50 50 50 28 61 61 61 86 3 3 87 94 9 9 9 17 17 46 46 35 35 35 35 30 30 77 42 42 42 23 23 24 14 14 14 4 4 4 62 84 55 26 88 56 56 13 13 38 38 44 74 74 82 72 25 22 22 18 18 18 53 53 47 31 31 65 59 32 2 11 11 8 21 5 19 
60 0 16 7 10 10 10 10 36 40 40 58 50 50 50 50 78 64 64 27 20 20 20 20 1 28 28 28 6 6 6 6 3 3 3 23 23 23 67 4 4 35 35 46 68 34 34 34 81 12 12 12 12 55 55 55 9 14 83 83 83 26 26 57 57 44 44 92 38 80 80 13 25 48 33 22 22 76 18 18 53 31 65 47 37 15 59 8 11 32 2 21 5 19 
39 70 16 1 1 1 1 7 7 7 7 78 78 78 78 0 0 0 0 0 0 45 45 45 43 43 50 50 20 20 28 28 28 3 3 81 81 12 12 6 41 9 9 77 54 30 88 4 4 14 23 23 23 29 29 34 34 34 34 34 56 56 26 26 24 24 22 22 74 74 38 13 33 33 76 76 93 25 48 47 47 18 31 31 31 11 32 8 8 2 15 21 5 19 
35 81 71 39 39 39 16 16 16 16 3 3 3 7 7 7 7 20 20 20 20 1 1 1 1 1 1 28 28 28 0 0 0 0 0 42 42 17 17 17 67 4 4 4 4 6 6 6 12 12 54 26 26 9 9 9 9 34 34 34 34 63 69 38 38 38 24 24 24 74 66 22 33 25 47 47 13 48 92 76 18 53 65 11 11 37 15 15 59 8 2 21 5 19 
36 39 39 39 16 79 71 52 1 1 1 1 1 7 64 91 10 10 10 10 0 75 60 90 3 17 94 28 28 45 45 45 12 12 9 9 9 9 9 9 6 6 81 77 14 14 68 30 34 34 34 69 69 24 4 4 4 55 88 62 26 26 44 44 38 38 38 38 13 13 82 76 22 22 22 22 92 48 18 18 47 37 37 31 65 59 2 11 11 11 8 21 5 19 
36 16 16 52 7 7 71 10 10 10 51 51 1 1 1 27 0 0 3 3 3 50 50 28 78 20 20 17 17 46 46 6 6 6 6 6 6 41 41 77 61 12 23 23 23 23 9 9 29 4 4 14 14 55 55 62 62 84 73 26 24 38 38 38 56 56 44 80 82 74 25 13 76 76 22 22 72 48 18 93 47 53 11 11 11 65 8 8 32 15 2 21 5 19 
39 1 36 36 7 16 49 49 27 27 89 52 64 78 0 0 0 51 50 10 10 40 90 75 60 3 61 87 87 9 9 9 20 6 6 45 42 42 41 41 41 34 34 34 34 81 77 67 67 24 14 14 69 84 23 4 4 26 55 55 55 55 55 57 83 44 44 38 38 74 13 33 22 22 22 18 18 48 48 92 47 53 93 31 65 11 11 2 2 8 15 21 19 5 
23 83 86 0 0 0 60 16 16 16 7 7 7 7 14 14 14 14 14 14 14 26 26 26 26 26 26 1 1 17 17 17 17 17 17 3 3 3 3 3 18 18 18 4 4 30 42 42 42 42 13 29 29 29 29 29 63 9 9 9 22 22 66 66 38 38 38 93 24 24 24 74 80 57 44 82 53 25 33 72 72 37 31 65 47 11 11 8 8 15 2 21 5 19 
35 88 81 14 14 14 10 10 10 10 36 36 52 4 4 4 4 4 4 4 4 4 0 0 0 0 0 0 0 7 7 7 7 7 7 7 7 7 7 7 7 7 1 1 1 1 1 91 13 34 34 6 77 44 44 68 61 62 30 9 9 54 54 12 12 12 63 83 18 18 57 25 74 66 37 37 22 65 33 72 48 47 11 11 53 15 2 31 32 8 8 21 5 19 
36 7 71 52 52 70 27 27 16 41 51 39 49 49 45 75 50 50 28 28 1 1 1 1 1 1 42 0 0 0 87 35 35 43 43 43 4 4 67 67 54 69 81 9 9 12 12 29 29 29 6 6 6 55 44 14 14 14 14 14 26 26 26 26 57 57 56 63 74 82 38 13 13 13 33 76 93 72 31 31 92 18 47 37 32 32 65 11 8 15 2 21 5 19 
