63 10 39 36 70 64 60 85 1 40 79 49 7 52 58 16 91 61 89 86 71 6 51 24 78 27 50 90 28 75 29 3 66 9 41 20 87 69 12 43 45 68 4 94 34 54 77 35 25 17 46 42 23 67 38 14 73 13 80 55 26 81 62 56 84 44 88 30 83 82 57 33 72 53 92 37 31 93 18 74 76 48 47 2 22 15 65 32 59 21 11 8 5 19 
39 91 49 58 0 36 85 89 64 70 7 27 79 71 37 52 16 10 78 40 3 28 12 90 24 61 9 50 51 6 60 87 75 66 94 35 45 14 41 29 86 42 77 20 54 68 43 63 46 17 34 38 73 69 84 80 4 25 81 67 88 26 56 55 23 13 30 2 44 62 83 82 57 47 33 72 53 31 18 93 74 22 92 76 48 65 15 59 11 32 21 8 5 19 
37 66 1 39 0 24 9 91 64 49 89 61 56 56 13 12 36 79 70 58 14 6 27 26 78 7 71 52 10 40 34 84 16 28 3 90 87 50 51 77 60 68 94 42 38 75 45 29 43 35 35 69 47 46 41 30 20 55 17 57 21 80 44 81 33 63 54 62 65 72 93 88 4 67 18 25 82 23 73 53 76 83 92 22 15 74 5 31 8 48 11 59 32 19 
27 49 36 52 71 70 7 40 12 41 58 1 39 89 51 54 16 0 90 10 91 28 29 45 78 94 85 50 75 79 20 64 42 4 60 46 67 17 43 38 61 35 24 6 87 77 14 9 25 88 86 23 34 26 80 81 68 66 84 73 69 55 44 56 83 63 62 30 82 72 57 13 33 37 53 31 93 47 18 74 92 22 48 65 76 15 2 21 11 59 32 8 5 19 
43 51 75 41 46 45 20 36 52 71 50 7 16 44 42 70 25 29 58 40 27 10 90 60 78 17 86 94 23 89 0 67 49 85 79 3 39 64 91 28 87 61 6 77 54 80 24 88 81 35 9 12 14 69 34 82 38 1 68 84 62 33 26 73 30 66 72 93 83 56 55 63 31 57 53 74 13 48 92 18 22 65 37 47 15 76 59 32 21 11 5 8 2 19 
56 41 36 52 94 25 24 7 58 37 71 4 70 51 40 80 50 9 77 16 29 49 21 90 67 75 66 27 89 23 20 78 28 61 91 85 39 79 10 54 45 69 60 0 86 17 42 64 26 38 12 68 53 6 46 83 57 62 43 55 31 44 3 34 22 33 35 30 87 88 48 14 13 81 1 72 47 15 82 76 93 18 59 74 84 65 63 2 11 73 92 8 19 32 
61 0 10 1 64 85 79 39 60 16 91 89 36 78 12 58 7 52 4 71 50 90 51 86 49 70 3 27 75 40 28 29 20 24 87 46 41 43 68 45 66 73 80 9 17 69 63 35 42 94 14 34 81 23 54 30 77 62 38 82 67 88 56 84 25 37 26 44 55 33 13 83 57 53 72 93 92 31 18 74 76 47 22 65 48 2 15 11 59 32 21 5 8 19 
36 58 52 70 71 40 27 16 51 41 39 94 91 89 49 50 75 79 85 0 10 1 78 20 60 86 64 3 25 90 28 29 45 4 24 54 17 61 67 12 42 87 23 43 9 77 35 46 80 34 66 81 84 38 14 6 26 88 69 63 56 68 83 44 30 55 73 62 31 57 13 37 72 82 53 74 33 93 18 92 48 47 22 76 65 15 59 21 32 2 11 8 5 19 
7 0 1 4 3 6 2 5 56 63 28 54 49 90 47 36 39 79 91 64 85 10 67 70 37 89 52 40 58 23 35 73 86 24 68 60 71 50 16 61 78 87 17 77 94 51 27 12 41 83 62 20 66 59 9 81 22 34 15 72 30 42 75 45 82 11 26 29 88 46 55 69 38 57 14 25 21 80 43 13 44 74 84 32 92 76 93 48 31 18 33 65 53 19 
39 77 58 70 1 64 89 36 7 0 85 91 49 40 71 78 10 16 52 24 79 66 27 90 61 50 51 28 94 60 4 41 75 87 45 3 42 43 34 46 35 29 12 86 14 20 68 69 25 80 54 6 53 17 81 38 56 84 44 67 63 88 55 30 23 62 26 13 37 73 33 83 57 82 72 47 31 18 93 2 74 22 92 48 76 65 15 32 59 21 5 11 19 8 
0 85 64 60 79 39 16 61 36 70 89 51 52 78 49 29 50 40 7 71 86 90 58 27 91 75 28 1 20 6 24 63 41 68 66 69 4 12 17 43 3 87 54 23 46 34 25 13 14 38 45 77 94 35 62 67 80 9 73 81 42 26 30 88 55 44 84 56 83 72 82 33 93 18 53 74 92 57 31 37 48 47 22 65 76 15 59 21 11 32 2 5 19 8 
10 7 0 1 4 3 9 6 5 2 57 56 90 63 30 12 91 76 73 60 49 39 64 28 89 78 87 51 71 50 70 52 61 79 27 36 16 85 35 55 81 75 58 77 62 29 20 42 40 17 82 86 88 46 67 45 43 23 68 84 69 47 37 74 94 14 54 41 22 26 24 44 38 34 66 25 83 33 93 72 80 13 92 53 32 18 65 21 48 15 8 59 31 19 
3 1 7 10 27 0 39 61 49 6 52 58 71 91 16 89 70 36 51 85 64 78 4 79 50 40 75 90 9 60 24 87 28 43 45 20 29 46 42 41 94 17 73 68 84 54 37 86 38 81 35 80 14 66 55 67 44 69 23 56 25 77 82 88 30 63 34 26 33 62 83 53 13 57 31 72 2 22 76 74 47 93 92 65 18 48 15 21 5 59 32 11 19 8 
10 24 64 85 60 39 79 14 36 70 49 89 0 51 16 26 52 40 29 78 91 71 58 38 50 61 37 34 27 7 28 90 75 84 86 66 69 94 68 1 25 41 77 20 62 43 17 87 72 45 93 63 54 56 23 44 35 42 80 67 9 46 4 18 30 81 55 92 88 3 73 6 33 33 57 53 82 47 65 74 31 12 48 15 76 22 2 21 59 32 5 19 11 8 
10 89 39 70 71 84 49 1 36 7 64 16 85 91 78 52 58 26 27 40 51 13 79 90 35 75 0 50 38 45 43 87 34 29 28 3 4 46 41 77 20 24 42 94 88 60 81 17 93 9 86 61 37 54 80 44 68 69 6 25 66 55 67 30 23 56 73 72 18 62 63 92 12 82 33 83 53 57 65 31 47 22 74 48 2 76 15 59 21 32 5 19 11 8 
10 0 24 60 7 29 4 51 64 36 86 70 68 49 75 50 52 71 20 79 28 23 16 78 85 90 39 27 89 13 40 41 58 67 69 61 91 43 17 66 63 82 72 3 45 46 54 62 25 1 44 94 88 35 73 77 87 42 56 81 34 38 83 9 30 14 26 55 80 57 37 6 74 93 33 76 47 22 84 48 59 92 12 31 53 21 18 65 32 5 2 19 8 11 
58 7 36 52 71 51 70 40 89 27 50 75 85 39 79 78 91 10 64 60 49 41 0 86 90 94 20 29 61 28 24 25 1 87 4 43 45 17 46 3 23 54 67 42 80 77 66 68 69 35 73 6 81 9 34 84 38 44 14 88 63 30 31 12 55 26 83 13 56 62 82 72 57 33 53 74 93 37 92 18 48 22 47 76 65 59 15 21 32 2 5 19 11 8 
52 51 50 7 36 16 71 10 89 27 58 70 4 75 20 41 40 49 94 78 90 29 39 91 3 79 0 85 60 25 67 28 64 1 54 23 86 34 45 43 24 46 61 42 38 14 77 35 80 81 87 30 68 6 9 26 88 69 63 63 13 44 62 73 83 12 84 56 55 74 82 72 93 31 33 57 48 53 47 18 92 37 22 76 15 65 59 32 21 2 5 19 11 8 
60 39 36 25 85 64 79 28 29 91 77 49 52 78 90 70 71 24 58 51 89 80 50 66 27 69 30 68 26 34 75 86 40 83 23 92 41 38 62 61 10 94 73 20 67 63 31 45 93 35 46 16 42 84 43 81 87 88 7 0 54 48 14 13 37 55 53 82 56 44 74 1 4 72 57 47 33 9 65 3 17 22 6 21 76 59 32 12 15 19 2 5 11 8 
48 31 36 94 24 72 58 52 80 51 39 79 71 91 70 25 20 28 85 23 50 41 40 75 66 59 64 90 60 27 89 49 69 78 61 83 68 29 67 86 38 44 74 35 77 45 43 26 81 54 55 34 46 88 53 87 42 22 56 37 82 30 92 84 33 93 62 47 21 73 63 57 65 76 32 18 16 7 13 10 0 4 5 14 15 17 1 9 3 6 12 2 8 11 
75 51 36 71 4 52 7 16 70 10 50 58 27 29 40 43 41 60 90 78 0 45 46 39 79 89 86 64 49 85 17 94 91 3 25 23 42 61 28 67 54 87 44 1 81 80 24 35 88 77 69 6 38 14 68 34 66 73 74 30 26 9 62 83 63 84 82 19 55 56 12 18 13 33 72 31 48 93 53 57 92 22 47 65 37 76 15 59 21 32 2 5 11 8 
19 37 24 29 10 16 27 18 69 48 64 60 39 68 51 61 49 85 56 91 78 70 50 31 79 52 89 71 7 40 87 58 75 13 36 88 86 94 83 90 53 43 0 28 55 23 66 20 38 35 77 45 67 22 81 26 44 80 72 3 46 4 25 42 41 1 33 82 93 74 54 62 30 63 84 14 92 34 73 9 65 12 5 17 15 57 59 47 2 6 76 32 11 8 
19 16 7 10 20 4 0 1 18 3 14 9 17 6 13 12 56 81 21 23 67 55 58 36 89 91 39 51 15 52 87 61 71 50 70 80 28 40 78 35 85 27 49 79 75 64 94 90 46 41 60 83 77 45 43 54 88 86 84 42 30 29 5 69 62 24 53 25 73 63 68 82 2 44 66 31 48 34 92 26 33 74 38 37 57 72 93 47 32 76 65 59 11 8 
67 52 7 83 16 36 51 28 29 10 71 41 70 4 25 60 50 75 58 20 40 86 90 27 79 0 85 64 78 94 49 17 89 54 91 39 61 77 24 3 45 43 35 42 80 81 46 1 87 18 92 73 30 88 19 68 69 63 62 55 66 34 56 82 38 6 26 48 31 9 13 14 93 44 74 84 12 72 57 33 53 47 15 76 37 65 59 21 22 32 5 2 11 8 
39 36 58 70 0 16 49 91 85 52 7 71 10 89 79 64 51 40 60 1 66 50 27 78 61 28 90 75 86 29 41 94 25 68 9 77 13 69 45 34 3 43 4 54 20 63 42 56 38 87 67 46 80 35 37 17 62 6 23 14 26 18 30 44 81 19 83 55 88 12 72 73 84 57 33 82 31 53 93 47 92 74 48 76 15 65 2 59 21 32 5 22 11 8 
36 51 52 41 50 71 70 75 29 7 16 58 40 94 60 78 4 77 27 79 67 49 64 85 89 90 39 86 91 28 10 45 80 62 69 23 24 43 20 54 61 42 0 66 34 30 17 46 38 68 87 73 88 63 35 3 44 18 81 26 1 83 31 55 84 56 74 82 72 9 93 19 13 33 53 57 14 47 48 37 6 92 12 59 76 65 32 15 21 5 2 22 11 8 
36 14 10 7 52 71 70 16 28 49 78 85 40 29 58 13 38 27 39 0 89 91 64 51 25 79 41 90 34 50 84 3 24 60 4 75 1 20 86 18 54 94 61 45 87 67 17 19 46 37 42 93 77 23 68 43 35 69 88 56 80 9 66 81 30 92 62 63 6 83 44 73 57 55 72 12 82 65 33 31 53 74 47 48 76 2 15 21 59 32 5 22 11 8 
71 52 7 36 70 49 40 58 16 3 39 51 41 89 45 91 75 94 1 10 85 50 78 0 20 79 42 25 29 60 64 54 90 24 4 43 87 67 17 28 12 61 46 86 77 35 9 23 14 84 6 73 66 80 81 44 88 26 69 68 34 55 13 56 63 83 18 38 30 62 19 82 53 57 31 33 37 72 74 93 47 48 76 92 65 15 21 2 59 32 22 5 11 8 
36 58 16 7 39 10 91 85 0 70 52 1 71 40 49 64 89 90 79 78 3 23 25 27 24 51 29 50 41 94 67 75 61 60 35 20 4 77 63 17 86 54 34 9 81 26 66 87 6 38 14 68 45 56 88 73 62 30 18 46 42 80 13 83 43 55 12 19 69 82 84 31 93 44 72 57 37 47 74 48 53 33 92 76 15 65 21 2 59 32 22 5 11 8 
51 52 60 36 71 70 10 41 25 75 16 50 40 7 64 85 79 58 90 20 78 39 86 49 89 27 4 0 94 91 67 45 61 43 38 3 23 24 54 28 69 46 42 80 77 87 68 62 88 66 17 34 1 35 44 81 30 83 73 14 63 6 26 13 55 84 56 18 93 82 72 9 31 53 33 57 19 74 12 92 48 37 47 65 76 59 15 21 32 2 5 22 11 8 
25 16 10 29 7 28 24 0 20 4 18 27 23 1 17 3 36 85 64 19 6 9 14 70 90 51 89 52 78 71 58 79 13 39 26 91 75 50 62 40 49 61 73 77 60 12 41 94 46 86 81 63 35 87 34 43 67 45 42 56 80 68 88 66 54 69 38 82 55 57 44 84 83 76 15 47 74 33 33 93 21 53 31 48 37 92 2 22 65 5 32 59 11 8 
36 51 58 52 50 70 71 40 94 89 75 78 16 83 79 80 41 39 91 49 85 60 64 86 90 67 43 87 61 69 45 48 35 7 25 81 46 19 88 66 54 42 77 29 53 68 55 44 82 38 34 84 73 10 18 20 62 4 72 28 63 23 27 93 24 33 0 56 74 57 92 1 3 17 47 37 9 65 14 59 76 26 13 6 12 21 32 30 15 5 22 2 11 8 
19 25 0 16 10 31 7 29 4 18 20 24 9 28 1 27 23 3 14 17 13 6 26 12 15 30 21 5 22 2 63 11 73 35 77 47 55 81 39 56 90 46 58 8 70 40 49 94 43 91 89 87 64 79 42 85 45 71 36 52 60 78 75 51 41 88 61 50 82 69 86 67 54 66 34 53 68 80 44 57 62 84 33 74 83 76 93 38 65 92 48 72 37 59 
43 4 16 10 46 29 25 20 7 45 24 44 0 42 19 31 27 1 9 3 14 17 78 50 89 6 82 51 13 39 75 18 23 91 28 60 85 70 71 64 58 52 12 79 87 40 26 36 49 90 94 61 69 66 86 35 41 81 88 73 77 53 55 80 68 54 84 56 57 67 34 30 21 38 62 63 15 65 72 93 83 37 47 74 2 76 92 48 5 59 22 11 8 32 
10 7 70 36 49 0 16 40 29 58 25 24 52 39 91 28 38 90 79 71 85 64 89 1 14 41 17 78 27 4 9 50 51 26 3 13 20 75 77 60 94 35 18 86 61 31 66 23 45 54 84 42 19 87 46 6 63 80 43 68 81 67 62 69 88 93 12 47 73 55 56 44 83 72 37 82 30 92 57 74 53 65 76 48 15 2 33 21 59 5 22 11 8 32 
81 88 7 40 39 16 10 70 1 27 36 71 28 49 0 29 3 58 45 52 14 20 89 89 4 94 46 25 42 24 41 55 91 85 43 79 31 87 77 9 17 23 64 51 78 34 67 75 93 50 86 60 19 6 18 54 63 84 26 80 82 13 44 61 38 73 12 69 83 66 68 56 47 62 30 57 72 33 53 74 37 15 48 92 21 65 76 2 22 59 5 11 8 32 
7 52 58 71 40 70 41 51 27 16 94 49 39 89 50 91 79 25 85 54 78 75 60 0 10 3 64 90 29 1 86 67 20 24 4 61 28 45 42 17 43 80 66 46 77 38 87 9 23 81 69 31 68 34 63 56 83 6 88 35 84 26 14 44 62 55 73 12 13 57 18 72 37 19 82 93 53 74 48 92 47 76 30 65 59 33 15 2 21 5 22 11 8 32 
1 2 24 36 13 7 14 16 39 26 19 10 0 29 91 27 12 9 25 18 6 28 3 49 31 61 58 21 20 34 89 4 85 17 64 71 70 52 79 56 78 84 35 23 40 50 51 90 75 38 68 66 94 87 60 15 45 42 77 86 43 5 46 41 54 69 30 55 72 81 57 44 93 88 63 33 80 82 73 62 67 65 76 53 92 47 83 74 22 59 48 11 8 32 
36 79 29 49 64 10 39 90 52 85 70 58 51 89 78 40 16 50 60 7 41 91 3 71 25 0 24 34 14 61 54 1 28 68 75 26 86 94 4 66 20 13 46 43 84 69 17 45 77 87 27 67 80 62 42 81 88 93 18 31 63 19 9 23 55 44 72 56 6 73 83 12 92 35 82 57 65 74 53 47 48 30 76 59 37 15 21 33 2 5 22 11 8 32 
1 91 36 58 7 89 49 70 16 85 0 27 71 10 64 52 79 40 24 78 51 28 50 90 60 9 61 29 75 94 3 87 45 25 66 41 20 77 6 42 38 86 43 14 35 46 68 12 54 63 4 81 17 73 69 13 80 88 84 31 34 55 67 56 18 23 26 44 62 19 83 82 57 37 47 72 53 93 30 74 2 76 92 48 33 65 15 21 59 22 5 11 8 32 
70 36 7 52 71 58 27 16 49 41 51 39 94 0 10 89 85 75 79 29 50 3 60 25 1 64 86 20 91 45 54 78 90 24 67 4 28 87 42 77 43 35 17 61 9 46 23 38 34 63 31 81 84 80 66 14 88 55 6 69 56 26 13 68 44 83 73 12 62 18 19 57 72 82 53 74 93 92 47 30 48 76 65 33 15 37 21 59 2 5 22 11 8 32 
36 52 7 71 70 40 27 58 4 25 94 16 45 29 51 49 3 67 20 50 10 89 75 42 90 54 77 46 39 0 78 91 60 85 43 86 79 17 23 24 28 87 1 80 38 64 61 31 9 88 34 66 35 81 69 44 14 26 83 84 56 62 68 6 73 63 18 19 82 13 55 93 12 57 72 53 92 74 48 47 30 65 76 33 15 59 5 21 37 2 22 11 8 32 
45 43 46 4 36 27 41 7 40 71 16 44 39 29 52 3 70 20 25 10 94 0 58 1 24 89 87 35 90 51 78 49 9 91 75 50 28 17 14 85 82 23 31 79 60 38 86 88 64 81 77 84 6 61 34 12 67 26 19 18 55 33 54 13 73 80 66 69 57 93 56 63 83 68 62 53 30 72 47 15 92 74 65 48 76 21 37 2 5 59 22 11 8 32 
45 46 44 4 42 16 51 20 36 75 7 27 29 10 40 41 52 71 39 0 25 70 82 58 87 89 50 78 3 90 24 1 94 60 85 49 79 14 64 33 91 31 86 17 9 81 88 35 61 38 23 84 6 28 77 69 12 73 55 67 13 80 19 54 18 26 34 68 66 93 53 63 57 72 56 62 83 30 74 48 65 92 47 15 76 21 37 59 2 22 5 11 8 32 
43 46 4 45 42 16 36 51 20 29 75 7 10 27 25 41 40 39 52 71 0 50 24 89 78 82 58 70 87 3 31 94 90 1 85 60 19 79 14 33 17 88 91 49 81 9 64 38 61 86 13 28 23 35 84 73 69 68 77 6 55 12 18 67 26 80 54 57 66 34 72 93 56 53 63 62 47 83 74 65 15 30 76 48 21 92 59 37 2 5 22 11 8 32 
42 43 46 4 27 41 36 71 7 52 44 40 16 70 39 29 94 20 58 3 89 10 25 0 51 75 87 49 1 78 90 82 24 91 50 35 85 60 79 14 88 77 9 17 28 81 86 31 84 64 23 38 61 54 67 6 12 55 80 73 26 69 19 34 33 18 13 66 93 57 63 68 56 83 62 53 72 30 47 74 65 92 48 15 76 21 37 2 59 5 22 11 8 32 
43 45 42 4 44 36 16 41 20 10 7 27 29 39 40 3 81 0 71 52 25 89 51 90 78 1 58 70 82 24 75 35 50 87 85 14 17 79 88 38 94 28 9 31 49 91 6 60 64 23 33 84 61 86 77 12 26 19 18 34 80 73 54 69 13 67 55 93 68 66 57 56 63 53 62 30 83 72 74 47 65 15 92 76 48 21 37 2 22 59 5 11 8 32 
39 36 25 19 1 7 16 24 40 29 10 28 0 31 35 41 27 34 9 18 3 38 20 13 4 17 23 14 44 45 26 6 43 42 63 46 12 30 66 58 73 15 70 91 77 89 85 49 2 64 90 79 52 81 71 78 21 33 94 87 88 50 61 67 51 54 56 75 62 60 37 80 68 82 5 86 69 55 84 57 83 93 72 74 76 22 65 53 92 48 59 11 8 32 
83 31 19 51 75 52 60 67 71 86 70 50 58 94 36 64 79 78 85 90 49 61 29 91 80 16 23 89 10 54 20 25 7 69 18 87 66 92 68 81 4 74 0 40 88 77 24 63 55 73 41 53 62 27 82 39 56 28 17 38 72 84 57 93 1 43 3 13 9 26 21 76 45 65 14 6 59 34 35 44 46 42 12 30 15 33 5 22 2 37 47 11 8 32 
36 1 27 70 40 39 52 71 3 7 91 89 58 10 16 85 0 64 79 51 24 78 50 41 60 54 29 94 90 25 75 28 61 38 9 20 67 86 77 34 87 68 12 17 4 66 45 14 69 35 63 6 31 43 23 13 80 26 42 81 73 84 62 88 18 55 46 56 83 19 72 57 48 44 82 53 30 74 37 93 92 76 33 65 15 2 21 59 47 22 5 11 8 32 
51 78 52 36 16 7 75 79 64 71 25 58 89 10 70 60 85 29 40 39 91 4 27 0 49 20 17 90 41 86 24 61 1 94 28 3 54 67 23 31 87 69 43 38 80 66 45 6 9 68 81 14 46 63 77 73 84 88 62 34 12 26 13 42 55 44 18 83 35 56 19 82 57 48 74 72 53 93 30 92 76 33 59 65 15 21 37 2 22 5 47 11 8 32 
52 50 36 75 7 16 4 71 58 70 20 27 40 25 29 10 89 60 78 79 39 64 91 85 17 41 0 49 86 90 94 61 43 24 67 3 54 1 87 23 28 80 31 45 69 68 77 38 81 66 44 73 88 6 63 14 9 84 46 12 62 72 83 55 13 42 56 26 34 18 48 74 35 82 19 57 53 93 92 30 76 65 59 33 15 21 37 2 22 5 47 11 8 32 
36 71 51 7 27 70 40 58 41 16 50 49 89 94 39 75 25 91 29 3 79 10 85 78 17 0 60 20 67 90 4 54 64 86 1 24 45 61 28 23 77 87 80 43 66 38 42 31 9 81 69 83 12 14 68 84 6 46 88 34 63 56 26 35 55 73 62 13 57 18 44 19 48 72 82 53 74 93 92 30 76 65 59 33 15 37 21 2 5 22 47 11 8 32 
16 29 31 51 36 10 52 9 7 25 27 50 19 39 0 40 24 4 49 20 41 43 1 78 18 85 64 89 71 58 75 70 60 3 79 69 45 48 91 14 61 87 38 94 46 13 77 86 90 23 44 6 28 66 17 80 42 56 26 12 81 84 68 55 67 88 35 34 54 83 82 62 33 73 21 57 92 63 65 72 93 74 30 76 15 5 59 2 37 22 47 11 32 8 
36 52 7 49 40 41 51 27 3 16 10 70 71 29 39 50 58 0 25 20 4 89 1 28 24 79 17 38 85 23 78 67 75 94 91 60 64 90 31 45 26 14 9 86 61 34 43 19 35 87 6 13 77 48 46 18 42 12 68 83 66 63 80 69 56 73 81 44 88 62 84 55 72 30 57 82 53 92 15 74 33 93 21 65 76 37 59 2 5 22 47 11 8 32 
40 36 52 16 39 51 7 10 0 35 29 27 49 50 25 1 28 24 70 81 31 20 3 43 45 4 71 23 41 19 88 38 42 58 14 64 85 9 90 89 75 79 78 91 94 46 60 17 18 87 86 13 6 44 12 48 67 77 26 34 61 84 69 63 56 54 82 68 66 80 73 53 57 93 83 30 62 33 21 15 72 22 74 76 37 92 65 2 5 59 47 11 8 32 
36 52 7 24 39 40 16 51 10 28 29 0 41 49 27 1 25 50 20 4 3 9 23 19 13 26 38 14 31 6 17 45 18 54 43 35 12 46 42 48 34 44 55 58 53 30 70 37 5 2 71 21 91 85 15 90 22 33 89 61 79 94 60 75 78 64 77 86 67 66 87 81 68 47 63 69 62 57 83 84 80 88 73 76 82 74 72 92 65 11 93 8 59 32 
36 52 7 16 51 40 29 50 39 24 0 10 25 49 41 27 4 1 45 19 20 31 28 3 43 9 38 42 46 17 26 14 23 18 44 13 6 76 58 71 35 35 70 89 90 34 60 85 91 12 78 75 79 54 61 55 64 94 86 30 53 87 33 66 15 81 63 67 69 82 77 73 84 68 62 88 80 37 21 2 83 5 56 93 72 92 74 65 47 22 11 59 8 32 
7 36 16 52 70 71 39 40 27 89 51 91 94 1 41 75 50 85 49 79 0 24 78 10 28 64 90 25 60 29 20 86 3 61 9 4 87 77 17 45 67 66 80 31 38 43 54 23 81 6 84 34 14 68 42 12 35 73 69 63 88 46 83 26 13 62 18 19 44 82 72 48 55 74 93 30 92 76 53 37 65 57 33 56 15 59 2 21 22 47 5 11 8 32 
19 51 25 36 50 31 52 16 29 24 10 7 4 58 18 20 39 78 41 0 48 38 49 75 40 71 64 17 89 13 27 79 91 23 85 90 70 60 94 1 61 28 86 68 67 3 14 83 9 80 74 26 66 69 63 87 15 43 81 44 54 54 45 73 34 77 88 21 6 72 46 62 84 35 12 42 53 92 93 76 55 5 65 33 30 2 37 57 22 47 56 8 11 32 
10 36 79 0 29 16 86 51 69 64 52 7 50 85 70 71 89 78 40 75 58 61 39 25 49 27 90 24 91 20 68 66 1 41 4 6 23 87 94 3 63 28 38 13 62 67 17 45 43 73 31 77 80 9 18 81 54 83 26 14 88 46 12 34 84 42 48 19 82 35 44 92 72 93 74 55 76 53 30 65 15 33 57 21 37 59 56 2 22 5 47 11 8 32 
10 0 36 6 16 85 60 52 7 51 58 39 1 64 50 49 79 89 91 29 24 27 78 40 71 12 28 86 70 75 25 20 41 90 4 3 9 38 66 31 23 87 17 43 13 68 69 45 45 80 34 14 63 26 73 18 84 67 19 46 54 42 62 48 81 77 44 82 35 83 88 30 53 37 92 55 72 76 74 33 93 57 15 65 2 21 59 56 22 5 47 11 8 32 
25 10 29 60 36 51 52 16 50 28 24 49 0 7 58 41 39 4 40 38 20 64 85 79 18 27 23 1 13 77 78 70 89 31 61 90 3 17 75 71 19 9 6 34 91 14 66 86 26 30 73 94 63 87 68 80 69 45 43 67 48 35 54 46 88 81 42 12 44 82 83 72 84 74 15 53 93 55 76 33 21 92 57 65 37 2 59 5 47 22 56 11 8 32 
0 10 36 39 60 40 16 49 52 51 7 28 1 58 24 25 29 50 27 20 61 41 23 38 4 3 18 6 17 35 34 9 70 31 13 19 64 85 43 45 54 14 26 79 91 73 62 48 89 90 12 46 42 71 86 30 78 55 44 75 77 87 15 47 67 66 69 68 94 81 53 57 33 82 21 59 88 80 84 83 37 2 74 76 93 56 22 72 92 5 65 11 32 8 
78 10 79 85 39 36 0 89 50 16 1 51 60 91 49 7 58 52 70 29 40 90 71 24 75 27 68 61 25 9 86 28 6 38 87 69 66 20 3 4 14 13 41 80 94 77 17 23 73 31 34 43 12 81 67 26 84 18 54 45 35 88 72 46 62 42 19 83 48 82 44 55 30 63 74 92 53 93 76 65 33 15 37 2 21 57 59 56 47 22 5 11 8 32 
19 10 29 36 38 16 51 60 52 7 14 24 20 0 31 4 39 58 50 18 25 64 26 41 13 40 49 27 1 43 3 45 44 6 61 34 9 28 48 46 17 23 42 35 12 53 79 78 85 54 71 90 70 86 89 75 91 33 84 66 21 87 62 81 55 68 15 88 80 93 2 94 69 77 82 73 37 30 67 92 83 59 5 72 57 74 76 63 47 22 56 11 8 32 
24 36 10 39 0 60 85 91 64 79 52 16 58 1 89 7 49 29 70 9 51 71 40 25 50 78 90 86 27 28 61 41 69 38 75 94 68 20 77 31 18 13 4 3 87 6 80 19 2 34 67 23 17 45 14 73 43 26 83 62 48 81 54 42 84 88 12 46 35 82 44 53 72 74 92 93 55 33 76 30 15 63 37 21 57 47 59 65 5 56 22 11 8 32 
23 36 52 7 41 51 40 71 25 29 70 27 16 49 58 28 10 4 50 83 3 94 20 60 75 17 0 90 89 39 24 31 86 78 64 91 85 54 79 77 1 35 38 45 81 88 48 61 43 19 66 26 18 87 80 42 73 9 14 68 34 69 82 13 6 92 46 93 12 44 55 62 84 74 72 30 53 15 63 76 33 21 22 59 57 56 5 37 2 47 65 11 8 32 
64 10 60 36 16 39 0 49 85 24 29 51 79 69 91 52 58 90 89 78 1 50 25 7 70 71 75 38 28 27 86 40 4 20 66 61 41 3 18 13 6 9 31 23 77 87 17 94 19 73 14 80 26 67 34 43 72 81 12 54 88 48 83 45 44 82 46 62 35 84 74 42 93 92 15 55 30 53 76 21 63 33 37 59 2 57 65 5 56 22 47 11 8 32 
60 10 79 64 85 29 0 36 16 25 51 89 78 50 52 68 49 39 24 70 86 71 75 91 7 94 58 90 40 20 27 41 4 1 66 31 38 87 61 18 77 13 9 3 43 28 23 19 80 45 81 6 17 88 73 14 26 67 46 84 48 34 82 42 44 54 83 35 12 93 53 62 72 92 74 55 33 76 30 15 21 63 57 59 37 2 5 65 22 56 47 11 8 32 
40 36 71 7 52 27 58 16 49 51 39 41 85 89 0 10 94 75 29 79 91 25 1 50 78 3 90 60 24 64 77 20 86 28 87 4 45 9 67 17 54 34 23 80 35 14 43 38 81 42 61 31 84 66 88 69 12 6 73 26 13 68 46 83 18 72 55 44 19 82 48 62 74 63 93 30 92 76 53 33 57 15 37 56 21 2 59 47 65 5 22 11 8 32 
52 36 70 27 7 40 58 75 16 41 51 89 49 94 39 91 78 77 50 85 29 3 25 10 20 45 79 0 60 90 1 4 86 24 64 28 67 17 87 42 23 54 43 61 9 80 14 81 84 35 88 31 66 46 38 6 69 12 73 26 83 34 68 13 18 72 44 82 19 48 55 74 93 62 30 76 92 53 63 33 57 15 37 56 21 59 2 5 65 22 47 11 8 32 
75 51 78 89 85 36 10 71 29 79 70 16 90 91 77 64 19 87 52 24 25 7 4 86 94 58 40 20 49 50 13 39 31 0 60 81 80 38 41 88 68 84 14 27 1 73 3 28 82 83 17 43 74 69 23 9 18 26 67 93 44 34 61 45 66 48 6 54 92 35 46 12 42 62 76 15 55 21 30 53 37 33 59 2 57 5 63 65 47 22 56 11 8 32 
16 10 39 51 71 36 58 70 60 64 52 29 25 27 0 7 1 50 49 28 40 20 4 82 41 3 24 23 61 43 6 68 45 18 31 69 85 89 67 17 46 75 78 12 91 66 19 14 79 38 72 42 9 44 35 90 62 63 13 54 48 30 26 87 86 34 77 94 55 81 33 88 80 15 53 84 83 74 57 47 76 93 21 59 37 65 2 92 22 5 56 11 8 32 
51 75 20 25 16 36 50 10 29 7 52 71 19 78 70 58 40 60 4 31 64 89 39 86 85 27 17 90 0 23 91 24 79 48 94 41 49 18 28 72 77 38 68 67 87 81 1 69 80 66 3 61 88 13 43 82 83 9 14 26 6 45 34 44 35 84 62 46 54 93 12 42 92 30 73 15 21 55 59 76 53 33 63 37 57 5 2 65 22 47 56 11 8 32 
51 71 20 16 36 50 52 4 7 70 58 78 27 25 29 40 10 89 60 85 39 64 41 91 0 86 79 43 49 90 94 24 17 87 1 3 45 23 28 61 77 31 69 72 67 44 14 80 6 81 46 9 68 38 84 88 54 42 66 12 82 34 74 13 26 35 48 18 83 19 62 73 55 93 30 76 53 92 33 15 63 57 59 21 37 56 2 65 22 5 47 11 8 32 
36 52 71 51 16 70 7 58 60 50 0 10 75 64 19 39 40 49 24 27 25 57 61 29 1 20 28 31 41 4 66 69 17 68 13 6 9 18 3 23 38 72 48 26 45 43 34 12 14 67 46 30 44 62 42 35 74 54 15 73 53 55 33 63 37 2 21 59 5 89 85 79 78 65 91 90 56 47 86 22 87 81 94 82 77 84 11 80 88 83 92 93 8 32 
71 70 9 25 36 58 52 41 40 7 39 10 16 49 29 51 27 24 0 28 75 94 4 1 90 64 60 3 89 85 45 20 50 91 78 79 23 14 67 18 35 38 17 66 34 72 31 69 87 43 68 42 13 86 88 62 81 19 46 80 26 61 54 6 44 83 48 82 84 30 12 12 55 53 73 93 63 33 15 92 21 2 37 57 56 47 5 59 22 65 76 11 8 32 
50 64 89 36 16 71 85 10 51 52 75 39 79 7 70 58 91 60 49 27 0 1 29 25 40 90 24 28 20 41 86 4 3 87 61 94 9 17 38 69 6 45 43 14 66 31 68 46 23 80 26 81 12 67 34 54 42 13 72 88 84 77 18 35 44 82 19 62 83 48 74 73 55 30 93 53 92 33 63 15 57 37 21 59 2 56 65 22 47 5 76 11 8 32 
85 64 36 10 16 89 60 39 50 52 7 70 0 51 78 58 49 1 71 40 91 29 90 24 27 86 25 75 61 28 69 38 20 6 41 66 87 94 3 4 9 68 80 17 23 13 31 14 45 43 54 81 34 12 67 77 26 46 18 35 88 84 72 42 19 83 62 48 44 82 55 73 30 93 92 63 74 53 33 15 57 37 2 21 59 56 65 22 47 5 76 11 8 32 
36 16 52 7 85 51 29 25 89 58 70 90 71 10 91 81 94 50 79 41 39 40 64 4 31 20 78 75 84 49 60 0 86 27 87 24 1 88 28 3 18 17 23 83 38 61 19 9 66 6 14 45 69 67 43 77 68 46 48 82 72 35 34 26 13 93 92 54 42 12 62 44 74 53 30 55 73 33 15 21 59 22 57 5 63 37 2 65 47 56 76 11 8 32 
35 88 36 16 7 71 70 80 10 52 39 51 58 40 46 29 20 50 4 28 79 75 64 27 78 41 49 43 45 25 0 1 60 31 89 90 3 14 24 84 23 17 38 67 55 85 87 91 42 94 69 77 9 19 44 61 6 93 72 18 34 86 68 26 66 13 12 48 82 54 62 74 83 30 53 33 73 15 22 63 21 92 57 59 37 65 47 2 56 5 76 11 8 32 
43 45 46 4 16 29 10 75 42 71 51 73 25 44 36 20 70 58 52 41 31 60 78 39 50 7 0 28 27 79 24 40 23 64 80 19 49 1 3 61 35 6 67 69 81 68 17 72 18 38 14 77 9 90 12 48 66 88 33 91 87 89 85 13 26 34 86 94 74 55 62 54 30 93 15 53 84 83 21 63 57 59 37 65 2 92 22 47 5 56 76 11 8 32 
23 36 67 52 31 7 29 71 51 70 16 58 48 41 40 25 10 60 90 27 86 49 80 50 28 91 85 89 24 20 18 94 0 79 4 75 39 64 19 92 3 78 1 17 87 38 66 54 88 68 69 61 9 72 77 26 35 45 14 43 13 6 42 34 81 84 93 46 74 12 44 62 55 53 21 30 15 82 73 59 33 63 57 22 5 2 37 56 65 47 76 11 8 32 
87 71 16 14 36 70 7 58 40 52 27 39 51 80 75 50 10 1 78 29 49 64 45 0 41 38 26 79 4 89 43 81 13 60 3 25 20 24 46 91 61 85 31 42 94 28 34 90 9 18 35 19 17 72 12 69 88 6 44 86 66 23 93 77 68 67 54 55 83 48 92 53 37 62 74 30 33 82 2 73 21 57 15 65 63 59 22 56 5 47 76 11 8 32 
79 10 64 16 36 70 39 89 0 78 91 71 52 58 1 49 7 51 40 60 50 27 61 29 24 28 90 75 25 86 66 87 6 9 41 94 69 20 3 80 38 68 4 14 13 17 23 45 31 43 12 34 77 26 54 46 67 72 18 88 35 42 83 19 62 81 84 44 48 73 55 30 63 93 74 53 92 82 33 37 57 15 2 21 56 59 65 47 22 5 76 11 8 32 
60 36 10 16 0 7 52 51 71 70 58 40 29 50 79 75 85 89 64 25 78 41 20 24 91 49 4 39 27 90 61 23 69 94 1 6 28 66 87 31 80 17 67 43 38 68 45 3 88 83 9 13 26 14 34 18 72 42 48 19 77 35 54 46 92 81 44 93 12 62 74 55 84 73 63 30 53 82 15 33 57 21 59 37 56 65 2 5 22 47 76 11 8 32 
16 70 39 58 71 36 7 40 27 52 85 51 10 64 84 0 78 1 79 75 49 29 45 41 89 50 60 43 4 20 91 25 3 86 24 90 28 80 14 42 9 46 31 94 61 35 69 38 6 72 66 77 23 44 12 17 81 88 68 26 67 13 34 54 19 18 83 48 55 62 73 53 74 74 30 93 33 63 92 21 15 57 37 2 59 22 65 56 47 5 76 11 8 32 
35 81 29 36 71 70 16 40 52 7 51 39 58 10 4 20 25 41 45 75 27 90 78 50 43 3 28 80 85 46 49 14 89 79 0 94 93 31 86 60 1 64 24 38 91 67 23 42 87 77 17 69 44 19 55 9 72 26 18 34 6 83 68 84 61 66 13 48 12 54 82 62 74 30 53 33 73 15 21 92 63 57 37 59 65 47 2 22 5 56 76 11 8 32 
36 58 16 39 71 78 52 7 79 85 70 64 10 49 27 51 50 1 91 40 0 60 75 24 94 29 41 90 3 25 86 61 9 28 17 20 45 14 80 4 66 6 69 38 87 43 31 46 54 68 12 42 35 67 77 13 34 23 26 72 81 88 18 84 44 83 19 62 73 48 55 30 74 93 53 33 63 92 82 37 57 15 2 21 59 56 22 65 47 5 76 11 8 32 
36 52 16 10 70 7 58 71 51 39 29 85 64 0 79 50 40 91 60 89 1 49 41 27 25 20 75 78 28 3 4 24 38 80 94 86 17 23 45 61 9 9 43 6 66 77 14 46 67 35 69 34 87 31 42 88 26 54 81 18 12 83 13 72 19 44 84 48 62 55 30 93 74 73 92 82 63 53 33 57 15 37 21 56 59 2 65 47 22 5 76 11 8 32 
39 1 36 58 7 16 52 49 71 85 89 70 51 27 64 0 10 78 50 79 24 28 40 90 60 75 29 25 61 94 3 41 66 9 86 20 6 80 4 17 14 68 38 45 12 69 31 87 34 43 23 67 13 42 77 26 54 35 18 46 83 72 88 19 84 81 44 48 73 37 62 55 30 74 63 93 53 82 33 92 2 57 15 21 56 59 22 47 65 5 76 11 8 32 
18 23 83 10 29 16 36 86 60 52 19 0 51 7 70 67 38 48 58 31 40 26 71 80 25 64 50 85 79 13 24 14 41 4 78 20 90 49 89 39 75 61 27 69 91 1 28 66 34 17 94 68 3 72 84 93 6 9 43 45 54 87 88 77 46 42 35 53 74 12 44 81 62 21 15 30 55 33 59 82 73 37 2 65 57 63 22 5 56 47 76 11 8 32 
29 88 14 35 4 10 36 25 38 16 51 52 41 18 26 7 81 13 45 70 71 94 31 28 60 58 19 39 50 43 0 23 20 90 40 24 86 79 89 80 85 67 34 78 75 46 64 27 17 69 84 42 49 91 3 1 72 44 77 83 68 87 9 66 48 6 61 92 55 82 62 74 54 12 30 21 15 53 73 37 33 65 2 63 59 57 5 47 22 56 11 76 8 32 
36 7 52 71 58 70 40 41 27 16 51 25 89 39 49 29 75 45 50 91 85 3 4 78 20 10 24 79 28 90 0 1 17 60 80 67 42 86 31 77 64 43 43 23 9 35 38 87 54 46 66 14 88 61 34 19 13 26 83 72 44 68 18 81 84 48 6 12 93 55 62 74 53 30 82 92 33 73 57 15 21 63 37 59 56 5 2 22 47 65 76 11 8 32 
