10 36 39 70 60 64 85 52 7 1 58 16 79 40 51 71 91 49 89 86 27 50 78 75 28 90 63 61 6 3 9 20 29 66 87 69 43 45 41 24 77 68 17 12 94 4 42 46 35 67 54 23 81 55 14 73 30 34 13 62 26 88 44 57 84 83 56 25 80 38 76 33 82 18 72 92 74 53 31 37 48 22 93 47 2 15 65 11 32 59 8 21 19 0 
39 91 49 36 58 7 89 85 64 70 27 0 79 16 10 52 71 40 78 51 50 90 28 3 60 9 75 87 61 12 86 66 6 35 45 77 20 29 43 94 17 42 41 46 24 68 69 14 81 67 54 4 73 55 23 63 30 84 88 34 57 26 62 37 13 56 80 44 38 83 25 76 82 33 72 18 74 53 2 92 31 22 47 93 48 11 65 15 32 59 8 21 19 0 
37 66 39 1 24 91 13 36 58 64 89 70 61 49 85 7 0 10 27 52 79 6 71 16 9 12 14 40 34 78 51 26 90 50 28 60 84 3 75 38 21 29 86 56 77 68 87 45 17 42 94 43 20 35 41 46 69 55 65 30 67 18 93 44 47 80 81 57 73 54 23 4 33 63 88 62 83 82 72 25 76 92 15 74 22 31 48 53 11 5 59 8 32 0 
27 36 52 49 71 40 70 7 58 39 51 89 1 10 16 90 12 28 91 41 0 85 75 50 78 45 79 60 64 29 20 42 17 46 94 43 35 67 54 61 86 4 77 6 87 9 23 81 55 88 66 69 14 26 68 38 73 24 57 44 83 30 62 84 34 80 63 56 25 82 13 33 76 72 74 18 53 31 92 37 22 93 48 47 11 65 2 15 32 59 21 8 19 0 
43 51 46 45 75 36 41 52 42 44 20 71 7 16 50 70 10 40 58 27 60 90 86 0 89 39 78 49 3 85 79 17 64 91 29 94 23 28 1 67 25 87 35 81 77 9 61 69 6 88 54 80 12 62 68 14 66 30 33 55 73 82 83 24 57 84 26 34 56 38 63 74 93 72 13 31 76 92 22 48 18 53 65 37 47 15 11 32 59 2 8 21 19 0 
2 56 37 21 25 41 24 36 80 94 29 4 52 7 58 66 71 69 31 50 70 51 9 16 61 77 40 27 20 19 10 23 49 75 39 3 89 88 45 90 35 53 78 6 17 85 67 0 91 79 86 12 60 33 28 42 1 64 38 44 81 43 46 26 62 83 47 55 57 68 54 15 22 87 76 13 93 48 30 14 65 18 82 34 11 72 63 73 59 74 92 84 8 0 
61 10 0 85 64 39 16 36 79 91 7 58 1 89 60 52 71 12 70 78 51 40 27 50 75 86 49 90 28 3 20 29 87 43 66 17 46 9 45 68 24 35 69 41 4 77 73 42 81 94 23 54 30 14 67 55 62 88 63 82 57 34 26 80 84 44 56 13 38 37 83 76 33 25 74 72 18 92 22 53 93 48 31 2 47 65 11 15 32 59 21 8 19 0 
36 58 52 71 70 40 16 27 51 39 89 49 91 1 50 75 10 0 79 85 60 86 3 78 41 64 94 28 90 20 45 17 29 61 9 87 67 42 43 4 12 35 6 77 54 66 46 23 81 24 69 68 14 55 88 26 30 83 25 34 57 80 84 62 73 44 63 56 38 13 76 74 72 33 31 82 18 22 92 37 53 48 93 47 2 65 11 15 59 32 8 21 19 0 
28 63 36 1 10 49 0 54 90 39 91 52 70 67 64 86 7 79 58 85 56 60 89 23 40 71 16 3 51 27 73 50 35 77 78 17 68 75 41 61 20 6 83 87 9 81 94 66 62 12 45 42 24 29 30 69 46 22 88 55 43 82 4 14 34 26 57 11 47 72 13 37 44 74 80 15 76 25 38 84 92 59 18 48 93 32 33 31 2 65 53 21 19 0 
39 58 36 64 1 70 89 85 7 10 49 77 40 91 71 16 52 0 78 79 27 51 50 90 60 75 66 28 61 86 3 87 43 41 45 42 94 20 35 29 46 6 17 4 24 12 69 68 14 81 80 54 67 34 30 23 55 62 83 25 73 57 88 44 63 84 53 13 56 26 38 76 33 18 31 82 72 74 92 37 48 22 47 2 93 65 11 15 32 59 8 21 19 0 
0 64 85 36 39 16 79 70 60 51 52 89 7 71 78 1 40 49 50 58 27 86 91 90 75 28 61 29 6 3 20 9 66 69 17 41 43 87 68 4 46 77 12 45 67 23 35 54 94 24 81 62 14 42 63 13 30 26 73 88 55 34 44 83 38 80 84 25 57 56 72 76 82 33 74 18 92 93 53 48 31 22 37 47 65 15 2 11 59 32 21 8 19 0 
57 90 10 60 39 1 36 3 51 91 52 49 70 64 16 71 89 50 0 29 77 78 7 27 58 28 79 75 85 73 40 86 6 12 63 62 30 20 87 61 35 56 17 76 67 45 42 88 81 23 43 46 69 55 41 4 68 9 94 66 82 14 54 24 26 38 25 84 83 44 74 13 34 80 22 33 93 18 37 92 47 72 53 48 31 8 65 15 2 32 21 59 5 0 
3 27 61 39 1 49 36 7 52 16 58 71 70 51 89 6 91 10 85 64 78 79 40 0 75 50 60 90 28 87 43 45 20 86 29 17 46 42 9 24 41 94 68 73 81 55 35 4 67 69 66 77 54 23 84 14 44 30 57 82 88 38 26 63 62 56 80 34 37 76 83 13 33 25 72 74 22 53 31 92 18 2 48 93 11 47 65 15 21 59 32 8 19 0 
10 39 64 85 0 36 14 79 16 70 51 60 89 1 52 58 7 49 40 71 91 50 78 27 75 26 86 24 28 84 90 34 61 29 38 68 37 9 17 6 3 20 66 69 77 94 43 87 12 45 41 67 4 62 23 72 46 42 54 35 30 44 93 18 81 63 73 2 55 92 56 25 88 83 80 57 74 76 82 33 65 48 22 47 31 53 15 11 59 21 8 32 19 0 
89 10 39 70 36 1 16 71 84 7 85 64 58 52 40 27 51 49 91 79 26 78 0 50 75 90 3 28 13 35 34 60 43 86 87 81 9 20 77 45 46 17 38 6 29 42 4 41 88 61 94 12 93 67 23 54 69 55 18 66 68 30 37 73 92 24 44 83 62 80 57 63 56 25 82 33 72 22 76 74 31 65 2 53 48 47 11 15 32 59 8 21 19 0 
10 24 0 60 36 51 52 70 86 71 64 16 68 7 39 49 27 29 58 79 75 50 85 89 40 28 78 1 61 90 91 3 20 6 23 67 72 12 69 4 41 17 43 45 9 66 35 82 54 46 73 44 77 63 88 87 42 81 62 94 13 37 56 30 55 83 26 25 57 38 14 74 34 76 2 80 93 84 33 22 92 21 18 59 47 48 8 11 31 53 65 32 19 0 
58 7 36 52 51 71 70 40 89 27 75 39 50 10 85 79 78 91 64 0 1 49 60 86 28 90 20 3 61 29 87 41 94 43 17 6 9 45 4 12 46 66 69 67 77 23 35 42 81 24 54 68 14 30 55 88 73 44 25 62 80 57 83 84 26 34 63 13 38 56 31 76 33 74 82 72 18 92 53 22 48 37 93 47 65 2 11 15 59 32 21 8 19 0 
52 51 36 50 7 71 89 27 58 70 16 40 10 49 75 39 20 78 79 3 91 60 90 85 1 0 94 64 86 28 41 29 4 67 43 77 45 46 23 54 42 35 61 6 9 12 81 69 66 87 30 68 34 24 14 26 62 25 88 83 44 55 38 63 80 73 57 84 56 13 74 33 82 76 72 18 48 31 92 93 22 53 37 47 11 65 15 59 2 32 8 21 19 0 
36 60 10 39 70 52 79 16 58 7 0 51 71 85 91 64 49 14 89 27 1 50 78 28 90 40 77 75 86 66 9 69 30 83 92 17 23 3 20 34 26 29 67 13 68 80 94 61 6 41 45 84 35 4 42 43 46 62 87 81 24 73 31 25 38 54 48 12 63 55 88 93 74 56 57 53 44 37 82 22 76 33 72 2 65 47 11 59 15 32 21 8 19 0 
31 36 94 24 25 52 7 58 80 16 51 48 72 39 71 70 10 59 41 40 91 0 28 20 23 79 27 66 50 9 69 18 85 4 89 75 1 49 60 68 83 13 17 61 64 86 78 90 67 6 29 35 77 3 44 81 15 2 88 45 12 14 21 43 54 74 37 55 5 46 42 53 26 34 87 38 47 56 82 93 22 92 33 30 73 62 57 84 63 65 76 8 32 0 
51 75 36 71 52 7 16 70 10 58 40 27 50 60 4 39 0 90 86 43 85 49 89 64 79 78 17 3 91 29 41 1 94 46 45 28 69 6 87 67 42 23 61 81 35 77 54 12 9 44 88 66 68 30 62 14 55 74 25 24 26 73 83 80 63 57 84 34 38 56 82 33 13 72 31 48 76 53 22 18 92 93 37 47 65 11 15 59 2 32 21 8 19 0 
37 2 24 29 27 12 10 16 39 51 61 3 48 70 64 52 36 49 60 7 71 0 85 1 58 91 40 75 89 50 69 20 78 6 79 86 68 90 28 83 56 23 94 17 88 66 77 87 9 67 31 43 13 55 45 35 26 38 53 81 82 46 42 44 15 4 41 22 14 80 62 73 54 25 74 18 72 63 92 30 93 33 84 34 57 65 11 5 47 76 59 8 19 0 
81 67 23 36 16 58 7 51 52 89 70 39 71 40 10 56 27 28 91 50 35 49 85 75 78 1 64 87 79 20 60 90 55 0 86 61 3 83 46 80 94 41 77 43 45 4 17 6 88 12 42 54 84 69 9 29 30 14 62 66 73 68 63 92 24 26 44 82 25 48 31 34 57 53 74 13 18 33 38 76 93 72 37 11 47 65 8 15 32 2 21 59 19 0 
67 36 52 71 83 70 51 7 28 16 10 40 58 75 27 60 50 86 90 41 79 0 85 49 39 20 4 78 64 89 29 3 91 17 1 54 77 35 94 45 43 81 42 46 87 61 92 6 55 69 88 25 30 9 12 68 62 66 73 80 24 14 63 48 22 56 26 44 82 34 84 57 38 74 13 18 31 93 76 72 33 53 47 37 15 11 65 2 32 8 59 21 19 0 
39 36 58 0 70 52 16 71 7 10 51 85 49 91 1 89 40 79 64 60 27 50 75 78 61 86 28 90 66 6 9 3 12 29 68 17 20 77 94 43 41 45 69 13 87 35 37 67 42 4 46 23 54 56 30 81 44 63 55 73 14 34 62 57 26 25 83 88 2 72 38 80 84 82 76 33 18 15 74 93 31 92 22 48 53 47 21 65 11 59 8 32 19 0 
36 50 51 52 41 7 71 16 70 75 4 77 58 78 40 27 39 60 10 94 89 49 79 86 85 64 0 91 29 20 90 23 45 1 43 17 28 3 69 9 67 62 80 42 46 87 61 66 35 81 30 6 24 54 88 12 68 44 55 83 73 38 14 34 63 26 57 33 56 84 31 74 13 18 82 53 93 76 72 92 22 48 47 37 11 65 15 59 2 32 21 8 19 0 
36 52 70 10 71 7 14 49 40 27 16 39 58 51 85 89 0 3 28 29 78 79 1 64 50 91 60 38 75 90 86 34 20 84 17 41 13 94 54 61 6 67 45 77 87 4 69 35 9 46 12 23 43 42 88 93 68 66 81 24 62 37 30 18 83 63 73 92 55 57 56 25 80 44 74 82 72 76 2 33 65 48 22 31 53 47 11 15 59 21 32 8 19 0 
71 52 36 70 7 40 49 58 39 51 16 3 89 75 1 91 45 85 10 50 78 41 0 79 60 64 94 90 42 12 20 28 86 87 29 43 17 67 77 35 46 61 9 4 54 6 66 23 69 81 68 73 24 55 14 88 84 44 30 26 83 57 62 25 34 80 63 56 13 38 76 82 33 74 72 18 53 31 22 37 92 48 93 47 2 65 11 15 59 32 21 8 19 0 
36 58 39 70 7 16 10 52 91 85 71 40 1 0 49 51 27 89 79 64 90 78 3 50 75 60 86 67 29 23 35 6 20 77 41 9 94 61 17 81 87 66 12 45 4 46 54 68 30 43 42 24 55 88 62 69 73 83 14 26 63 34 56 80 57 38 25 84 13 82 44 76 18 72 31 74 22 93 48 33 37 92 53 47 11 2 15 65 32 8 59 21 19 0 
10 36 70 52 51 71 16 7 60 27 40 75 58 85 50 79 39 64 0 90 86 89 3 49 78 20 28 1 91 41 38 17 6 4 61 45 43 23 67 62 69 94 46 77 88 87 9 54 42 66 12 26 68 35 24 81 55 25 30 14 83 73 44 34 57 80 13 63 56 84 82 93 74 33 72 53 76 18 92 48 31 37 22 11 15 65 47 2 21 59 32 8 5 0 
36 64 10 16 85 51 52 70 89 39 58 79 7 71 78 28 90 50 40 27 75 91 49 0 1 60 86 20 17 77 3 62 6 29 46 87 35 23 61 9 81 43 73 41 4 45 67 42 94 66 12 69 63 68 54 24 88 14 57 55 34 56 76 25 83 80 18 26 84 44 13 82 38 74 33 22 72 92 48 31 47 93 11 53 37 65 2 32 15 59 8 21 19 0 
16 36 51 7 52 58 50 70 71 40 27 28 89 20 39 94 75 78 49 10 85 79 91 60 86 64 0 80 1 9 69 83 90 23 3 4 41 67 17 43 77 87 35 48 66 81 29 45 61 25 46 12 18 55 6 42 53 14 88 54 24 30 68 84 44 26 62 73 22 34 57 56 74 38 82 63 92 33 13 72 93 76 47 21 37 65 59 2 11 15 32 19 8 0 
63 0 73 77 39 36 58 47 70 10 1 7 40 90 16 52 91 28 49 71 27 35 85 51 64 79 89 9 50 75 60 78 3 81 20 17 46 86 41 4 6 43 30 94 45 67 87 54 42 23 34 61 66 69 55 12 88 56 62 29 25 57 83 82 76 14 68 80 74 44 24 84 33 22 26 18 53 38 92 13 48 31 11 93 72 8 65 37 59 15 2 21 5 0 
43 46 42 45 44 50 51 16 89 39 78 4 91 36 10 52 27 58 7 70 71 40 75 85 0 60 64 1 79 20 49 90 3 86 66 69 82 17 6 87 9 12 61 94 35 29 73 41 81 28 57 55 77 67 88 25 24 23 14 30 54 68 80 84 62 56 63 34 53 26 38 76 83 13 74 31 92 22 72 65 93 18 48 47 37 2 11 15 32 59 21 8 5 0 
36 70 52 58 7 91 39 10 40 49 0 71 79 51 64 89 16 85 1 14 90 38 50 27 78 28 60 17 86 26 75 3 9 77 84 41 20 6 29 61 13 94 35 66 42 45 4 46 87 43 67 54 30 12 23 24 69 81 68 62 18 73 63 88 93 83 55 25 80 56 57 92 37 44 76 74 47 82 33 2 72 65 48 22 31 53 32 11 15 59 8 21 19 0 
81 88 36 40 70 71 39 49 52 7 27 58 55 89 1 16 10 3 28 90 45 51 0 85 79 91 46 42 43 64 75 67 50 41 94 78 86 20 60 87 77 17 4 9 23 14 29 6 54 12 61 93 30 69 44 66 84 80 73 63 68 83 24 82 34 57 62 56 26 25 47 22 38 33 13 76 72 31 74 18 92 48 53 37 11 65 32 15 2 8 59 21 19 0 
7 52 58 71 40 70 27 16 51 39 49 89 50 91 1 10 79 0 85 75 60 3 64 78 41 94 86 28 90 20 45 17 29 9 61 35 54 67 4 42 43 66 87 77 6 46 12 23 69 24 81 68 26 30 83 14 57 34 25 88 55 80 62 44 84 63 38 73 56 13 76 72 31 74 18 33 82 92 22 48 37 53 93 47 2 65 15 11 59 32 8 21 19 0 
2 1 39 91 24 13 58 36 6 49 7 61 14 12 89 16 70 85 71 27 52 10 26 0 79 64 40 28 51 78 84 50 75 3 90 60 9 34 38 86 29 68 87 66 17 56 20 45 35 94 77 42 43 21 93 41 46 69 55 73 54 81 67 44 88 57 4 23 82 30 63 18 72 62 76 92 80 83 25 65 15 33 74 22 47 11 53 31 48 8 59 5 32 0 
29 36 10 52 3 34 7 49 79 16 39 90 26 51 64 70 58 50 40 85 60 14 78 89 1 0 71 27 91 28 75 17 86 20 41 13 84 12 61 77 6 62 4 43 9 46 54 45 69 94 66 67 68 87 35 42 23 93 24 81 88 25 55 30 83 37 80 63 73 44 92 18 56 57 74 65 33 82 76 72 2 53 48 31 22 11 47 15 21 59 32 8 19 0 
1 91 36 58 70 7 89 27 49 52 71 16 85 0 10 64 79 40 51 78 50 60 28 90 75 9 3 87 86 66 61 12 35 45 6 20 94 29 77 43 24 17 42 41 46 68 69 81 54 4 14 67 55 73 23 88 30 63 84 34 62 13 57 26 44 80 56 25 83 38 37 76 33 82 18 72 74 2 31 22 53 92 93 47 48 65 11 15 59 32 21 8 19 0 
70 36 7 52 71 27 58 49 16 51 39 89 0 10 75 85 3 79 50 1 60 86 64 41 91 94 28 78 90 45 20 35 29 17 87 42 9 77 43 67 4 54 46 61 6 23 12 81 66 55 24 69 88 14 68 84 30 26 34 57 83 44 63 73 25 62 80 56 38 13 76 72 33 74 82 31 18 92 22 53 48 93 37 47 2 65 11 15 32 59 8 21 19 0 
36 52 71 7 27 70 40 58 45 4 16 51 94 49 3 10 89 50 75 39 20 90 0 42 85 86 60 91 79 46 78 28 43 29 1 77 67 17 23 87 64 35 25 54 9 61 69 6 81 80 12 66 44 83 62 88 68 24 14 34 26 30 57 55 73 56 84 38 63 82 13 76 33 74 31 92 93 72 18 53 22 48 37 47 65 11 15 2 32 59 8 21 5 0 
45 43 46 44 27 71 52 36 70 4 40 7 58 39 89 51 49 3 41 16 1 91 78 90 50 75 0 85 87 10 79 60 35 86 64 94 20 28 9 17 77 81 29 33 67 82 61 12 55 23 6 88 57 73 69 66 84 54 14 30 24 25 83 68 34 62 80 63 26 56 76 38 93 13 18 53 74 22 72 92 48 31 37 47 65 11 2 15 32 59 8 21 19 0 
46 42 44 45 4 51 52 36 75 16 27 71 70 40 7 89 10 50 58 39 20 0 78 85 49 60 79 64 87 90 3 1 86 41 91 33 35 81 17 94 29 9 82 28 12 61 6 69 77 88 55 23 67 73 14 57 84 66 54 68 24 25 30 62 80 63 83 34 26 56 38 13 76 93 72 53 74 31 22 92 48 18 37 65 47 11 15 2 32 59 21 8 19 0 
43 46 42 45 4 51 75 52 36 16 27 71 50 89 70 7 58 40 20 10 39 78 0 85 60 79 49 90 87 3 64 1 91 86 33 41 82 81 35 17 29 94 61 12 28 68 9 88 6 73 69 55 77 23 67 24 57 14 84 66 54 25 30 72 13 62 80 56 63 26 74 34 76 83 38 93 47 53 65 31 22 37 92 18 48 15 11 2 59 32 21 8 19 0 
42 43 46 27 71 52 70 36 44 7 40 4 41 58 51 39 89 16 49 3 75 78 0 10 85 50 87 91 60 90 1 79 94 35 20 86 64 82 77 28 81 29 17 9 12 67 61 88 23 6 33 69 55 57 73 54 84 66 14 25 24 30 68 80 62 26 63 83 34 56 76 38 93 13 72 53 74 18 22 92 31 48 37 65 47 11 2 15 32 59 8 21 19 0 
43 42 45 44 4 36 52 51 27 71 16 10 89 39 70 58 7 90 40 50 3 85 78 81 20 75 79 41 49 0 1 87 60 91 35 64 86 28 17 33 29 94 82 88 6 9 77 12 61 23 73 69 67 55 14 57 30 84 54 66 68 80 62 24 25 34 26 63 56 83 38 76 93 13 22 72 74 53 18 92 31 48 65 37 47 11 15 32 2 59 8 21 19 0 
63 35 39 66 58 1 36 81 7 91 70 64 89 52 49 85 27 40 79 71 16 78 10 28 77 73 0 50 90 51 9 88 3 75 60 34 6 86 17 44 20 87 61 30 68 56 45 42 67 43 46 12 41 24 94 29 62 54 23 4 55 32 80 83 25 69 57 14 13 82 74 76 26 33 72 84 2 38 93 18 22 37 31 11 92 65 48 53 8 15 59 21 19 0 
83 23 51 36 52 20 16 10 60 7 75 70 71 86 58 40 67 0 50 27 64 79 28 85 39 78 94 49 17 90 91 89 1 31 29 69 43 4 41 3 54 92 61 66 9 77 87 45 6 18 80 42 30 35 46 81 68 74 55 12 26 14 24 88 73 63 62 25 22 34 53 56 44 38 57 84 13 82 76 33 21 72 93 65 47 59 37 11 2 15 32 8 19 0 
36 70 27 1 52 40 39 71 7 89 58 3 85 16 91 10 51 79 64 0 78 50 60 75 28 90 86 9 41 94 35 12 45 87 77 17 61 67 20 29 54 42 43 66 68 69 6 46 24 4 81 23 14 62 55 26 34 88 73 30 63 57 83 84 38 80 25 44 13 56 76 72 82 33 18 74 37 31 53 92 22 48 93 47 2 11 65 15 59 32 8 21 19 0 
51 78 52 36 16 75 7 79 58 71 89 10 70 64 60 85 39 27 40 0 49 91 86 1 17 90 20 28 29 3 43 4 41 61 69 9 45 94 46 6 87 66 42 12 67 23 77 25 54 35 81 24 68 44 62 30 14 55 88 80 57 73 84 34 63 26 83 38 13 33 56 74 76 82 72 31 18 53 92 22 48 93 37 47 65 11 59 15 2 32 21 8 19 0 
52 36 50 75 7 16 71 58 70 27 40 10 39 20 89 60 79 49 0 85 78 91 4 64 86 43 17 1 90 3 29 28 41 45 94 61 46 87 67 12 9 42 23 44 69 6 77 54 81 35 66 68 24 30 25 14 62 88 55 73 83 80 26 84 57 34 63 13 72 38 56 74 33 76 82 31 18 48 92 53 22 93 37 47 65 11 15 59 2 32 21 8 19 0 
36 71 51 7 27 40 70 58 16 50 49 39 89 75 10 3 91 0 79 85 1 41 60 78 17 45 90 64 86 94 20 28 29 67 42 43 4 61 9 87 35 46 77 54 12 23 6 66 69 24 81 68 55 30 26 83 88 44 14 25 57 34 80 62 73 84 63 38 56 13 76 74 33 72 82 31 18 92 48 22 53 37 93 47 2 65 11 15 59 32 8 21 19 0 
9 16 27 50 51 36 85 7 78 70 52 58 10 71 64 60 89 75 39 40 49 79 0 1 91 20 69 86 43 29 3 77 90 45 87 46 41 94 4 61 42 6 28 66 12 80 17 31 83 25 35 81 67 14 23 55 33 62 44 54 68 73 88 84 24 30 18 56 57 26 48 22 38 82 63 34 92 13 76 74 72 65 93 37 11 21 47 2 32 59 15 8 5 0 
36 52 7 70 40 71 27 49 58 51 10 16 3 89 39 79 85 60 75 0 50 67 78 64 90 1 91 28 20 41 17 86 23 29 94 45 35 4 61 77 87 6 9 83 46 43 12 42 69 68 66 81 26 24 14 63 30 62 73 88 34 55 38 56 80 57 25 84 44 13 92 72 74 76 82 48 33 22 18 31 53 93 37 47 15 11 65 8 59 32 2 21 19 0 
35 81 70 40 71 39 36 52 88 7 16 27 58 51 10 64 0 85 90 89 49 1 79 75 28 3 50 91 86 78 60 43 45 42 87 46 67 20 29 12 23 6 94 9 61 77 17 4 41 69 14 44 84 66 68 57 30 54 82 24 63 73 83 56 22 62 25 80 33 26 38 34 93 13 76 31 72 74 18 53 48 92 37 11 47 65 2 15 32 21 59 8 19 0 
36 58 39 52 7 70 40 71 27 1 28 10 0 49 51 16 85 91 90 75 89 60 78 79 50 86 3 64 20 77 41 61 29 6 87 45 17 67 24 35 9 94 23 46 4 66 12 42 43 81 54 69 30 63 22 62 68 55 73 57 88 14 83 26 34 44 76 80 25 84 13 38 82 33 37 74 47 72 18 92 53 11 2 48 31 93 65 15 8 32 21 59 5 0 
36 52 58 71 70 7 89 16 40 39 27 90 60 51 49 85 50 1 91 75 45 0 76 10 78 79 3 64 42 43 86 61 46 28 6 41 20 94 9 29 87 4 35 12 17 66 81 77 69 55 30 44 67 54 23 24 88 73 63 62 68 56 14 84 82 33 26 11 80 25 83 34 38 13 18 74 53 72 37 92 22 93 31 48 47 65 2 15 32 59 8 21 5 0 
36 7 16 52 71 70 39 40 27 89 51 91 1 49 75 85 50 0 28 79 10 64 78 60 90 86 3 94 9 41 20 61 45 17 87 29 77 43 6 12 42 66 35 4 46 24 54 67 23 81 69 68 14 55 30 57 34 73 88 83 80 62 84 44 25 26 56 63 38 13 76 74 33 72 82 31 18 37 22 53 92 48 93 47 2 65 11 15 59 32 8 21 19 0 
51 50 36 52 16 75 7 58 71 10 78 39 64 89 85 70 79 0 49 91 17 27 60 20 40 86 1 90 28 68 74 61 94 66 69 4 3 54 29 24 67 6 9 41 83 23 12 43 63 45 46 77 72 35 80 73 87 81 25 44 13 42 30 14 56 18 26 88 34 82 55 62 48 38 57 31 84 15 33 76 92 47 53 22 37 8 2 93 11 65 21 19 32 0 
36 10 79 0 86 51 16 52 7 50 70 71 64 39 85 89 58 27 40 75 49 78 69 1 91 90 29 20 61 66 28 3 6 68 43 45 17 41 9 87 4 23 94 46 77 42 12 67 54 24 62 35 81 73 63 55 57 30 83 13 25 88 14 26 44 34 84 38 80 76 56 18 33 82 74 92 72 48 53 31 22 93 37 11 15 65 47 2 59 32 8 21 19 0 
6 10 36 85 16 0 12 58 7 39 52 89 1 64 91 79 51 60 71 49 27 78 50 70 75 40 86 90 28 3 9 20 29 87 24 66 69 43 45 17 41 68 94 42 46 4 67 23 81 77 54 57 35 73 84 62 30 55 63 14 80 44 26 34 13 82 76 56 88 83 38 25 37 33 74 92 22 72 18 31 53 48 2 93 47 11 65 15 59 21 32 8 19 0 
10 64 36 60 85 79 51 49 70 89 29 50 52 78 16 39 7 58 75 71 77 28 40 27 0 90 86 1 91 20 30 41 3 61 6 17 4 87 66 9 23 25 67 94 46 69 45 43 73 68 42 35 54 81 12 63 38 88 24 26 56 80 83 34 14 57 13 55 76 44 84 74 82 18 22 33 72 93 53 11 92 31 48 47 37 65 15 2 32 8 59 21 5 0 
0 10 39 36 70 85 1 64 40 60 49 52 79 7 58 28 91 71 16 51 89 50 78 86 27 75 90 73 77 3 20 6 61 17 87 35 32 67 66 29 9 43 45 54 69 23 30 41 81 12 46 42 68 62 94 4 24 47 55 56 88 57 76 14 83 34 26 82 13 25 84 44 74 38 80 18 33 22 92 72 11 48 93 53 37 31 8 15 65 2 59 21 19 0 
10 79 78 85 39 1 89 36 0 16 50 49 51 70 58 60 91 52 7 71 40 27 75 90 9 86 28 6 61 29 87 69 66 68 3 20 43 12 77 17 46 45 30 24 35 42 62 81 4 41 94 14 54 23 67 55 73 13 63 34 26 88 84 80 38 25 83 44 57 76 72 56 33 74 82 18 92 53 31 37 22 48 93 47 2 65 11 15 59 32 8 21 19 0 
10 36 16 51 52 7 39 70 27 60 0 71 14 58 85 79 50 40 64 86 75 1 78 89 49 43 91 90 3 6 46 45 38 84 20 66 34 26 44 29 28 42 61 41 4 12 87 9 35 17 81 77 13 68 73 88 93 69 94 80 67 23 24 33 56 55 54 62 30 82 37 63 92 2 57 18 83 25 76 53 74 22 72 48 47 31 11 15 21 32 59 8 5 0 
39 36 10 85 60 79 0 1 64 89 58 91 7 52 16 49 70 71 27 40 50 78 51 9 86 90 28 75 61 3 6 24 29 20 69 17 77 87 41 45 94 68 43 42 12 62 67 46 4 35 54 80 23 2 30 73 63 83 34 81 57 25 14 55 56 33 13 18 26 38 76 88 44 84 47 74 31 82 48 53 92 37 72 22 65 93 15 11 59 32 21 8 19 0 
23 36 52 71 70 7 40 27 51 49 28 16 10 58 3 50 83 89 75 39 41 60 0 90 35 85 86 17 79 54 20 91 1 78 64 29 94 4 45 77 81 42 43 61 46 88 55 87 12 6 9 69 66 68 30 25 24 73 62 63 26 14 92 22 80 56 34 44 82 57 38 84 48 13 74 18 93 31 72 33 76 53 47 37 11 15 65 2 8 32 59 21 19 0 
10 64 60 39 49 36 0 16 51 85 79 58 1 52 89 70 91 7 27 50 71 78 90 75 86 40 28 69 61 6 29 3 20 24 9 17 12 66 77 43 41 87 4 46 23 54 67 35 45 94 44 73 81 72 62 13 42 30 14 63 55 88 83 26 34 74 38 56 25 80 57 82 18 84 76 33 37 92 48 22 15 93 31 47 53 65 2 11 59 21 8 32 19 0 
60 10 79 64 36 0 85 50 16 89 51 39 78 52 49 70 71 86 7 27 58 75 91 1 40 20 94 90 61 68 29 43 3 28 41 45 6 9 17 4 66 87 46 77 42 12 23 35 67 54 81 24 25 62 73 55 30 63 14 88 26 44 57 13 33 80 83 38 84 34 56 18 31 76 53 82 74 48 72 22 92 93 37 11 15 47 65 2 59 32 21 8 19 0 
40 71 36 7 52 27 58 49 16 39 51 85 89 10 0 1 75 79 50 91 3 60 64 78 28 41 90 86 45 94 20 29 77 9 87 35 42 17 43 67 4 12 54 61 46 23 6 66 24 69 81 55 14 68 88 30 26 34 57 73 25 62 83 84 63 80 44 13 56 38 76 72 74 82 33 18 31 92 53 22 37 48 93 47 2 65 11 15 32 59 8 21 19 0 
52 27 36 70 7 40 58 75 16 51 49 89 39 91 85 78 50 3 10 45 1 0 41 79 60 86 64 20 94 90 28 77 29 42 17 35 87 67 43 9 4 61 12 46 54 6 23 66 81 69 24 55 14 88 68 73 83 26 30 57 84 25 44 80 62 34 63 56 13 76 38 72 82 74 33 18 31 53 92 22 37 48 93 47 2 65 11 15 59 32 8 21 19 0 
51 71 75 10 64 36 70 16 52 78 7 58 40 39 49 85 89 68 0 27 50 79 1 60 20 28 91 86 90 77 3 43 4 87 24 29 17 13 9 44 6 61 94 41 45 35 67 46 12 81 54 23 14 69 42 73 30 88 55 62 66 26 74 84 34 83 56 63 80 82 25 38 57 15 37 76 33 22 31 18 47 93 92 48 53 59 2 65 11 8 21 32 19 0 
27 39 71 16 89 91 1 10 58 85 75 70 78 82 36 51 52 64 7 0 49 79 60 40 28 86 50 43 90 45 3 46 6 63 42 87 77 12 20 61 30 29 35 4 41 9 17 67 23 68 81 62 69 66 44 94 54 88 76 14 24 55 57 56 33 84 83 25 34 74 26 80 13 47 38 18 72 22 92 93 11 53 37 48 31 32 65 15 2 8 59 21 19 0 
75 51 20 50 16 71 36 7 52 78 10 70 58 27 40 39 64 86 89 85 60 17 0 49 90 91 28 79 1 94 68 4 77 29 23 3 67 61 6 73 41 43 87 66 69 46 9 45 12 62 35 63 30 54 81 42 44 25 24 26 34 83 88 14 80 55 72 48 38 13 84 56 18 82 57 33 22 31 92 76 47 53 93 59 37 11 65 15 32 2 21 8 19 0 
51 71 16 36 50 52 7 58 70 27 78 40 20 10 89 39 85 60 86 64 49 0 79 91 4 1 90 43 29 3 28 45 87 17 41 94 61 6 46 23 77 9 12 42 69 67 54 44 35 81 66 68 24 73 25 55 88 30 14 62 84 57 83 74 63 80 26 56 34 72 76 13 38 82 33 31 18 53 48 22 92 93 37 47 65 11 15 2 59 32 21 8 19 0 
57 36 89 52 71 58 70 85 0 60 39 7 75 79 16 64 51 27 78 10 49 50 40 91 1 90 86 61 28 73 6 3 45 46 43 30 12 9 20 87 42 66 17 41 69 63 77 29 94 81 35 4 62 68 24 23 56 67 54 55 44 34 82 88 84 14 26 80 13 83 25 33 38 11 74 72 18 37 53 22 47 48 92 31 93 65 15 2 32 59 8 21 5 0 
70 71 9 36 40 52 58 39 27 49 7 10 16 1 89 51 85 0 90 75 78 64 28 79 41 91 60 3 50 45 94 86 17 20 35 42 25 29 62 87 4 67 23 43 46 66 6 81 30 69 61 14 73 54 24 83 68 12 34 63 88 55 80 56 26 44 38 57 84 13 18 72 74 82 76 53 33 31 22 47 92 93 48 37 11 65 32 2 15 8 59 21 19 0 
50 89 64 85 16 36 71 75 10 79 39 51 52 58 70 7 27 1 49 91 0 60 40 86 90 28 3 9 87 61 20 45 43 17 6 29 46 69 12 77 42 41 94 66 4 35 81 54 68 67 23 30 24 14 73 62 25 55 88 26 44 63 84 34 57 80 38 83 13 56 76 33 74 72 82 18 53 31 92 22 48 37 93 47 65 2 11 15 59 32 21 8 19 0 
85 64 36 10 39 89 16 60 50 52 7 1 70 0 78 58 51 49 71 40 27 91 86 75 90 28 61 69 6 29 3 66 9 20 87 43 17 45 12 41 46 94 77 68 35 42 54 24 4 23 81 67 62 30 14 55 73 34 63 13 26 88 80 38 57 44 25 83 84 76 56 18 33 82 72 74 31 92 53 37 22 48 93 47 2 65 11 15 59 32 8 21 19 0 
36 52 7 16 58 71 70 51 10 39 40 85 50 89 79 27 64 49 78 41 75 91 1 90 4 0 60 81 9 28 20 3 86 94 35 66 77 17 46 45 61 25 29 6 43 23 87 67 42 84 12 69 83 88 54 30 31 62 68 14 55 24 73 18 34 22 44 57 26 56 38 53 33 63 48 13 92 74 82 76 72 93 47 65 37 2 11 59 32 15 21 8 19 0 
35 88 36 39 46 16 71 7 70 40 58 52 10 89 51 55 90 27 28 85 75 79 64 49 43 50 1 78 20 91 45 0 60 3 86 87 42 4 67 17 23 41 94 29 77 14 61 6 9 12 80 84 30 44 69 93 54 73 22 68 82 66 83 62 63 24 57 25 56 34 26 33 38 76 13 47 72 31 74 18 92 53 48 37 65 11 32 15 2 59 8 21 19 0 
45 43 73 46 42 44 71 27 75 10 16 6 39 51 90 91 4 28 3 36 52 70 89 35 58 78 0 50 1 85 60 61 7 40 12 20 86 49 81 79 64 87 88 67 23 41 55 33 29 17 77 94 68 9 69 57 30 63 24 14 62 66 54 83 84 76 25 56 93 80 26 34 13 74 38 72 22 37 53 31 92 18 48 15 11 47 65 2 32 59 21 8 19 0 
23 67 36 52 71 7 70 58 51 16 27 40 10 28 49 60 39 86 75 50 85 64 79 89 0 90 91 3 78 1 41 54 20 77 29 9 17 48 94 35 4 92 66 45 42 61 81 87 43 6 46 80 68 69 12 55 30 24 88 62 14 18 31 73 25 26 63 56 34 22 57 38 82 44 84 13 74 53 72 76 93 33 47 37 11 15 65 59 2 21 8 32 19 0 
87 14 27 71 40 36 70 7 39 52 89 16 58 1 51 49 85 75 10 50 64 78 91 0 45 90 79 60 43 26 3 61 81 42 46 86 34 35 28 12 13 20 41 94 6 4 9 38 17 29 55 77 88 80 69 23 44 93 54 67 66 92 30 73 57 37 68 24 62 63 18 25 56 22 83 82 76 33 72 74 65 2 53 31 48 11 47 15 32 59 8 21 19 0 
79 10 39 64 70 36 16 89 78 1 0 71 58 49 52 91 7 40 27 51 50 60 75 28 90 86 61 9 6 3 29 66 87 20 69 45 43 12 46 17 41 77 94 68 24 42 35 4 54 67 81 23 30 14 62 73 55 63 13 26 88 80 34 84 57 44 25 83 38 56 76 33 72 82 18 74 53 31 92 37 22 48 93 47 2 65 11 15 59 32 8 21 19 0 
60 36 16 7 0 10 51 52 71 70 58 40 75 50 79 85 89 64 27 78 39 49 91 1 20 29 28 90 61 41 6 69 43 4 45 17 66 3 23 94 87 42 67 9 77 35 46 68 24 81 54 55 12 73 88 62 63 30 83 25 14 34 57 26 44 84 56 80 13 38 76 82 74 92 33 72 18 48 31 53 93 22 37 65 15 47 11 2 59 32 8 21 19 0 
70 39 16 27 1 71 89 36 40 58 52 7 85 64 10 78 49 51 0 75 91 79 45 90 43 60 50 84 42 46 86 28 3 41 20 9 61 35 12 94 6 4 81 77 29 17 23 69 66 44 88 14 55 73 67 54 30 62 68 63 24 57 80 26 56 82 83 25 34 13 33 76 38 72 22 74 31 92 53 93 18 48 37 47 11 65 2 15 32 59 8 21 19 0 
35 81 36 71 70 40 55 52 39 7 16 51 27 10 58 90 89 75 3 49 29 28 46 45 43 50 85 78 1 20 0 86 79 91 64 60 67 87 42 4 41 23 94 93 77 17 6 14 9 44 12 61 69 54 73 30 82 26 84 68 62 80 25 24 83 63 57 66 56 38 34 33 22 13 76 47 72 74 31 18 92 53 48 37 11 65 15 2 32 21 59 8 19 0 
36 58 39 78 16 71 52 7 79 70 27 85 49 1 64 10 40 51 91 50 0 75 60 90 3 86 28 9 17 61 87 45 43 94 41 66 20 6 29 46 12 42 35 69 77 81 54 4 14 67 24 68 30 73 23 62 55 88 57 44 84 26 34 63 80 25 13 83 76 38 56 33 82 72 74 18 31 37 22 53 92 93 48 47 2 11 65 15 59 32 8 21 19 0 
36 10 52 39 70 58 16 7 71 1 91 51 85 89 40 64 0 27 79 49 50 3 60 75 78 28 20 29 86 46 87 45 41 17 43 9 35 77 6 61 4 42 94 81 66 12 23 67 68 69 54 88 30 55 24 14 57 62 34 73 38 63 26 44 84 83 80 56 25 82 13 76 33 74 18 72 92 22 93 31 48 37 53 47 11 65 2 15 32 59 8 21 19 0 
39 1 36 58 7 52 16 71 27 89 85 49 70 0 51 64 10 78 50 79 28 40 90 75 60 86 3 61 9 6 66 87 12 20 45 94 17 29 41 42 43 69 77 24 35 46 68 4 67 54 81 73 14 23 34 30 55 63 57 88 26 84 62 80 83 44 25 56 13 38 76 33 37 82 18 72 74 31 22 53 92 48 93 47 2 11 65 15 59 32 8 21 19 0 
23 10 83 67 16 36 0 52 60 86 51 7 70 40 58 64 14 71 85 79 89 50 39 49 90 27 1 78 75 18 84 91 61 28 20 29 3 26 41 4 17 6 54 87 9 43 45 13 34 46 48 77 69 42 38 35 66 12 30 94 81 68 80 63 88 73 24 55 22 93 62 56 25 44 57 74 53 31 33 82 37 76 65 72 2 11 47 15 21 59 32 8 19 0 
35 88 81 14 10 26 36 45 43 16 84 46 29 28 4 39 51 52 38 70 7 71 58 40 42 90 60 89 0 86 23 27 50 79 67 85 13 75 41 34 64 78 3 1 49 91 20 17 55 87 94 77 6 44 61 82 9 69 24 62 68 18 30 73 37 25 92 12 54 83 66 80 63 57 56 65 33 22 74 72 2 31 47 76 48 53 11 15 21 32 8 59 19 0 
36 7 52 71 40 58 70 27 16 41 49 51 39 89 75 50 91 20 3 45 85 10 1 17 78 79 0 28 60 90 86 42 69 64 77 35 4 43 67 87 29 46 9 23 61 54 25 81 66 12 6 24 88 55 80 83 26 30 44 14 68 57 62 34 84 73 56 63 13 31 38 74 33 82 76 48 72 18 22 53 93 92 37 47 65 2 11 15 59 32 21 8 19 0 
