0 0 1 
2 0 0 
1 0 1 
3 0 0 
6 6 0 
0 0 0 
6 0 0 
6 0 0 
0 0 0 
2 8 1 
9 2 3 
0 0 0 
3 0 0 
0 0 0 
0 0 1 
0 0 0 
2 0 0 
0 0 0 
2 2 0 
0 0 0 
3 0 0 
0 2 0 
2 0 0 
1 1 0 
1 0 1 
2 0 0 
2 0 0 
3 1 1 
5 9 3 
4 9 1 
0 0 1 
0 1 2 
0 0 0 
1 0 0 
0 0 0 
2 0 1 
2 6 0 
1 0 1 
3 1 0 
6 0 2 
2 0 0 
2 0 1 
2 0 4 
8 8 0 
2 0 1 
3 0 4 
8 0 0 
0 0 0 
0 0 0 
3 0 1 
7 4 1 
15 8 3 
9 0 6 
0 3 0 
2 0 0 
2 0 0 
2 8 0 
1 0 0 
2 0 0 
0 0 0 
0 0 1 
9 1 1 
2 0 0 
1 1 0 
2 0 0 
0 0 0 
2 8 1 
7 0 0 
3 0 0 
5 0 0 
5 0 0 
5 0 9 
0 0 0 
1 0 0 
0 0 0 
8 4 1 
0 0 0 
0 0 0 
4 3 1 
5 0 0 
0 0 0 
2 3 0 
1 0 0 
3 0 0 
1 1 0 
1 0 9 
1 0 0 
1 0 1 
2 0 1 
7 0 2 
9 0 5 
3 0 0 
0 0 0 
0 0 1 
5 2 2 
