0.000 0.008 0.018 0.008 0.011 0.030 0.006 0.007 0.021 0.011 0.005 0.019 0.009 0.015 0.009 0.019 0.008 0.011 0.015 0.031 0.008 0.020 0.019 0.012 0.012 0.018 0.010 0.007 0.012 0.012 0.014 0.017 0.019 0.015 0.011 0.012 0.006 0.016 0.014 0.007 0.007 0.010 0.010 0.010 0.013 0.009 0.010 0.016 0.014 0.007 0.007 0.008 0.007 0.015 0.010 0.013 0.015 0.012 0.007 0.016 0.007 0.006 0.016 0.013 0.008 0.013 0.011 0.012 0.012 0.013 0.007 0.007 0.017 0.013 0.015 0.009 0.014 0.015 0.007 0.008 0.013 0.012 0.015 0.012 0.010 0.007 0.006 0.010 0.013 0.007 0.009 0.009 0.010 0.016 0.012 
0.008 0.000 0.018 0.009 0.012 0.030 0.007 0.008 0.020 0.012 0.007 0.017 0.009 0.016 0.009 0.019 0.009 0.011 0.015 0.032 0.009 0.020 0.020 0.013 0.013 0.018 0.010 0.007 0.013 0.013 0.015 0.018 0.019 0.015 0.012 0.011 0.008 0.014 0.013 0.006 0.008 0.011 0.011 0.010 0.013 0.010 0.010 0.017 0.014 0.003 0.008 0.009 0.008 0.015 0.010 0.013 0.015 0.013 0.009 0.016 0.009 0.008 0.017 0.014 0.008 0.014 0.012 0.012 0.012 0.014 0.008 0.008 0.017 0.014 0.015 0.009 0.015 0.015 0.008 0.008 0.013 0.012 0.016 0.012 0.010 0.008 0.008 0.010 0.013 0.008 0.009 0.005 0.011 0.016 0.013 
0.018 0.018 0.000 0.019 0.020 0.024 0.018 0.019 0.022 0.019 0.018 0.022 0.019 0.019 0.019 0.022 0.019 0.020 0.022 0.032 0.019 0.018 0.024 0.020 0.016 0.023 0.019 0.019 0.021 0.020 0.021 0.023 0.024 0.021 0.019 0.021 0.018 0.011 0.020 0.018 0.019 0.020 0.019 0.019 0.019 0.019 0.019 0.019 0.022 0.018 0.018 0.019 0.018 0.021 0.019 0.021 0.019 0.019 0.019 0.022 0.019 0.018 0.022 0.021 0.018 0.019 0.014 0.020 0.019 0.021 0.019 0.019 0.020 0.021 0.022 0.019 0.020 0.021 0.018 0.018 0.020 0.021 0.021 0.020 0.019 0.018 0.018 0.019 0.021 0.018 0.019 0.019 0.019 0.022 0.021 
0.008 0.009 0.019 0.000 0.011 0.030 0.009 0.007 0.020 0.012 0.008 0.018 0.007 0.016 0.010 0.019 0.009 0.012 0.016 0.031 0.009 0.021 0.020 0.012 0.013 0.018 0.010 0.006 0.012 0.013 0.015 0.017 0.019 0.016 0.012 0.013 0.006 0.016 0.013 0.009 0.007 0.010 0.010 0.009 0.013 0.009 0.010 0.018 0.014 0.009 0.009 0.008 0.007 0.015 0.009 0.012 0.015 0.013 0.007 0.017 0.009 0.009 0.018 0.015 0.010 0.014 0.013 0.013 0.013 0.014 0.007 0.007 0.017 0.014 0.016 0.009 0.015 0.016 0.009 0.009 0.013 0.013 0.016 0.011 0.009 0.009 0.009 0.010 0.015 0.009 0.010 0.010 0.012 0.017 0.013 
0.011 0.012 0.020 0.011 0.000 0.029 0.011 0.010 0.022 0.013 0.011 0.020 0.012 0.017 0.012 0.020 0.010 0.014 0.017 0.031 0.010 0.022 0.021 0.014 0.015 0.017 0.012 0.010 0.014 0.014 0.016 0.018 0.019 0.015 0.014 0.014 0.010 0.018 0.015 0.012 0.010 0.011 0.008 0.006 0.011 0.007 0.007 0.019 0.015 0.011 0.011 0.010 0.010 0.015 0.012 0.015 0.016 0.013 0.010 0.018 0.011 0.012 0.018 0.017 0.012 0.014 0.015 0.014 0.015 0.015 0.010 0.010 0.018 0.015 0.018 0.011 0.016 0.016 0.012 0.012 0.014 0.014 0.016 0.013 0.012 0.011 0.011 0.012 0.015 0.012 0.012 0.012 0.013 0.017 0.013 
0.030 0.030 0.024 0.030 0.029 0.000 0.030 0.030 0.030 0.029 0.030 0.031 0.030 0.029 0.030 0.032 0.030 0.030 0.029 0.032 0.029 0.027 0.031 0.030 0.027 0.028 0.029 0.030 0.031 0.028 0.030 0.029 0.030 0.029 0.030 0.030 0.029 0.025 0.029 0.030 0.030 0.028 0.030 0.029 0.029 0.029 0.029 0.030 0.031 0.030 0.030 0.030 0.030 0.028 0.030 0.030 0.027 0.029 0.030 0.031 0.030 0.030 0.030 0.032 0.030 0.029 0.029 0.030 0.030 0.029 0.030 0.030 0.030 0.030 0.031 0.030 0.029 0.029 0.030 0.030 0.028 0.030 0.030 0.030 0.030 0.030 0.030 0.030 0.029 0.030 0.030 0.030 0.030 0.029 0.029 
0.006 0.007 0.018 0.009 0.011 0.030 0.000 0.008 0.021 0.011 0.006 0.019 0.009 0.015 0.009 0.019 0.008 0.011 0.015 0.032 0.009 0.020 0.019 0.012 0.012 0.018 0.010 0.008 0.013 0.012 0.014 0.017 0.019 0.015 0.011 0.012 0.007 0.016 0.013 0.007 0.008 0.011 0.010 0.010 0.013 0.009 0.010 0.016 0.014 0.008 0.008 0.009 0.007 0.015 0.010 0.013 0.015 0.012 0.008 0.016 0.007 0.006 0.016 0.014 0.007 0.013 0.011 0.012 0.012 0.013 0.008 0.008 0.017 0.013 0.015 0.009 0.015 0.015 0.007 0.007 0.013 0.012 0.015 0.012 0.010 0.007 0.007 0.010 0.014 0.007 0.009 0.009 0.010 0.016 0.013 
0.007 0.008 0.019 0.007 0.010 0.030 0.008 0.000 0.020 0.011 0.007 0.019 0.009 0.015 0.009 0.019 0.005 0.011 0.015 0.031 0.007 0.021 0.020 0.011 0.012 0.018 0.009 0.004 0.011 0.012 0.014 0.017 0.019 0.015 0.011 0.012 0.004 0.016 0.013 0.008 0.005 0.009 0.009 0.009 0.012 0.008 0.009 0.017 0.013 0.008 0.008 0.006 0.004 0.015 0.008 0.013 0.014 0.012 0.004 0.016 0.007 0.008 0.017 0.015 0.008 0.013 0.012 0.012 0.012 0.014 0.005 0.005 0.017 0.014 0.016 0.008 0.015 0.015 0.008 0.008 0.013 0.012 0.016 0.010 0.009 0.008 0.007 0.009 0.014 0.008 0.008 0.009 0.010 0.017 0.011 
0.021 0.020 0.022 0.020 0.022 0.030 0.021 0.020 0.000 0.022 0.021 0.020 0.020 0.023 0.021 0.024 0.020 0.021 0.022 0.035 0.021 0.022 0.022 0.020 0.021 0.023 0.020 0.021 0.021 0.023 0.022 0.024 0.022 0.024 0.022 0.021 0.020 0.020 0.022 0.021 0.021 0.021 0.021 0.021 0.022 0.021 0.021 0.022 0.023 0.020 0.020 0.021 0.020 0.024 0.021 0.021 0.019 0.022 0.020 0.023 0.021 0.021 0.023 0.020 0.021 0.022 0.022 0.020 0.021 0.023 0.021 0.021 0.022 0.021 0.022 0.021 0.024 0.022 0.020 0.021 0.022 0.021 0.023 0.020 0.021 0.021 0.020 0.021 0.022 0.021 0.020 0.020 0.021 0.022 0.021 
0.011 0.012 0.019 0.012 0.013 0.029 0.011 0.011 0.022 0.000 0.011 0.020 0.012 0.018 0.013 0.020 0.012 0.014 0.017 0.031 0.012 0.022 0.021 0.015 0.015 0.018 0.013 0.011 0.015 0.015 0.016 0.017 0.020 0.017 0.013 0.014 0.011 0.018 0.016 0.011 0.011 0.013 0.013 0.013 0.015 0.012 0.012 0.018 0.017 0.012 0.011 0.012 0.011 0.013 0.013 0.016 0.016 0.014 0.012 0.018 0.012 0.010 0.019 0.017 0.011 0.015 0.013 0.015 0.015 0.016 0.011 0.011 0.019 0.016 0.017 0.013 0.016 0.013 0.011 0.011 0.013 0.015 0.018 0.014 0.013 0.011 0.012 0.013 0.016 0.011 0.013 0.012 0.013 0.018 0.015 
0.005 0.007 0.018 0.008 0.011 0.030 0.006 0.007 0.021 0.011 0.000 0.019 0.009 0.015 0.009 0.019 0.007 0.011 0.015 0.031 0.008 0.020 0.019 0.012 0.012 0.018 0.010 0.007 0.013 0.012 0.014 0.017 0.019 0.015 0.011 0.012 0.007 0.016 0.013 0.007 0.007 0.010 0.010 0.009 0.013 0.009 0.010 0.016 0.014 0.007 0.007 0.008 0.007 0.015 0.010 0.013 0.015 0.012 0.008 0.016 0.007 0.006 0.016 0.014 0.007 0.013 0.011 0.012 0.011 0.012 0.007 0.007 0.017 0.013 0.015 0.009 0.015 0.015 0.007 0.006 0.013 0.012 0.015 0.011 0.010 0.005 0.006 0.010 0.014 0.006 0.009 0.008 0.010 0.016 0.013 
0.019 0.017 0.022 0.018 0.020 0.031 0.019 0.019 0.020 0.020 0.019 0.000 0.018 0.022 0.018 0.024 0.019 0.019 0.018 0.036 0.019 0.023 0.021 0.018 0.020 0.020 0.019 0.018 0.019 0.021 0.016 0.024 0.019 0.022 0.020 0.019 0.019 0.020 0.021 0.018 0.019 0.020 0.019 0.019 0.021 0.019 0.020 0.018 0.021 0.018 0.019 0.019 0.019 0.022 0.019 0.019 0.017 0.020 0.019 0.022 0.019 0.019 0.018 0.016 0.019 0.021 0.021 0.018 0.020 0.021 0.019 0.019 0.022 0.017 0.019 0.019 0.021 0.017 0.018 0.019 0.021 0.019 0.021 0.019 0.018 0.019 0.019 0.018 0.020 0.019 0.019 0.018 0.019 0.021 0.020 
0.009 0.009 0.019 0.007 0.012 0.030 0.009 0.009 0.020 0.012 0.009 0.018 0.000 0.016 0.011 0.019 0.009 0.012 0.016 0.032 0.010 0.021 0.020 0.013 0.014 0.019 0.011 0.008 0.013 0.013 0.015 0.017 0.019 0.016 0.012 0.013 0.009 0.016 0.013 0.009 0.009 0.012 0.011 0.011 0.014 0.011 0.011 0.017 0.015 0.009 0.009 0.009 0.008 0.015 0.010 0.012 0.015 0.013 0.009 0.017 0.010 0.010 0.018 0.015 0.009 0.014 0.013 0.013 0.013 0.014 0.009 0.009 0.017 0.014 0.016 0.010 0.015 0.016 0.009 0.010 0.014 0.013 0.016 0.012 0.009 0.009 0.010 0.010 0.014 0.009 0.010 0.010 0.012 0.017 0.013 
0.015 0.016 0.019 0.016 0.017 0.029 0.015 0.015 0.023 0.018 0.015 0.022 0.016 0.000 0.016 0.022 0.016 0.017 0.019 0.032 0.016 0.020 0.023 0.018 0.015 0.021 0.016 0.015 0.018 0.017 0.019 0.021 0.023 0.020 0.017 0.018 0.015 0.017 0.018 0.015 0.015 0.017 0.017 0.017 0.019 0.017 0.017 0.021 0.019 0.015 0.016 0.015 0.015 0.020 0.017 0.019 0.018 0.018 0.016 0.019 0.015 0.015 0.019 0.019 0.015 0.019 0.018 0.018 0.017 0.018 0.015 0.015 0.018 0.018 0.019 0.016 0.019 0.019 0.015 0.015 0.018 0.018 0.019 0.017 0.017 0.015 0.015 0.017 0.019 0.015 0.016 0.016 0.017 0.020 0.017 
0.009 0.009 0.019 0.010 0.012 0.030 0.009 0.009 0.021 0.013 0.009 0.018 0.011 0.016 0.000 0.020 0.010 0.012 0.015 0.031 0.010 0.021 0.020 0.013 0.014 0.018 0.011 0.009 0.013 0.014 0.015 0.017 0.020 0.016 0.013 0.012 0.009 0.016 0.014 0.009 0.009 0.012 0.011 0.011 0.014 0.011 0.011 0.017 0.015 0.009 0.010 0.010 0.009 0.015 0.011 0.014 0.015 0.013 0.010 0.016 0.010 0.010 0.018 0.015 0.010 0.014 0.013 0.013 0.013 0.014 0.009 0.009 0.017 0.014 0.016 0.010 0.016 0.016 0.009 0.010 0.014 0.013 0.017 0.012 0.011 0.010 0.010 0.011 0.014 0.009 0.010 0.009 0.012 0.017 0.014 
0.019 0.019 0.022 0.019 0.020 0.032 0.019 0.019 0.024 0.020 0.019 0.024 0.019 0.022 0.020 0.000 0.019 0.020 0.022 0.030 0.019 0.023 0.022 0.018 0.020 0.025 0.020 0.019 0.018 0.021 0.021 0.022 0.024 0.023 0.020 0.019 0.019 0.021 0.022 0.019 0.019 0.020 0.019 0.020 0.021 0.020 0.020 0.022 0.020 0.019 0.019 0.019 0.019 0.022 0.020 0.020 0.021 0.020 0.019 0.021 0.019 0.019 0.023 0.021 0.019 0.021 0.021 0.018 0.020 0.021 0.019 0.019 0.020 0.020 0.021 0.019 0.020 0.023 0.019 0.019 0.022 0.019 0.019 0.019 0.020 0.019 0.019 0.020 0.020 0.019 0.020 0.020 0.019 0.021 0.021 
0.008 0.009 0.019 0.009 0.010 0.030 0.008 0.005 0.020 0.012 0.007 0.019 0.009 0.016 0.010 0.019 0.000 0.011 0.015 0.031 0.008 0.020 0.020 0.011 0.013 0.018 0.009 0.006 0.012 0.011 0.014 0.016 0.019 0.016 0.012 0.012 0.006 0.016 0.013 0.009 0.006 0.010 0.011 0.010 0.013 0.010 0.010 0.017 0.013 0.008 0.008 0.007 0.006 0.015 0.009 0.014 0.015 0.013 0.004 0.016 0.007 0.008 0.017 0.015 0.009 0.013 0.012 0.012 0.013 0.014 0.006 0.006 0.017 0.014 0.016 0.008 0.015 0.015 0.009 0.008 0.013 0.012 0.016 0.011 0.009 0.008 0.007 0.008 0.014 0.008 0.008 0.009 0.010 0.017 0.012 
0.011 0.011 0.020 0.012 0.014 0.030 0.011 0.011 0.021 0.014 0.011 0.019 0.012 0.017 0.012 0.020 0.011 0.000 0.016 0.031 0.011 0.021 0.021 0.013 0.014 0.018 0.013 0.011 0.014 0.015 0.015 0.019 0.020 0.016 0.012 0.013 0.011 0.017 0.015 0.011 0.011 0.013 0.013 0.013 0.015 0.013 0.013 0.018 0.015 0.011 0.011 0.011 0.010 0.017 0.012 0.015 0.016 0.014 0.011 0.016 0.012 0.012 0.018 0.015 0.011 0.015 0.014 0.013 0.014 0.016 0.011 0.011 0.018 0.015 0.016 0.012 0.017 0.016 0.011 0.011 0.015 0.014 0.017 0.013 0.013 0.011 0.012 0.013 0.015 0.011 0.012 0.011 0.013 0.018 0.012 
0.015 0.015 0.022 0.016 0.017 0.029 0.015 0.015 0.022 0.017 0.015 0.018 0.016 0.019 0.015 0.022 0.015 0.016 0.000 0.032 0.015 0.022 0.021 0.015 0.017 0.016 0.016 0.014 0.015 0.018 0.014 0.018 0.019 0.019 0.016 0.016 0.014 0.020 0.018 0.014 0.015 0.016 0.016 0.016 0.018 0.016 0.016 0.018 0.017 0.014 0.015 0.015 0.014 0.018 0.016 0.017 0.018 0.018 0.015 0.019 0.015 0.015 0.016 0.015 0.015 0.018 0.017 0.015 0.017 0.015 0.015 0.014 0.021 0.014 0.016 0.016 0.019 0.015 0.015 0.015 0.018 0.016 0.019 0.015 0.016 0.015 0.015 0.017 0.017 0.015 0.015 0.015 0.016 0.018 0.016 
0.031 0.032 0.032 0.031 0.031 0.032 0.032 0.031 0.035 0.031 0.031 0.036 0.032 0.032 0.031 0.030 0.031 0.031 0.032 0.000 0.031 0.033 0.034 0.031 0.031 0.032 0.031 0.031 0.031 0.031 0.034 0.030 0.036 0.031 0.031 0.031 0.031 0.032 0.032 0.031 0.031 0.030 0.031 0.031 0.031 0.031 0.031 0.034 0.029 0.031 0.032 0.031 0.031 0.032 0.031 0.032 0.034 0.032 0.031 0.029 0.031 0.032 0.035 0.035 0.032 0.031 0.031 0.031 0.031 0.031 0.031 0.031 0.029 0.034 0.032 0.031 0.034 0.033 0.032 0.031 0.030 0.031 0.031 0.031 0.032 0.031 0.031 0.032 0.031 0.031 0.032 0.031 0.032 0.032 0.030 
0.008 0.009 0.019 0.009 0.010 0.029 0.009 0.007 0.021 0.012 0.008 0.019 0.010 0.016 0.010 0.019 0.008 0.011 0.015 0.031 0.000 0.021 0.020 0.012 0.013 0.018 0.010 0.007 0.013 0.012 0.014 0.017 0.019 0.015 0.012 0.012 0.006 0.017 0.013 0.009 0.007 0.010 0.010 0.009 0.013 0.009 0.010 0.018 0.014 0.009 0.009 0.008 0.007 0.015 0.009 0.014 0.015 0.012 0.007 0.016 0.008 0.009 0.017 0.015 0.009 0.014 0.013 0.013 0.013 0.013 0.007 0.007 0.017 0.014 0.016 0.009 0.015 0.016 0.009 0.008 0.013 0.012 0.016 0.012 0.011 0.009 0.009 0.010 0.014 0.009 0.009 0.010 0.011 0.017 0.012 
0.020 0.020 0.018 0.021 0.022 0.027 0.020 0.021 0.022 0.022 0.020 0.023 0.021 0.020 0.021 0.023 0.020 0.021 0.022 0.033 0.021 0.000 0.023 0.020 0.018 0.024 0.020 0.020 0.021 0.021 0.022 0.024 0.025 0.024 0.022 0.021 0.021 0.016 0.021 0.020 0.021 0.022 0.021 0.021 0.021 0.021 0.022 0.024 0.021 0.020 0.021 0.021 0.020 0.023 0.022 0.021 0.021 0.022 0.021 0.023 0.021 0.021 0.023 0.022 0.020 0.022 0.022 0.020 0.020 0.023 0.021 0.021 0.020 0.022 0.022 0.021 0.024 0.022 0.021 0.021 0.023 0.021 0.021 0.020 0.021 0.020 0.020 0.021 0.020 0.021 0.021 0.020 0.021 0.020 0.022 
0.019 0.020 0.024 0.020 0.021 0.031 0.019 0.020 0.022 0.021 0.019 0.021 0.020 0.023 0.020 0.022 0.020 0.021 0.021 0.034 0.020 0.023 0.000 0.018 0.021 0.023 0.020 0.020 0.018 0.022 0.019 0.022 0.021 0.023 0.021 0.019 0.020 0.023 0.022 0.020 0.020 0.021 0.020 0.020 0.022 0.020 0.020 0.021 0.020 0.020 0.020 0.020 0.020 0.022 0.021 0.018 0.016 0.021 0.019 0.023 0.020 0.019 0.021 0.019 0.020 0.021 0.021 0.018 0.021 0.021 0.020 0.020 0.024 0.019 0.021 0.020 0.022 0.020 0.020 0.020 0.022 0.019 0.020 0.019 0.019 0.020 0.019 0.019 0.021 0.019 0.020 0.020 0.019 0.021 0.021 
0.012 0.013 0.020 0.012 0.014 0.030 0.012 0.011 0.020 0.015 0.012 0.018 0.013 0.018 0.013 0.018 0.011 0.013 0.015 0.031 0.012 0.020 0.018 0.000 0.015 0.017 0.013 0.011 0.008 0.015 0.013 0.016 0.018 0.018 0.014 0.011 0.010 0.018 0.016 0.012 0.011 0.013 0.013 0.013 0.016 0.013 0.013 0.017 0.013 0.012 0.012 0.011 0.011 0.017 0.013 0.011 0.016 0.015 0.011 0.017 0.012 0.013 0.016 0.014 0.013 0.016 0.015 0.008 0.015 0.016 0.011 0.011 0.019 0.013 0.016 0.012 0.017 0.015 0.012 0.012 0.015 0.011 0.014 0.010 0.013 0.012 0.012 0.013 0.013 0.012 0.012 0.013 0.012 0.014 0.014 
0.012 0.013 0.016 0.013 0.015 0.027 0.012 0.012 0.021 0.015 0.012 0.020 0.014 0.015 0.014 0.020 0.013 0.014 0.017 0.031 0.013 0.018 0.021 0.015 0.000 0.019 0.014 0.013 0.015 0.015 0.017 0.019 0.022 0.017 0.014 0.015 0.012 0.014 0.015 0.012 0.012 0.015 0.015 0.014 0.016 0.014 0.014 0.019 0.017 0.012 0.012 0.012 0.012 0.018 0.014 0.016 0.017 0.015 0.013 0.018 0.013 0.012 0.019 0.017 0.012 0.016 0.015 0.015 0.014 0.017 0.012 0.012 0.017 0.016 0.017 0.014 0.017 0.018 0.012 0.012 0.016 0.015 0.017 0.015 0.014 0.012 0.012 0.015 0.017 0.012 0.014 0.012 0.014 0.018 0.016 
0.018 0.018 0.023 0.018 0.017 0.028 0.018 0.018 0.023 0.018 0.018 0.020 0.019 0.021 0.018 0.025 0.018 0.018 0.016 0.032 0.018 0.024 0.023 0.017 0.019 0.000 0.018 0.018 0.019 0.019 0.016 0.021 0.020 0.020 0.018 0.018 0.017 0.022 0.019 0.017 0.018 0.017 0.018 0.018 0.020 0.018 0.018 0.019 0.020 0.018 0.016 0.018 0.018 0.020 0.018 0.020 0.020 0.020 0.018 0.020 0.018 0.018 0.017 0.018 0.017 0.020 0.019 0.018 0.019 0.020 0.018 0.018 0.023 0.017 0.017 0.018 0.021 0.014 0.017 0.018 0.018 0.019 0.020 0.018 0.019 0.018 0.018 0.020 0.020 0.018 0.018 0.018 0.018 0.020 0.018 
0.010 0.010 0.019 0.010 0.012 0.029 0.010 0.009 0.020 0.013 0.010 0.019 0.011 0.016 0.011 0.020 0.009 0.013 0.016 0.031 0.010 0.020 0.020 0.013 0.014 0.018 0.000 0.009 0.013 0.013 0.015 0.018 0.020 0.017 0.013 0.014 0.009 0.016 0.014 0.011 0.009 0.012 0.012 0.012 0.014 0.011 0.012 0.018 0.015 0.010 0.010 0.010 0.009 0.016 0.010 0.015 0.015 0.013 0.009 0.017 0.010 0.010 0.017 0.015 0.010 0.015 0.014 0.013 0.013 0.014 0.009 0.009 0.018 0.015 0.016 0.011 0.016 0.016 0.010 0.010 0.014 0.014 0.017 0.012 0.011 0.010 0.010 0.012 0.015 0.010 0.010 0.011 0.011 0.017 0.013 
0.007 0.007 0.019 0.006 0.010 0.030 0.008 0.004 0.021 0.011 0.007 0.018 0.008 0.015 0.009 0.019 0.006 0.011 0.014 0.031 0.007 0.020 0.020 0.011 0.013 0.018 0.009 0.000 0.012 0.012 0.014 0.017 0.019 0.016 0.011 0.012 0.004 0.016 0.013 0.007 0.006 0.009 0.009 0.009 0.012 0.008 0.009 0.017 0.013 0.007 0.008 0.006 0.005 0.014 0.008 0.013 0.014 0.012 0.005 0.016 0.008 0.008 0.017 0.015 0.008 0.013 0.012 0.012 0.012 0.014 0.005 0.005 0.017 0.014 0.016 0.008 0.015 0.015 0.008 0.008 0.013 0.012 0.016 0.011 0.009 0.008 0.008 0.009 0.014 0.008 0.008 0.008 0.011 0.017 0.012 
0.012 0.013 0.021 0.012 0.014 0.031 0.013 0.011 0.021 0.015 0.013 0.019 0.013 0.018 0.013 0.018 0.012 0.014 0.015 0.031 0.013 0.021 0.018 0.008 0.015 0.019 0.013 0.012 0.000 0.016 0.015 0.016 0.019 0.018 0.015 0.012 0.011 0.019 0.017 0.013 0.011 0.014 0.013 0.013 0.016 0.013 0.013 0.018 0.014 0.013 0.013 0.012 0.012 0.018 0.013 0.012 0.016 0.015 0.012 0.018 0.012 0.013 0.017 0.015 0.013 0.016 0.016 0.009 0.016 0.017 0.012 0.012 0.019 0.014 0.016 0.013 0.018 0.016 0.013 0.013 0.016 0.012 0.014 0.010 0.013 0.013 0.012 0.013 0.014 0.013 0.013 0.013 0.013 0.015 0.014 
0.012 0.013 0.020 0.013 0.014 0.028 0.012 0.012 0.023 0.015 0.012 0.021 0.013 0.017 0.014 0.021 0.011 0.015 0.018 0.031 0.012 0.021 0.022 0.015 0.015 0.019 0.013 0.012 0.016 0.000 0.017 0.019 0.022 0.018 0.015 0.016 0.011 0.018 0.011 0.013 0.012 0.013 0.014 0.013 0.015 0.013 0.014 0.020 0.017 0.013 0.013 0.012 0.012 0.015 0.013 0.017 0.018 0.015 0.012 0.019 0.011 0.012 0.018 0.018 0.013 0.016 0.015 0.015 0.016 0.016 0.012 0.012 0.020 0.017 0.019 0.013 0.017 0.018 0.013 0.012 0.016 0.016 0.018 0.015 0.014 0.012 0.012 0.013 0.015 0.012 0.014 0.014 0.014 0.018 0.015 
0.014 0.015 0.021 0.015 0.016 0.030 0.014 0.014 0.022 0.016 0.014 0.016 0.015 0.019 0.015 0.021 0.014 0.015 0.014 0.034 0.014 0.022 0.019 0.013 0.017 0.016 0.015 0.014 0.015 0.017 0.000 0.020 0.017 0.019 0.015 0.015 0.014 0.019 0.018 0.014 0.014 0.016 0.015 0.015 0.017 0.015 0.015 0.015 0.017 0.015 0.014 0.014 0.014 0.018 0.015 0.016 0.015 0.015 0.014 0.019 0.014 0.014 0.014 0.012 0.014 0.017 0.016 0.014 0.017 0.017 0.014 0.014 0.020 0.011 0.015 0.015 0.016 0.014 0.014 0.014 0.017 0.015 0.017 0.015 0.015 0.014 0.014 0.015 0.016 0.014 0.014 0.015 0.015 0.018 0.016 
0.017 0.018 0.023 0.017 0.018 0.029 0.017 0.017 0.024 0.017 0.017 0.024 0.017 0.021 0.017 0.022 0.016 0.019 0.018 0.030 0.017 0.024 0.022 0.016 0.019 0.021 0.018 0.017 0.016 0.019 0.020 0.000 0.023 0.021 0.019 0.017 0.016 0.022 0.020 0.017 0.016 0.018 0.018 0.018 0.020 0.018 0.018 0.022 0.017 0.017 0.018 0.017 0.017 0.019 0.018 0.017 0.020 0.020 0.017 0.021 0.017 0.017 0.022 0.020 0.018 0.019 0.019 0.016 0.019 0.018 0.017 0.017 0.022 0.020 0.021 0.018 0.021 0.019 0.018 0.017 0.017 0.017 0.019 0.015 0.018 0.017 0.017 0.018 0.019 0.017 0.017 0.018 0.018 0.019 0.018 
0.019 0.019 0.024 0.019 0.019 0.030 0.019 0.019 0.022 0.020 0.019 0.019 0.019 0.023 0.020 0.024 0.019 0.020 0.019 0.036 0.019 0.025 0.021 0.018 0.022 0.020 0.020 0.019 0.019 0.022 0.017 0.023 0.000 0.021 0.020 0.019 0.019 0.023 0.022 0.019 0.019 0.019 0.018 0.018 0.020 0.018 0.018 0.016 0.021 0.019 0.019 0.019 0.019 0.020 0.020 0.019 0.018 0.020 0.019 0.022 0.019 0.019 0.019 0.014 0.019 0.020 0.020 0.019 0.021 0.020 0.019 0.019 0.024 0.016 0.020 0.019 0.021 0.018 0.019 0.019 0.021 0.019 0.020 0.020 0.019 0.019 0.020 0.019 0.020 0.019 0.019 0.020 0.019 0.021 0.019 
0.015 0.015 0.021 0.016 0.015 0.029 0.015 0.015 0.024 0.017 0.015 0.022 0.016 0.020 0.016 0.023 0.016 0.016 0.019 0.031 0.015 0.024 0.023 0.018 0.017 0.020 0.017 0.016 0.018 0.018 0.019 0.021 0.021 0.000 0.017 0.017 0.015 0.020 0.018 0.015 0.016 0.016 0.014 0.013 0.016 0.013 0.013 0.019 0.019 0.015 0.015 0.015 0.015 0.018 0.016 0.018 0.018 0.017 0.016 0.019 0.015 0.015 0.021 0.019 0.015 0.017 0.016 0.018 0.018 0.017 0.016 0.015 0.021 0.018 0.019 0.016 0.019 0.019 0.015 0.015 0.017 0.018 0.018 0.017 0.017 0.015 0.016 0.017 0.019 0.015 0.016 0.015 0.017 0.020 0.017 
0.011 0.012 0.019 0.012 0.014 0.030 0.011 0.011 0.022 0.013 0.011 0.020 0.012 0.017 0.013 0.020 0.012 0.012 0.016 0.031 0.012 0.022 0.021 0.014 0.014 0.018 0.013 0.011 0.015 0.015 0.015 0.019 0.020 0.017 0.000 0.014 0.011 0.017 0.015 0.011 0.011 0.013 0.013 0.013 0.015 0.013 0.013 0.018 0.015 0.011 0.011 0.012 0.011 0.016 0.012 0.015 0.017 0.014 0.011 0.017 0.012 0.011 0.018 0.016 0.011 0.015 0.014 0.014 0.014 0.016 0.011 0.011 0.019 0.015 0.016 0.011 0.016 0.017 0.011 0.011 0.015 0.014 0.017 0.014 0.013 0.011 0.011 0.013 0.015 0.011 0.012 0.012 0.012 0.018 0.014 
0.012 0.011 0.021 0.013 0.014 0.030 0.012 0.012 0.021 0.014 0.012 0.019 0.013 0.018 0.012 0.019 0.012 0.013 0.016 0.031 0.012 0.021 0.019 0.011 0.015 0.018 0.014 0.012 0.012 0.016 0.015 0.017 0.019 0.017 0.014 0.000 0.011 0.018 0.016 0.011 0.012 0.014 0.014 0.013 0.016 0.013 0.013 0.016 0.014 0.012 0.012 0.012 0.011 0.017 0.013 0.011 0.017 0.015 0.012 0.017 0.013 0.012 0.018 0.015 0.012 0.016 0.015 0.011 0.015 0.016 0.011 0.011 0.019 0.015 0.017 0.012 0.017 0.016 0.012 0.012 0.015 0.005 0.014 0.011 0.013 0.012 0.012 0.013 0.008 0.012 0.012 0.012 0.014 0.013 0.014 
0.006 0.008 0.018 0.006 0.010 0.029 0.007 0.004 0.020 0.011 0.007 0.019 0.009 0.015 0.009 0.019 0.006 0.011 0.014 0.031 0.006 0.021 0.020 0.010 0.012 0.017 0.009 0.004 0.011 0.011 0.014 0.016 0.019 0.015 0.011 0.011 0.000 0.016 0.013 0.008 0.004 0.009 0.009 0.009 0.012 0.008 0.009 0.017 0.013 0.007 0.007 0.006 0.004 0.015 0.008 0.013 0.014 0.011 0.004 0.016 0.007 0.008 0.017 0.015 0.008 0.013 0.012 0.012 0.012 0.013 0.004 0.004 0.016 0.014 0.015 0.007 0.014 0.015 0.007 0.007 0.012 0.012 0.016 0.010 0.009 0.007 0.007 0.009 0.014 0.007 0.008 0.008 0.010 0.016 0.011 
0.016 0.014 0.011 0.016 0.018 0.025 0.016 0.016 0.020 0.018 0.016 0.020 0.016 0.017 0.016 0.021 0.016 0.017 0.020 0.032 0.017 0.016 0.023 0.018 0.014 0.022 0.016 0.016 0.019 0.018 0.019 0.022 0.023 0.020 0.017 0.018 0.016 0.000 0.018 0.015 0.016 0.018 0.017 0.017 0.017 0.017 0.017 0.021 0.019 0.014 0.016 0.016 0.016 0.020 0.017 0.019 0.017 0.018 0.016 0.020 0.016 0.016 0.021 0.020 0.016 0.018 0.018 0.018 0.017 0.020 0.016 0.016 0.018 0.019 0.020 0.017 0.018 0.020 0.016 0.016 0.019 0.018 0.019 0.018 0.017 0.016 0.016 0.017 0.018 0.016 0.017 0.015 0.018 0.020 0.019 
0.014 0.013 0.020 0.013 0.015 0.029 0.013 0.013 0.022 0.016 0.013 0.021 0.013 0.018 0.014 0.022 0.013 0.015 0.018 0.032 0.013 0.021 0.022 0.016 0.015 0.019 0.014 0.013 0.017 0.011 0.018 0.020 0.022 0.018 0.015 0.016 0.013 0.018 0.000 0.013 0.013 0.014 0.015 0.014 0.016 0.014 0.014 0.020 0.018 0.013 0.013 0.013 0.013 0.017 0.014 0.016 0.018 0.016 0.013 0.019 0.013 0.013 0.018 0.018 0.013 0.017 0.016 0.016 0.015 0.017 0.013 0.013 0.020 0.017 0.018 0.014 0.017 0.019 0.013 0.012 0.017 0.016 0.018 0.015 0.014 0.013 0.013 0.015 0.016 0.013 0.014 0.014 0.015 0.018 0.016 
0.007 0.006 0.018 0.009 0.012 0.030 0.007 0.008 0.021 0.011 0.007 0.018 0.009 0.015 0.009 0.019 0.009 0.011 0.014 0.031 0.009 0.020 0.020 0.012 0.012 0.017 0.011 0.007 0.013 0.013 0.014 0.017 0.019 0.015 0.011 0.011 0.008 0.015 0.013 0.000 0.008 0.011 0.011 0.010 0.013 0.010 0.010 0.017 0.014 0.006 0.008 0.007 0.008 0.015 0.010 0.013 0.015 0.013 0.008 0.015 0.008 0.008 0.017 0.014 0.008 0.013 0.012 0.012 0.011 0.014 0.008 0.007 0.017 0.013 0.015 0.009 0.015 0.015 0.007 0.008 0.013 0.012 0.015 0.012 0.010 0.007 0.008 0.010 0.013 0.008 0.009 0.005 0.011 0.016 0.013 
0.007 0.008 0.019 0.007 0.010 0.030 0.008 0.005 0.021 0.011 0.007 0.019 0.009 0.015 0.009 0.019 0.006 0.011 0.015 0.031 0.007 0.021 0.020 0.011 0.012 0.018 0.009 0.006 0.011 0.012 0.014 0.016 0.019 0.016 0.011 0.012 0.004 0.016 0.013 0.008 0.000 0.009 0.010 0.009 0.012 0.009 0.009 0.017 0.013 0.008 0.008 0.007 0.005 0.015 0.008 0.013 0.014 0.012 0.005 0.016 0.007 0.008 0.017 0.015 0.008 0.013 0.012 0.012 0.012 0.014 0.005 0.005 0.017 0.014 0.016 0.008 0.015 0.015 0.008 0.008 0.013 0.012 0.016 0.011 0.009 0.008 0.007 0.009 0.014 0.008 0.009 0.009 0.010 0.016 0.012 
0.010 0.011 0.020 0.010 0.011 0.028 0.011 0.009 0.021 0.013 0.010 0.020 0.012 0.017 0.012 0.020 0.010 0.013 0.016 0.030 0.010 0.022 0.021 0.013 0.015 0.017 0.012 0.009 0.014 0.013 0.016 0.018 0.019 0.016 0.013 0.014 0.009 0.018 0.014 0.011 0.009 0.000 0.010 0.010 0.013 0.009 0.010 0.019 0.016 0.011 0.011 0.010 0.009 0.014 0.011 0.015 0.016 0.014 0.009 0.017 0.011 0.011 0.018 0.017 0.011 0.014 0.014 0.014 0.015 0.015 0.009 0.009 0.018 0.015 0.017 0.011 0.016 0.016 0.011 0.011 0.014 0.014 0.016 0.013 0.012 0.011 0.010 0.012 0.016 0.010 0.011 0.012 0.013 0.017 0.012 
0.010 0.011 0.019 0.010 0.008 0.030 0.010 0.009 0.021 0.013 0.010 0.019 0.011 0.017 0.011 0.019 0.011 0.013 0.016 0.031 0.010 0.021 0.020 0.013 0.015 0.018 0.012 0.009 0.013 0.014 0.015 0.018 0.018 0.014 0.013 0.014 0.009 0.017 0.015 0.011 0.010 0.010 0.000 0.005 0.010 0.004 0.006 0.018 0.015 0.011 0.010 0.010 0.009 0.015 0.011 0.015 0.015 0.013 0.010 0.017 0.010 0.011 0.018 0.016 0.011 0.014 0.014 0.013 0.015 0.015 0.010 0.009 0.018 0.014 0.017 0.011 0.017 0.016 0.010 0.011 0.014 0.014 0.015 0.012 0.011 0.011 0.010 0.011 0.015 0.011 0.011 0.012 0.012 0.017 0.013 
0.010 0.010 0.019 0.009 0.006 0.029 0.010 0.009 0.021 0.013 0.009 0.019 0.011 0.017 0.011 0.020 0.010 0.013 0.016 0.031 0.009 0.021 0.020 0.013 0.014 0.018 0.012 0.009 0.013 0.013 0.015 0.018 0.018 0.013 0.013 0.013 0.009 0.017 0.014 0.010 0.009 0.010 0.005 0.000 0.009 0.003 0.004 0.018 0.015 0.010 0.011 0.009 0.009 0.014 0.011 0.014 0.015 0.013 0.010 0.017 0.010 0.010 0.018 0.016 0.011 0.014 0.014 0.014 0.014 0.014 0.009 0.009 0.018 0.014 0.017 0.010 0.016 0.016 0.010 0.010 0.014 0.013 0.015 0.013 0.011 0.010 0.010 0.011 0.015 0.010 0.011 0.011 0.012 0.017 0.013 
0.013 0.013 0.019 0.013 0.011 0.029 0.013 0.012 0.022 0.015 0.013 0.021 0.014 0.019 0.014 0.021 0.013 0.015 0.018 0.031 0.013 0.021 0.022 0.016 0.016 0.020 0.014 0.012 0.016 0.015 0.017 0.020 0.020 0.016 0.015 0.016 0.012 0.017 0.016 0.013 0.012 0.013 0.010 0.009 0.000 0.009 0.010 0.020 0.017 0.014 0.014 0.012 0.012 0.016 0.014 0.017 0.017 0.015 0.013 0.019 0.013 0.013 0.020 0.018 0.013 0.015 0.016 0.016 0.015 0.017 0.013 0.013 0.018 0.016 0.019 0.013 0.017 0.018 0.013 0.013 0.016 0.016 0.016 0.015 0.014 0.013 0.014 0.014 0.016 0.013 0.014 0.014 0.015 0.018 0.015 
0.009 0.010 0.019 0.009 0.007 0.029 0.009 0.008 0.021 0.012 0.009 0.019 0.011 0.017 0.011 0.020 0.010 0.013 0.016 0.031 0.009 0.021 0.020 0.013 0.014 0.018 0.011 0.008 0.013 0.013 0.015 0.018 0.018 0.013 0.013 0.013 0.008 0.017 0.014 0.010 0.009 0.009 0.004 0.003 0.009 0.000 0.004 0.018 0.015 0.010 0.010 0.009 0.008 0.014 0.011 0.014 0.015 0.013 0.009 0.017 0.009 0.010 0.018 0.016 0.010 0.013 0.014 0.014 0.014 0.014 0.009 0.009 0.018 0.014 0.017 0.010 0.016 0.016 0.010 0.010 0.014 0.013 0.015 0.013 0.011 0.010 0.010 0.011 0.015 0.010 0.011 0.011 0.012 0.017 0.012 
0.010 0.010 0.019 0.010 0.007 0.029 0.010 0.009 0.021 0.012 0.010 0.020 0.011 0.017 0.011 0.020 0.010 0.013 0.016 0.031 0.010 0.022 0.020 0.013 0.014 0.018 0.012 0.009 0.013 0.014 0.015 0.018 0.018 0.013 0.013 0.013 0.009 0.017 0.014 0.010 0.009 0.010 0.006 0.004 0.010 0.004 0.000 0.018 0.015 0.010 0.010 0.010 0.009 0.014 0.011 0.014 0.015 0.013 0.010 0.017 0.010 0.010 0.018 0.016 0.010 0.014 0.014 0.014 0.014 0.014 0.010 0.009 0.018 0.014 0.016 0.011 0.016 0.016 0.010 0.010 0.014 0.013 0.015 0.013 0.011 0.010 0.010 0.012 0.015 0.010 0.011 0.011 0.012 0.017 0.013 
0.016 0.017 0.019 0.018 0.019 0.030 0.016 0.017 0.022 0.018 0.016 0.018 0.017 0.021 0.017 0.022 0.017 0.018 0.018 0.034 0.018 0.024 0.021 0.017 0.019 0.019 0.018 0.017 0.018 0.020 0.015 0.022 0.016 0.019 0.018 0.016 0.017 0.021 0.020 0.017 0.017 0.019 0.018 0.018 0.020 0.018 0.018 0.000 0.019 0.017 0.017 0.017 0.017 0.020 0.018 0.018 0.018 0.018 0.017 0.021 0.017 0.016 0.017 0.012 0.016 0.018 0.013 0.017 0.019 0.019 0.017 0.017 0.023 0.014 0.018 0.018 0.019 0.017 0.016 0.017 0.018 0.016 0.020 0.018 0.017 0.016 0.017 0.017 0.018 0.016 0.017 0.017 0.017 0.019 0.019 
0.014 0.014 0.022 0.014 0.015 0.031 0.014 0.013 0.023 0.017 0.014 0.021 0.015 0.019 0.015 0.020 0.013 0.015 0.017 0.029 0.014 0.021 0.020 0.013 0.017 0.020 0.015 0.013 0.014 0.017 0.017 0.017 0.021 0.019 0.015 0.014 0.013 0.019 0.018 0.014 0.013 0.016 0.015 0.015 0.017 0.015 0.015 0.019 0.000 0.014 0.014 0.013 0.013 0.019 0.014 0.015 0.018 0.017 0.013 0.018 0.014 0.015 0.020 0.017 0.015 0.017 0.017 0.014 0.016 0.017 0.013 0.013 0.019 0.016 0.017 0.012 0.018 0.019 0.014 0.014 0.016 0.014 0.017 0.013 0.015 0.014 0.014 0.015 0.015 0.014 0.014 0.014 0.016 0.018 0.014 
0.007 0.003 0.018 0.009 0.011 0.030 0.008 0.008 0.020 0.012 0.007 0.018 0.009 0.015 0.009 0.019 0.008 0.011 0.014 0.031 0.009 0.020 0.020 0.012 0.012 0.018 0.010 0.007 0.013 0.013 0.015 0.017 0.019 0.015 0.011 0.012 0.007 0.014 0.013 0.006 0.008 0.011 0.011 0.010 0.014 0.010 0.010 0.017 0.014 0.000 0.008 0.009 0.007 0.015 0.010 0.013 0.015 0.013 0.008 0.016 0.008 0.008 0.017 0.014 0.008 0.014 0.012 0.012 0.011 0.014 0.008 0.007 0.017 0.014 0.015 0.009 0.015 0.015 0.007 0.008 0.013 0.012 0.016 0.011 0.010 0.007 0.008 0.010 0.013 0.008 0.009 0.005 0.011 0.016 0.013 
0.007 0.008 0.018 0.009 0.011 0.030 0.008 0.008 0.020 0.011 0.007 0.019 0.009 0.016 0.010 0.019 0.008 0.011 0.015 0.032 0.009 0.021 0.020 0.012 0.012 0.016 0.010 0.008 0.013 0.013 0.014 0.018 0.019 0.015 0.011 0.012 0.007 0.016 0.013 0.008 0.008 0.011 0.010 0.011 0.014 0.010 0.010 0.017 0.014 0.008 0.000 0.008 0.007 0.015 0.011 0.014 0.015 0.012 0.008 0.014 0.008 0.008 0.016 0.014 0.006 0.014 0.012 0.012 0.012 0.014 0.008 0.008 0.017 0.014 0.014 0.010 0.014 0.016 0.004 0.008 0.013 0.012 0.016 0.011 0.010 0.008 0.008 0.011 0.014 0.008 0.009 0.009 0.010 0.017 0.013 
0.008 0.009 0.019 0.008 0.010 0.030 0.009 0.006 0.021 0.012 0.008 0.019 0.009 0.015 0.010 0.019 0.007 0.011 0.015 0.031 0.008 0.021 0.020 0.011 0.012 0.018 0.010 0.006 0.012 0.012 0.014 0.017 0.019 0.015 0.012 0.012 0.006 0.016 0.013 0.007 0.007 0.010 0.010 0.009 0.012 0.009 0.010 0.017 0.013 0.009 0.008 0.000 0.005 0.015 0.009 0.014 0.015 0.012 0.007 0.016 0.009 0.009 0.017 0.015 0.009 0.013 0.013 0.012 0.012 0.014 0.007 0.006 0.016 0.013 0.016 0.008 0.015 0.015 0.009 0.009 0.013 0.012 0.016 0.011 0.010 0.009 0.008 0.010 0.014 0.009 0.009 0.008 0.011 0.017 0.012 
0.007 0.008 0.018 0.007 0.010 0.030 0.007 0.004 0.020 0.011 0.007 0.019 0.008 0.015 0.009 0.019 0.006 0.010 0.014 0.031 0.007 0.020 0.020 0.011 0.012 0.018 0.009 0.005 0.012 0.012 0.014 0.017 0.019 0.015 0.011 0.011 0.004 0.016 0.013 0.008 0.005 0.009 0.009 0.009 0.012 0.008 0.009 0.017 0.013 0.007 0.007 0.005 0.000 0.014 0.008 0.013 0.015 0.012 0.005 0.015 0.008 0.008 0.017 0.015 0.008 0.013 0.012 0.012 0.012 0.013 0.005 0.004 0.016 0.014 0.015 0.008 0.015 0.015 0.008 0.007 0.012 0.011 0.016 0.010 0.009 0.007 0.007 0.009 0.014 0.007 0.008 0.009 0.010 0.016 0.011 
0.015 0.015 0.021 0.015 0.015 0.028 0.015 0.015 0.024 0.013 0.015 0.022 0.015 0.020 0.015 0.022 0.015 0.017 0.018 0.032 0.015 0.023 0.022 0.017 0.018 0.020 0.016 0.014 0.018 0.015 0.018 0.019 0.020 0.018 0.016 0.017 0.015 0.020 0.017 0.015 0.015 0.014 0.015 0.014 0.016 0.014 0.014 0.020 0.019 0.015 0.015 0.015 0.014 0.000 0.016 0.018 0.018 0.017 0.015 0.020 0.015 0.015 0.019 0.019 0.014 0.017 0.016 0.018 0.018 0.016 0.015 0.015 0.021 0.018 0.020 0.015 0.017 0.017 0.015 0.015 0.016 0.017 0.019 0.017 0.016 0.015 0.015 0.016 0.018 0.015 0.016 0.016 0.016 0.019 0.016 
0.010 0.010 0.019 0.009 0.012 0.030 0.010 0.008 0.021 0.013 0.010 0.019 0.010 0.017 0.011 0.020 0.009 0.012 0.016 0.031 0.009 0.022 0.021 0.013 0.014 0.018 0.010 0.008 0.013 0.013 0.015 0.018 0.020 0.016 0.012 0.013 0.008 0.017 0.014 0.010 0.008 0.011 0.011 0.011 0.014 0.011 0.011 0.018 0.014 0.010 0.011 0.009 0.008 0.016 0.000 0.014 0.015 0.014 0.008 0.017 0.010 0.010 0.018 0.016 0.011 0.014 0.014 0.013 0.013 0.015 0.008 0.008 0.017 0.015 0.017 0.010 0.016 0.016 0.010 0.010 0.014 0.013 0.017 0.012 0.011 0.010 0.010 0.011 0.015 0.010 0.011 0.011 0.012 0.017 0.013 
0.013 0.013 0.021 0.012 0.015 0.030 0.013 0.013 0.021 0.016 0.013 0.019 0.012 0.019 0.014 0.020 0.014 0.015 0.017 0.032 0.014 0.021 0.018 0.011 0.016 0.020 0.015 0.013 0.012 0.017 0.016 0.017 0.019 0.018 0.015 0.011 0.013 0.019 0.016 0.013 0.013 0.015 0.015 0.014 0.017 0.014 0.014 0.018 0.015 0.013 0.014 0.014 0.013 0.018 0.014 0.000 0.016 0.016 0.013 0.019 0.014 0.014 0.019 0.016 0.014 0.017 0.016 0.012 0.016 0.017 0.013 0.013 0.019 0.015 0.017 0.014 0.018 0.017 0.014 0.014 0.017 0.011 0.015 0.012 0.013 0.013 0.014 0.014 0.013 0.013 0.013 0.014 0.015 0.016 0.015 
0.015 0.015 0.019 0.015 0.016 0.027 0.015 0.014 0.019 0.016 0.015 0.017 0.015 0.018 0.015 0.021 0.015 0.016 0.018 0.034 0.015 0.021 0.016 0.016 0.017 0.020 0.015 0.014 0.016 0.018 0.015 0.020 0.018 0.018 0.017 0.017 0.014 0.017 0.018 0.015 0.014 0.016 0.015 0.015 0.017 0.015 0.015 0.018 0.018 0.015 0.015 0.015 0.015 0.018 0.015 0.016 0.000 0.015 0.014 0.019 0.015 0.015 0.017 0.016 0.015 0.017 0.017 0.016 0.017 0.017 0.014 0.014 0.020 0.016 0.018 0.015 0.016 0.017 0.015 0.015 0.018 0.017 0.019 0.016 0.015 0.015 0.015 0.014 0.018 0.015 0.015 0.015 0.015 0.020 0.017 
0.012 0.013 0.019 0.013 0.013 0.029 0.012 0.012 0.022 0.014 0.012 0.020 0.013 0.018 0.013 0.020 0.013 0.014 0.018 0.032 0.012 0.022 0.021 0.015 0.015 0.020 0.013 0.012 0.015 0.015 0.015 0.020 0.020 0.017 0.014 0.015 0.011 0.018 0.016 0.013 0.012 0.014 0.013 0.013 0.015 0.013 0.013 0.018 0.017 0.013 0.012 0.012 0.012 0.017 0.014 0.016 0.015 0.000 0.012 0.018 0.012 0.012 0.018 0.016 0.012 0.016 0.015 0.015 0.016 0.016 0.012 0.012 0.019 0.016 0.018 0.013 0.013 0.018 0.012 0.012 0.016 0.015 0.018 0.015 0.013 0.012 0.012 0.013 0.017 0.012 0.013 0.013 0.013 0.019 0.015 
0.007 0.009 0.019 0.007 0.010 0.030 0.008 0.004 0.020 0.012 0.008 0.019 0.009 0.016 0.010 0.019 0.004 0.011 0.015 0.031 0.007 0.021 0.019 0.011 0.013 0.018 0.009 0.005 0.012 0.012 0.014 0.017 0.019 0.016 0.011 0.012 0.004 0.016 0.013 0.008 0.005 0.009 0.010 0.010 0.013 0.009 0.010 0.017 0.013 0.008 0.008 0.007 0.005 0.015 0.008 0.013 0.014 0.012 0.000 0.016 0.008 0.009 0.017 0.015 0.009 0.013 0.013 0.012 0.013 0.014 0.005 0.005 0.017 0.014 0.016 0.008 0.015 0.015 0.008 0.008 0.013 0.012 0.016 0.011 0.009 0.008 0.007 0.009 0.014 0.008 0.009 0.009 0.010 0.017 0.011 
0.016 0.016 0.022 0.017 0.018 0.031 0.016 0.016 0.023 0.018 0.016 0.022 0.017 0.019 0.016 0.021 0.016 0.016 0.019 0.029 0.016 0.023 0.023 0.017 0.018 0.020 0.017 0.016 0.018 0.019 0.019 0.021 0.022 0.019 0.017 0.017 0.016 0.020 0.019 0.015 0.016 0.017 0.017 0.017 0.019 0.017 0.017 0.021 0.018 0.016 0.014 0.016 0.015 0.020 0.017 0.019 0.019 0.018 0.016 0.000 0.016 0.016 0.021 0.019 0.015 0.019 0.018 0.017 0.017 0.018 0.016 0.016 0.019 0.019 0.018 0.016 0.020 0.020 0.014 0.016 0.018 0.018 0.019 0.017 0.017 0.016 0.016 0.017 0.019 0.016 0.016 0.016 0.016 0.021 0.017 
0.007 0.009 0.019 0.009 0.011 0.030 0.007 0.007 0.021 0.012 0.007 0.019 0.010 0.015 0.010 0.019 0.007 0.012 0.015 0.031 0.008 0.021 0.020 0.012 0.013 0.018 0.010 0.008 0.012 0.011 0.014 0.017 0.019 0.015 0.012 0.013 0.007 0.016 0.013 0.008 0.007 0.011 0.010 0.010 0.013 0.009 0.010 0.017 0.014 0.008 0.008 0.009 0.008 0.015 0.010 0.014 0.015 0.012 0.008 0.016 0.000 0.008 0.016 0.014 0.009 0.013 0.012 0.012 0.013 0.013 0.008 0.008 0.018 0.014 0.016 0.010 0.015 0.016 0.008 0.008 0.013 0.013 0.016 0.011 0.011 0.008 0.007 0.010 0.014 0.008 0.009 0.010 0.010 0.017 0.013 
0.006 0.008 0.018 0.009 0.012 0.030 0.006 0.008 0.021 0.010 0.006 0.019 0.010 0.015 0.010 0.019 0.008 0.012 0.015 0.032 0.009 0.021 0.019 0.013 0.012 0.018 0.010 0.008 0.013 0.012 0.014 0.017 0.019 0.015 0.011 0.012 0.008 0.016 0.013 0.008 0.008 0.011 0.011 0.010 0.013 0.010 0.010 0.016 0.015 0.008 0.008 0.009 0.008 0.015 0.010 0.014 0.015 0.012 0.009 0.016 0.008 0.000 0.016 0.014 0.007 0.014 0.010 0.012 0.012 0.013 0.008 0.008 0.018 0.014 0.015 0.010 0.015 0.016 0.007 0.007 0.013 0.013 0.016 0.012 0.010 0.006 0.007 0.010 0.014 0.007 0.010 0.009 0.010 0.017 0.013 
0.016 0.017 0.022 0.018 0.018 0.030 0.016 0.017 0.023 0.019 0.016 0.018 0.018 0.019 0.018 0.023 0.017 0.018 0.016 0.035 0.017 0.023 0.021 0.016 0.019 0.017 0.017 0.017 0.017 0.018 0.014 0.022 0.019 0.021 0.018 0.018 0.017 0.021 0.018 0.017 0.017 0.018 0.018 0.018 0.020 0.018 0.018 0.017 0.020 0.017 0.016 0.017 0.017 0.019 0.018 0.019 0.017 0.018 0.017 0.021 0.016 0.016 0.000 0.015 0.016 0.019 0.018 0.017 0.018 0.018 0.017 0.017 0.022 0.014 0.017 0.018 0.018 0.016 0.016 0.016 0.019 0.018 0.019 0.018 0.018 0.016 0.017 0.018 0.018 0.016 0.017 0.017 0.017 0.019 0.019 
0.013 0.014 0.021 0.015 0.017 0.032 0.014 0.015 0.020 0.017 0.014 0.016 0.015 0.019 0.015 0.021 0.015 0.015 0.015 0.035 0.015 0.022 0.019 0.014 0.017 0.018 0.015 0.015 0.015 0.018 0.012 0.020 0.014 0.019 0.016 0.015 0.015 0.020 0.018 0.014 0.015 0.017 0.016 0.016 0.018 0.016 0.016 0.012 0.017 0.014 0.014 0.015 0.015 0.019 0.016 0.016 0.016 0.016 0.015 0.019 0.014 0.014 0.015 0.000 0.015 0.018 0.017 0.014 0.017 0.017 0.015 0.015 0.021 0.010 0.015 0.015 0.017 0.015 0.014 0.015 0.018 0.015 0.017 0.016 0.015 0.014 0.014 0.015 0.016 0.014 0.015 0.015 0.015 0.017 0.017 
0.008 0.008 0.018 0.010 0.012 0.030 0.007 0.008 0.021 0.011 0.007 0.019 0.009 0.015 0.010 0.019 0.009 0.011 0.015 0.032 0.009 0.020 0.020 0.013 0.012 0.017 0.010 0.008 0.013 0.013 0.014 0.018 0.019 0.015 0.011 0.012 0.008 0.016 0.013 0.008 0.008 0.011 0.011 0.011 0.013 0.010 0.010 0.016 0.015 0.008 0.006 0.009 0.008 0.014 0.011 0.014 0.015 0.012 0.009 0.015 0.009 0.007 0.016 0.015 0.000 0.014 0.011 0.012 0.011 0.014 0.009 0.008 0.017 0.014 0.014 0.010 0.014 0.015 0.005 0.007 0.013 0.013 0.016 0.012 0.011 0.007 0.008 0.011 0.014 0.007 0.009 0.009 0.010 0.017 0.013 
0.013 0.014 0.019 0.014 0.014 0.029 0.013 0.013 0.022 0.015 0.013 0.021 0.014 0.019 0.014 0.021 0.013 0.015 0.018 0.031 0.014 0.022 0.021 0.016 0.016 0.020 0.015 0.013 0.016 0.016 0.017 0.019 0.020 0.017 0.015 0.016 0.013 0.018 0.017 0.013 0.013 0.014 0.014 0.014 0.015 0.013 0.014 0.018 0.017 0.014 0.014 0.013 0.013 0.017 0.014 0.017 0.017 0.016 0.013 0.019 0.013 0.014 0.019 0.018 0.014 0.000 0.014 0.016 0.016 0.017 0.013 0.013 0.020 0.017 0.019 0.014 0.018 0.018 0.014 0.013 0.015 0.016 0.018 0.015 0.015 0.013 0.013 0.014 0.017 0.013 0.014 0.014 0.015 0.018 0.016 
0.011 0.012 0.014 0.013 0.015 0.029 0.011 0.012 0.022 0.013 0.011 0.021 0.013 0.018 0.013 0.021 0.012 0.014 0.017 0.031 0.013 0.022 0.021 0.015 0.015 0.019 0.014 0.012 0.016 0.015 0.016 0.019 0.020 0.016 0.014 0.015 0.012 0.018 0.016 0.012 0.012 0.014 0.014 0.014 0.016 0.014 0.014 0.013 0.017 0.012 0.012 0.013 0.012 0.016 0.014 0.016 0.017 0.015 0.013 0.018 0.012 0.010 0.018 0.017 0.011 0.014 0.000 0.015 0.015 0.016 0.012 0.012 0.020 0.016 0.017 0.014 0.017 0.017 0.012 0.011 0.014 0.015 0.018 0.014 0.014 0.011 0.012 0.014 0.017 0.011 0.013 0.013 0.013 0.019 0.016 
0.012 0.012 0.020 0.013 0.014 0.030 0.012 0.012 0.020 0.015 0.012 0.018 0.013 0.018 0.013 0.018 0.012 0.013 0.015 0.031 0.013 0.020 0.018 0.008 0.015 0.018 0.013 0.012 0.009 0.015 0.014 0.016 0.019 0.018 0.014 0.011 0.012 0.018 0.016 0.012 0.012 0.014 0.013 0.014 0.016 0.014 0.014 0.017 0.014 0.012 0.012 0.012 0.012 0.018 0.013 0.012 0.016 0.015 0.012 0.017 0.012 0.012 0.017 0.014 0.012 0.016 0.015 0.000 0.015 0.016 0.012 0.012 0.019 0.014 0.016 0.013 0.018 0.016 0.012 0.012 0.016 0.011 0.014 0.010 0.014 0.012 0.012 0.013 0.013 0.012 0.012 0.012 0.013 0.014 0.015 
0.012 0.012 0.019 0.013 0.015 0.030 0.012 0.012 0.021 0.015 0.011 0.020 0.013 0.017 0.013 0.020 0.013 0.014 0.017 0.031 0.013 0.020 0.021 0.015 0.014 0.019 0.013 0.012 0.016 0.016 0.017 0.019 0.021 0.018 0.014 0.015 0.012 0.017 0.015 0.011 0.012 0.015 0.015 0.014 0.015 0.014 0.014 0.019 0.016 0.011 0.012 0.012 0.012 0.018 0.013 0.016 0.017 0.016 0.013 0.017 0.013 0.012 0.018 0.017 0.011 0.016 0.015 0.015 0.000 0.017 0.012 0.012 0.016 0.016 0.016 0.013 0.017 0.017 0.012 0.012 0.016 0.015 0.017 0.015 0.014 0.012 0.012 0.014 0.016 0.012 0.012 0.012 0.014 0.018 0.015 
0.013 0.014 0.021 0.014 0.015 0.029 0.013 0.014 0.023 0.016 0.012 0.021 0.014 0.018 0.014 0.021 0.014 0.016 0.015 0.031 0.013 0.023 0.021 0.016 0.017 0.020 0.014 0.014 0.017 0.016 0.017 0.018 0.020 0.017 0.016 0.016 0.013 0.020 0.017 0.014 0.014 0.015 0.015 0.014 0.017 0.014 0.014 0.019 0.017 0.014 0.014 0.014 0.013 0.016 0.015 0.017 0.017 0.016 0.014 0.018 0.013 0.013 0.018 0.017 0.014 0.017 0.016 0.016 0.017 0.000 0.014 0.014 0.021 0.016 0.018 0.015 0.018 0.018 0.014 0.012 0.017 0.016 0.019 0.016 0.015 0.012 0.013 0.015 0.018 0.013 0.015 0.014 0.015 0.020 0.015 
0.007 0.008 0.019 0.007 0.010 0.030 0.008 0.005 0.021 0.011 0.007 0.019 0.009 0.015 0.009 0.019 0.006 0.011 0.015 0.031 0.007 0.021 0.020 0.011 0.012 0.018 0.009 0.005 0.012 0.012 0.014 0.017 0.019 0.016 0.011 0.011 0.004 0.016 0.013 0.008 0.005 0.009 0.010 0.009 0.013 0.009 0.010 0.017 0.013 0.008 0.008 0.007 0.005 0.015 0.008 0.013 0.014 0.012 0.005 0.016 0.008 0.008 0.017 0.015 0.009 0.013 0.012 0.012 0.012 0.014 0.000 0.005 0.017 0.014 0.016 0.008 0.015 0.015 0.008 0.008 0.013 0.011 0.016 0.011 0.009 0.008 0.007 0.009 0.013 0.008 0.008 0.008 0.010 0.017 0.011 
0.007 0.008 0.019 0.007 0.010 0.030 0.008 0.005 0.021 0.011 0.007 0.019 0.009 0.015 0.009 0.019 0.006 0.011 0.014 0.031 0.007 0.021 0.020 0.011 0.012 0.018 0.009 0.005 0.012 0.012 0.014 0.017 0.019 0.015 0.011 0.011 0.004 0.016 0.013 0.007 0.005 0.009 0.009 0.009 0.013 0.009 0.009 0.017 0.013 0.007 0.008 0.006 0.004 0.015 0.008 0.013 0.014 0.012 0.005 0.016 0.008 0.008 0.017 0.015 0.008 0.013 0.012 0.012 0.012 0.014 0.005 0.000 0.016 0.014 0.016 0.007 0.014 0.015 0.008 0.008 0.013 0.011 0.016 0.011 0.009 0.008 0.007 0.009 0.013 0.008 0.008 0.008 0.010 0.016 0.011 
0.017 0.017 0.020 0.017 0.018 0.030 0.017 0.017 0.022 0.019 0.017 0.022 0.017 0.018 0.017 0.020 0.017 0.018 0.021 0.029 0.017 0.020 0.024 0.019 0.017 0.023 0.018 0.017 0.019 0.020 0.020 0.022 0.024 0.021 0.019 0.019 0.016 0.018 0.020 0.017 0.017 0.018 0.018 0.018 0.018 0.018 0.018 0.023 0.019 0.017 0.017 0.016 0.016 0.021 0.017 0.019 0.020 0.019 0.017 0.019 0.018 0.018 0.022 0.021 0.017 0.020 0.020 0.019 0.016 0.021 0.017 0.016 0.000 0.020 0.020 0.017 0.021 0.021 0.017 0.018 0.020 0.019 0.020 0.018 0.018 0.017 0.017 0.018 0.020 0.017 0.018 0.017 0.019 0.021 0.019 
0.013 0.014 0.021 0.014 0.015 0.030 0.013 0.014 0.021 0.016 0.013 0.017 0.014 0.018 0.014 0.020 0.014 0.015 0.014 0.034 0.014 0.022 0.019 0.013 0.016 0.017 0.015 0.014 0.014 0.017 0.011 0.020 0.016 0.018 0.015 0.015 0.014 0.019 0.017 0.013 0.014 0.015 0.014 0.014 0.016 0.014 0.014 0.014 0.016 0.014 0.014 0.013 0.014 0.018 0.015 0.015 0.016 0.016 0.014 0.019 0.014 0.014 0.014 0.010 0.014 0.017 0.016 0.014 0.016 0.016 0.014 0.014 0.020 0.000 0.015 0.014 0.016 0.014 0.013 0.013 0.016 0.015 0.016 0.015 0.015 0.013 0.014 0.015 0.016 0.013 0.014 0.014 0.015 0.017 0.016 
0.015 0.015 0.022 0.016 0.018 0.031 0.015 0.016 0.022 0.017 0.015 0.019 0.016 0.019 0.016 0.021 0.016 0.016 0.016 0.032 0.016 0.022 0.021 0.016 0.017 0.017 0.016 0.016 0.016 0.019 0.015 0.021 0.020 0.019 0.016 0.017 0.015 0.020 0.018 0.015 0.016 0.017 0.017 0.017 0.019 0.017 0.016 0.018 0.017 0.015 0.014 0.016 0.015 0.020 0.017 0.017 0.018 0.018 0.016 0.018 0.016 0.015 0.017 0.015 0.014 0.019 0.017 0.016 0.016 0.018 0.016 0.016 0.020 0.015 0.000 0.016 0.019 0.016 0.013 0.015 0.018 0.017 0.019 0.016 0.017 0.015 0.015 0.017 0.018 0.015 0.016 0.016 0.016 0.019 0.017 
0.009 0.009 0.019 0.009 0.011 0.030 0.009 0.008 0.021 0.013 0.009 0.019 0.010 0.016 0.010 0.019 0.008 0.012 0.016 0.031 0.009 0.021 0.020 0.012 0.014 0.018 0.011 0.008 0.013 0.013 0.015 0.018 0.019 0.016 0.011 0.012 0.007 0.017 0.014 0.009 0.008 0.011 0.011 0.010 0.013 0.010 0.011 0.018 0.012 0.009 0.010 0.008 0.008 0.015 0.010 0.014 0.015 0.013 0.008 0.016 0.010 0.010 0.018 0.015 0.010 0.014 0.014 0.013 0.013 0.015 0.008 0.007 0.017 0.014 0.016 0.000 0.014 0.016 0.009 0.010 0.014 0.012 0.016 0.012 0.010 0.009 0.010 0.010 0.014 0.010 0.009 0.010 0.012 0.017 0.012 
0.014 0.015 0.020 0.015 0.016 0.029 0.015 0.015 0.024 0.016 0.015 0.021 0.015 0.019 0.016 0.020 0.015 0.017 0.019 0.034 0.015 0.024 0.022 0.017 0.017 0.021 0.016 0.015 0.018 0.017 0.016 0.021 0.021 0.019 0.016 0.017 0.014 0.018 0.017 0.015 0.015 0.016 0.017 0.016 0.017 0.016 0.016 0.019 0.018 0.015 0.014 0.015 0.015 0.017 0.016 0.018 0.016 0.013 0.015 0.020 0.015 0.015 0.018 0.017 0.014 0.018 0.017 0.018 0.017 0.018 0.015 0.014 0.021 0.016 0.019 0.014 0.000 0.020 0.014 0.014 0.018 0.017 0.019 0.018 0.016 0.014 0.016 0.016 0.018 0.014 0.015 0.015 0.016 0.020 0.018 
0.015 0.015 0.021 0.016 0.016 0.029 0.015 0.015 0.022 0.013 0.015 0.017 0.016 0.019 0.016 0.023 0.015 0.016 0.015 0.033 0.016 0.022 0.020 0.015 0.018 0.014 0.016 0.015 0.016 0.018 0.014 0.019 0.018 0.019 0.017 0.016 0.015 0.020 0.019 0.015 0.015 0.016 0.016 0.016 0.018 0.016 0.016 0.017 0.019 0.015 0.016 0.015 0.015 0.017 0.016 0.017 0.017 0.018 0.015 0.020 0.016 0.016 0.016 0.015 0.015 0.018 0.017 0.016 0.017 0.018 0.015 0.015 0.021 0.014 0.016 0.016 0.020 0.000 0.015 0.016 0.016 0.016 0.019 0.016 0.017 0.015 0.016 0.017 0.018 0.015 0.016 0.016 0.017 0.019 0.017 
0.007 0.008 0.018 0.009 0.012 0.030 0.007 0.008 0.020 0.011 0.007 0.018 0.009 0.015 0.009 0.019 0.009 0.011 0.015 0.032 0.009 0.021 0.020 0.012 0.012 0.017 0.010 0.008 0.013 0.013 0.014 0.018 0.019 0.015 0.011 0.012 0.007 0.016 0.013 0.007 0.008 0.011 0.010 0.010 0.013 0.010 0.010 0.016 0.014 0.007 0.004 0.009 0.008 0.015 0.010 0.014 0.015 0.012 0.008 0.014 0.008 0.007 0.016 0.014 0.005 0.014 0.012 0.012 0.012 0.014 0.008 0.008 0.017 0.013 0.013 0.009 0.014 0.015 0.000 0.008 0.013 0.012 0.016 0.011 0.010 0.007 0.008 0.011 0.014 0.007 0.009 0.009 0.010 0.017 0.013 
0.008 0.008 0.018 0.009 0.012 0.030 0.007 0.008 0.021 0.011 0.006 0.019 0.010 0.015 0.010 0.019 0.008 0.011 0.015 0.031 0.008 0.021 0.020 0.012 0.012 0.018 0.010 0.008 0.013 0.012 0.014 0.017 0.019 0.015 0.011 0.012 0.007 0.016 0.012 0.008 0.008 0.011 0.011 0.010 0.013 0.010 0.010 0.017 0.014 0.008 0.008 0.009 0.007 0.015 0.010 0.014 0.015 0.012 0.008 0.016 0.008 0.007 0.016 0.015 0.007 0.013 0.011 0.012 0.012 0.012 0.008 0.008 0.018 0.013 0.015 0.010 0.014 0.016 0.008 0.000 0.013 0.012 0.016 0.012 0.011 0.003 0.007 0.011 0.014 0.007 0.009 0.009 0.010 0.016 0.013 
0.013 0.013 0.020 0.013 0.014 0.028 0.013 0.013 0.022 0.013 0.013 0.021 0.014 0.018 0.014 0.022 0.013 0.015 0.018 0.030 0.013 0.023 0.022 0.015 0.016 0.018 0.014 0.013 0.016 0.016 0.017 0.017 0.021 0.017 0.015 0.015 0.012 0.019 0.017 0.013 0.013 0.014 0.014 0.014 0.016 0.014 0.014 0.018 0.016 0.013 0.013 0.013 0.012 0.016 0.014 0.017 0.018 0.016 0.013 0.018 0.013 0.013 0.019 0.018 0.013 0.015 0.014 0.016 0.016 0.017 0.013 0.013 0.020 0.016 0.018 0.014 0.018 0.016 0.013 0.013 0.000 0.015 0.018 0.015 0.015 0.013 0.013 0.015 0.017 0.013 0.014 0.014 0.015 0.018 0.015 
0.012 0.012 0.021 0.013 0.014 0.030 0.012 0.012 0.021 0.015 0.012 0.019 0.013 0.018 0.013 0.019 0.012 0.014 0.016 0.031 0.012 0.021 0.019 0.011 0.015 0.019 0.014 0.012 0.012 0.016 0.015 0.017 0.019 0.018 0.014 0.005 0.012 0.018 0.016 0.012 0.012 0.014 0.014 0.013 0.016 0.013 0.013 0.016 0.014 0.012 0.012 0.012 0.011 0.017 0.013 0.011 0.017 0.015 0.012 0.018 0.013 0.013 0.018 0.015 0.013 0.016 0.015 0.011 0.015 0.016 0.011 0.011 0.019 0.015 0.017 0.012 0.017 0.016 0.012 0.012 0.015 0.000 0.015 0.011 0.013 0.012 0.013 0.013 0.009 0.012 0.012 0.012 0.014 0.014 0.014 
0.015 0.016 0.021 0.016 0.016 0.030 0.015 0.016 0.023 0.018 0.015 0.021 0.016 0.019 0.017 0.019 0.016 0.017 0.019 0.031 0.016 0.021 0.020 0.014 0.017 0.020 0.017 0.016 0.014 0.018 0.017 0.019 0.020 0.018 0.017 0.014 0.016 0.019 0.018 0.015 0.016 0.016 0.015 0.015 0.016 0.015 0.015 0.020 0.017 0.016 0.016 0.016 0.016 0.019 0.017 0.015 0.019 0.018 0.016 0.019 0.016 0.016 0.019 0.017 0.016 0.018 0.018 0.014 0.017 0.019 0.016 0.016 0.020 0.016 0.019 0.016 0.019 0.019 0.016 0.016 0.018 0.015 0.000 0.015 0.017 0.016 0.016 0.017 0.015 0.016 0.016 0.016 0.017 0.016 0.017 
0.012 0.012 0.020 0.011 0.013 0.030 0.012 0.010 0.020 0.014 0.011 0.019 0.012 0.017 0.012 0.019 0.011 0.013 0.015 0.031 0.012 0.020 0.019 0.010 0.015 0.018 0.012 0.011 0.010 0.015 0.015 0.015 0.020 0.017 0.014 0.011 0.010 0.018 0.015 0.012 0.011 0.013 0.012 0.013 0.015 0.013 0.013 0.018 0.013 0.011 0.011 0.011 0.010 0.017 0.012 0.012 0.016 0.015 0.011 0.017 0.011 0.012 0.018 0.016 0.012 0.015 0.014 0.010 0.015 0.016 0.011 0.011 0.018 0.015 0.016 0.012 0.018 0.016 0.011 0.012 0.015 0.011 0.015 0.000 0.013 0.012 0.011 0.013 0.013 0.012 0.012 0.012 0.013 0.015 0.014 
0.010 0.010 0.019 0.009 0.012 0.030 0.010 0.009 0.021 0.013 0.010 0.018 0.009 0.017 0.011 0.020 0.009 0.013 0.016 0.032 0.011 0.021 0.019 0.013 0.014 0.019 0.011 0.009 0.013 0.014 0.015 0.018 0.019 0.017 0.013 0.013 0.009 0.017 0.014 0.010 0.009 0.012 0.011 0.011 0.014 0.011 0.011 0.017 0.015 0.010 0.010 0.010 0.009 0.016 0.011 0.013 0.015 0.013 0.009 0.017 0.011 0.010 0.018 0.015 0.011 0.015 0.014 0.014 0.014 0.015 0.009 0.009 0.018 0.015 0.017 0.010 0.016 0.017 0.010 0.011 0.015 0.013 0.017 0.013 0.000 0.011 0.010 0.008 0.015 0.011 0.011 0.011 0.011 0.017 0.013 
0.007 0.008 0.018 0.009 0.011 0.030 0.007 0.008 0.021 0.011 0.005 0.019 0.009 0.015 0.010 0.019 0.008 0.011 0.015 0.031 0.009 0.020 0.020 0.012 0.012 0.018 0.010 0.008 0.013 0.012 0.014 0.017 0.019 0.015 0.011 0.012 0.007 0.016 0.013 0.007 0.008 0.011 0.011 0.010 0.013 0.010 0.010 0.016 0.014 0.007 0.008 0.009 0.007 0.015 0.010 0.013 0.015 0.012 0.008 0.016 0.008 0.006 0.016 0.014 0.007 0.013 0.011 0.012 0.012 0.012 0.008 0.008 0.017 0.013 0.015 0.009 0.014 0.015 0.007 0.003 0.013 0.012 0.016 0.012 0.011 0.000 0.007 0.011 0.014 0.007 0.009 0.009 0.011 0.016 0.013 
0.006 0.008 0.018 0.009 0.011 0.030 0.007 0.007 0.020 0.012 0.006 0.019 0.010 0.015 0.010 0.019 0.007 0.012 0.015 0.031 0.009 0.020 0.019 0.012 0.012 0.018 0.010 0.008 0.012 0.012 0.014 0.017 0.020 0.016 0.011 0.012 0.007 0.016 0.013 0.008 0.007 0.010 0.010 0.010 0.014 0.010 0.010 0.017 0.014 0.008 0.008 0.008 0.007 0.015 0.010 0.014 0.015 0.012 0.007 0.016 0.007 0.007 0.017 0.014 0.008 0.013 0.012 0.012 0.012 0.013 0.007 0.007 0.017 0.014 0.015 0.010 0.016 0.016 0.008 0.007 0.013 0.013 0.016 0.011 0.010 0.007 0.000 0.010 0.014 0.007 0.009 0.009 0.009 0.016 0.013 
0.010 0.010 0.019 0.010 0.012 0.030 0.010 0.009 0.021 0.013 0.010 0.018 0.010 0.017 0.011 0.020 0.008 0.013 0.017 0.032 0.010 0.021 0.019 0.013 0.015 0.020 0.012 0.009 0.013 0.013 0.015 0.018 0.019 0.017 0.013 0.013 0.009 0.017 0.015 0.010 0.009 0.012 0.011 0.011 0.014 0.011 0.012 0.017 0.015 0.010 0.011 0.010 0.009 0.016 0.011 0.014 0.014 0.013 0.009 0.017 0.010 0.010 0.018 0.015 0.011 0.014 0.014 0.013 0.014 0.015 0.009 0.009 0.018 0.015 0.017 0.010 0.016 0.017 0.011 0.011 0.015 0.013 0.017 0.013 0.008 0.011 0.010 0.000 0.014 0.010 0.010 0.010 0.011 0.017 0.013 
0.013 0.013 0.021 0.015 0.015 0.029 0.014 0.014 0.022 0.016 0.014 0.020 0.014 0.019 0.014 0.020 0.014 0.015 0.017 0.031 0.014 0.020 0.021 0.013 0.017 0.020 0.015 0.014 0.014 0.015 0.016 0.019 0.020 0.019 0.015 0.008 0.014 0.018 0.016 0.013 0.014 0.016 0.015 0.015 0.016 0.015 0.015 0.018 0.015 0.013 0.014 0.014 0.014 0.018 0.015 0.013 0.018 0.017 0.014 0.019 0.014 0.014 0.018 0.016 0.014 0.017 0.017 0.013 0.016 0.018 0.013 0.013 0.020 0.016 0.018 0.014 0.018 0.018 0.014 0.014 0.017 0.009 0.015 0.013 0.015 0.014 0.014 0.014 0.000 0.014 0.014 0.014 0.015 0.014 0.016 
0.007 0.008 0.018 0.009 0.012 0.030 0.007 0.008 0.021 0.011 0.006 0.019 0.009 0.015 0.009 0.019 0.008 0.011 0.015 0.031 0.009 0.021 0.019 0.012 0.012 0.018 0.010 0.008 0.013 0.012 0.014 0.017 0.019 0.015 0.011 0.012 0.007 0.016 0.013 0.008 0.008 0.010 0.011 0.010 0.013 0.010 0.010 0.016 0.014 0.008 0.008 0.009 0.007 0.015 0.010 0.013 0.015 0.012 0.008 0.016 0.008 0.007 0.016 0.014 0.007 0.013 0.011 0.012 0.012 0.013 0.008 0.008 0.017 0.013 0.015 0.010 0.014 0.015 0.007 0.007 0.013 0.012 0.016 0.012 0.011 0.007 0.007 0.010 0.014 0.000 0.009 0.009 0.011 0.016 0.013 
0.009 0.009 0.019 0.010 0.012 0.030 0.009 0.008 0.020 0.013 0.009 0.019 0.010 0.016 0.010 0.020 0.008 0.012 0.015 0.032 0.009 0.021 0.020 0.012 0.014 0.018 0.010 0.008 0.013 0.014 0.014 0.017 0.019 0.016 0.012 0.012 0.008 0.017 0.014 0.009 0.009 0.011 0.011 0.011 0.014 0.011 0.011 0.017 0.014 0.009 0.009 0.009 0.008 0.016 0.011 0.013 0.015 0.013 0.009 0.016 0.009 0.010 0.017 0.015 0.009 0.014 0.013 0.012 0.012 0.015 0.008 0.008 0.018 0.014 0.016 0.009 0.015 0.016 0.009 0.009 0.014 0.012 0.016 0.012 0.011 0.009 0.009 0.010 0.014 0.009 0.000 0.010 0.011 0.017 0.013 
0.009 0.005 0.019 0.010 0.012 0.030 0.009 0.009 0.020 0.012 0.008 0.018 0.010 0.016 0.009 0.020 0.009 0.011 0.015 0.031 0.010 0.020 0.020 0.013 0.012 0.018 0.011 0.008 0.013 0.014 0.015 0.018 0.020 0.015 0.012 0.012 0.008 0.015 0.014 0.005 0.009 0.012 0.012 0.011 0.014 0.011 0.011 0.017 0.014 0.005 0.009 0.008 0.009 0.016 0.011 0.014 0.015 0.013 0.009 0.016 0.010 0.009 0.017 0.015 0.009 0.014 0.013 0.012 0.012 0.014 0.008 0.008 0.017 0.014 0.016 0.010 0.015 0.016 0.009 0.009 0.014 0.012 0.016 0.012 0.011 0.009 0.009 0.010 0.014 0.009 0.010 0.000 0.012 0.017 0.013 
0.010 0.011 0.019 0.012 0.013 0.030 0.010 0.010 0.021 0.013 0.010 0.019 0.012 0.017 0.012 0.019 0.010 0.013 0.016 0.032 0.011 0.021 0.019 0.012 0.014 0.018 0.011 0.011 0.013 0.014 0.015 0.018 0.019 0.017 0.012 0.014 0.010 0.018 0.015 0.011 0.010 0.013 0.012 0.012 0.015 0.012 0.012 0.017 0.016 0.011 0.010 0.011 0.010 0.016 0.012 0.015 0.015 0.013 0.010 0.016 0.010 0.010 0.017 0.015 0.010 0.015 0.013 0.013 0.014 0.015 0.010 0.010 0.019 0.015 0.016 0.012 0.016 0.017 0.010 0.010 0.015 0.014 0.017 0.013 0.011 0.011 0.009 0.011 0.015 0.011 0.011 0.012 0.000 0.017 0.014 
0.016 0.016 0.022 0.017 0.017 0.029 0.016 0.017 0.022 0.018 0.016 0.021 0.017 0.020 0.017 0.021 0.017 0.018 0.018 0.032 0.017 0.020 0.021 0.014 0.018 0.020 0.017 0.017 0.015 0.018 0.018 0.019 0.021 0.020 0.018 0.013 0.016 0.020 0.018 0.016 0.016 0.017 0.017 0.017 0.018 0.017 0.017 0.019 0.018 0.016 0.017 0.017 0.016 0.019 0.017 0.016 0.020 0.019 0.017 0.021 0.017 0.017 0.019 0.017 0.017 0.018 0.019 0.014 0.018 0.020 0.017 0.016 0.021 0.017 0.019 0.017 0.020 0.019 0.017 0.016 0.018 0.014 0.016 0.015 0.017 0.016 0.016 0.017 0.014 0.016 0.017 0.017 0.017 0.000 0.018 
0.012 0.013 0.021 0.013 0.013 0.029 0.013 0.011 0.021 0.015 0.013 0.020 0.013 0.017 0.014 0.021 0.012 0.012 0.016 0.030 0.012 0.022 0.021 0.014 0.016 0.018 0.013 0.012 0.014 0.015 0.016 0.018 0.019 0.017 0.014 0.014 0.011 0.019 0.016 0.013 0.012 0.012 0.013 0.013 0.015 0.012 0.013 0.019 0.014 0.013 0.013 0.012 0.011 0.016 0.013 0.015 0.017 0.015 0.011 0.017 0.013 0.013 0.019 0.017 0.013 0.016 0.016 0.015 0.015 0.015 0.011 0.011 0.019 0.016 0.017 0.012 0.018 0.017 0.013 0.013 0.015 0.014 0.017 0.014 0.013 0.013 0.013 0.013 0.016 0.013 0.013 0.013 0.014 0.018 0.000 
