1.000 0.959 0.851 0.953 0.928 0.657 0.969 0.966 0.761 0.940 0.979 0.816 0.944 0.874 0.943 0.815 0.960 0.910 0.877 0.652 0.950 0.793 0.792 0.904 0.910 0.834 0.931 0.966 0.902 0.928 0.883 0.849 0.802 0.881 0.927 0.905 0.971 0.880 0.901 0.958 0.968 0.935 0.936 0.940 0.908 0.944 0.937 0.847 0.867 0.963 0.960 0.953 0.970 0.893 0.940 0.887 0.862 0.919 0.962 0.835 0.962 0.969 0.852 0.899 0.960 0.901 0.935 0.902 0.908 0.914 0.963 0.967 0.832 0.902 0.852 0.950 0.906 0.879 0.960 0.959 0.899 0.895 0.853 0.908 0.931 0.966 0.974 0.937 0.884 0.968 0.944 0.945 0.935 0.841 0.881 
0.959 1.000 0.843 0.945 0.916 0.649 0.961 0.954 0.766 0.926 0.963 0.832 0.944 0.864 0.946 0.806 0.948 0.907 0.877 0.642 0.942 0.793 0.784 0.893 0.900 0.828 0.925 0.962 0.886 0.917 0.870 0.838 0.793 0.876 0.916 0.909 0.961 0.913 0.902 0.978 0.953 0.922 0.929 0.933 0.902 0.934 0.933 0.839 0.865 0.993 0.954 0.945 0.959 0.883 0.932 0.889 0.860 0.908 0.950 0.828 0.949 0.953 0.843 0.877 0.956 0.895 0.919 0.898 0.907 0.901 0.958 0.959 0.826 0.888 0.848 0.945 0.894 0.871 0.956 0.955 0.892 0.897 0.850 0.905 0.928 0.957 0.953 0.935 0.884 0.956 0.941 0.978 0.921 0.837 0.872 
0.851 0.843 1.000 0.832 0.804 0.753 0.852 0.841 0.728 0.835 0.857 0.729 0.827 0.823 0.825 0.758 0.837 0.806 0.770 0.639 0.830 0.810 0.711 0.799 0.857 0.750 0.826 0.843 0.793 0.825 0.781 0.755 0.713 0.795 0.824 0.796 0.846 0.928 0.809 0.848 0.838 0.816 0.820 0.821 0.822 0.825 0.821 0.817 0.771 0.842 0.842 0.835 0.845 0.792 0.820 0.784 0.781 0.810 0.835 0.739 0.839 0.858 0.757 0.774 0.851 0.823 0.907 0.802 0.817 0.802 0.838 0.842 0.770 0.797 0.759 0.825 0.798 0.787 0.843 0.848 0.810 0.792 0.782 0.811 0.812 0.852 0.848 0.815 0.782 0.853 0.821 0.830 0.820 0.759 0.781 
0.953 0.945 0.832 1.000 0.929 0.650 0.946 0.966 0.760 0.921 0.954 0.813 0.963 0.857 0.932 0.797 0.952 0.900 0.863 0.656 0.947 0.786 0.773 0.903 0.891 0.819 0.926 0.974 0.900 0.916 0.866 0.846 0.797 0.869 0.909 0.894 0.975 0.870 0.916 0.945 0.963 0.935 0.940 0.944 0.912 0.950 0.941 0.822 0.868 0.946 0.944 0.952 0.968 0.897 0.950 0.900 0.857 0.909 0.965 0.818 0.946 0.940 0.832 0.864 0.940 0.892 0.907 0.890 0.889 0.895 0.965 0.969 0.831 0.881 0.836 0.950 0.888 0.867 0.943 0.942 0.889 0.891 0.849 0.914 0.940 0.946 0.947 0.929 0.868 0.947 0.931 0.930 0.915 0.833 0.882 
0.928 0.916 0.804 0.929 1.000 0.657 0.924 0.944 0.733 0.903 0.931 0.783 0.910 0.832 0.913 0.774 0.932 0.877 0.847 0.655 0.929 0.756 0.756 0.881 0.867 0.826 0.901 0.941 0.876 0.895 0.843 0.831 0.802 0.891 0.890 0.880 0.945 0.840 0.874 0.916 0.940 0.926 0.959 0.980 0.947 0.972 0.964 0.802 0.850 0.921 0.919 0.938 0.943 0.882 0.909 0.853 0.835 0.904 0.935 0.799 0.926 0.917 0.817 0.837 0.916 0.881 0.884 0.868 0.863 0.876 0.935 0.941 0.812 0.865 0.810 0.936 0.867 0.848 0.916 0.917 0.881 0.878 0.834 0.883 0.910 0.919 0.926 0.910 0.857 0.916 0.917 0.909 0.898 0.828 0.870 
0.657 0.649 0.753 0.650 0.657 1.000 0.655 0.665 0.596 0.669 0.663 0.572 0.639 0.660 0.651 0.578 0.661 0.639 0.646 0.649 0.665 0.673 0.596 0.643 0.690 0.658 0.657 0.662 0.621 0.679 0.617 0.659 0.592 0.646 0.654 0.646 0.669 0.738 0.661 0.657 0.661 0.701 0.646 0.651 0.657 0.655 0.649 0.629 0.624 0.652 0.650 0.661 0.665 0.678 0.658 0.626 0.667 0.639 0.663 0.588 0.650 0.652 0.616 0.595 0.653 0.661 0.667 0.636 0.630 0.669 0.660 0.663 0.602 0.628 0.600 0.649 0.649 0.648 0.650 0.655 0.679 0.644 0.621 0.644 0.636 0.657 0.656 0.638 0.650 0.659 0.643 0.648 0.643 0.637 0.652 
0.969 0.961 0.852 0.946 0.924 0.655 1.000 0.959 0.762 0.931 0.970 0.816 0.939 0.871 0.939 0.806 0.959 0.905 0.873 0.644 0.947 0.793 0.790 0.900 0.904 0.830 0.929 0.961 0.894 0.924 0.881 0.849 0.801 0.882 0.919 0.904 0.964 0.882 0.909 0.961 0.958 0.930 0.934 0.941 0.909 0.943 0.940 0.850 0.865 0.960 0.956 0.948 0.963 0.889 0.931 0.885 0.858 0.920 0.956 0.832 0.963 0.978 0.855 0.883 0.961 0.900 0.930 0.901 0.904 0.916 0.955 0.959 0.827 0.902 0.853 0.946 0.896 0.876 0.961 0.959 0.895 0.896 0.854 0.907 0.931 0.960 0.967 0.934 0.881 0.968 0.939 0.945 0.934 0.839 0.875 
0.966 0.954 0.841 0.966 0.944 0.665 0.959 1.000 0.768 0.934 0.967 0.811 0.948 0.871 0.942 0.807 0.980 0.915 0.879 0.668 0.965 0.792 0.786 0.925 0.906 0.833 0.941 0.986 0.912 0.931 0.879 0.858 0.806 0.875 0.923 0.907 0.990 0.878 0.909 0.953 0.983 0.955 0.948 0.953 0.921 0.961 0.948 0.832 0.883 0.959 0.959 0.971 0.988 0.892 0.954 0.889 0.864 0.925 0.988 0.834 0.962 0.954 0.849 0.871 0.954 0.904 0.921 0.906 0.902 0.907 0.978 0.985 0.840 0.893 0.845 0.964 0.901 0.881 0.954 0.959 0.903 0.906 0.847 0.922 0.944 0.960 0.967 0.945 0.882 0.959 0.950 0.944 0.936 0.839 0.898 
0.761 0.766 0.728 0.760 0.733 0.596 0.762 0.768 1.000 0.741 0.765 0.743 0.757 0.720 0.750 0.707 0.768 0.750 0.738 0.546 0.755 0.719 0.722 0.770 0.745 0.712 0.752 0.765 0.764 0.722 0.725 0.707 0.714 0.704 0.740 0.749 0.769 0.759 0.721 0.759 0.763 0.755 0.753 0.750 0.735 0.753 0.749 0.726 0.712 0.767 0.762 0.762 0.771 0.696 0.754 0.752 0.734 0.717 0.767 0.695 0.754 0.755 0.712 0.768 0.761 0.730 0.735 0.777 0.745 0.727 0.763 0.766 0.707 0.757 0.711 0.754 0.705 0.751 0.761 0.756 0.719 0.751 0.731 0.761 0.748 0.755 0.769 0.746 0.731 0.761 0.761 0.762 0.739 0.725 0.735 
0.940 0.926 0.835 0.921 0.903 0.669 0.931 0.934 0.741 1.000 0.941 0.784 0.915 0.838 0.913 0.785 0.927 0.882 0.853 0.649 0.918 0.758 0.759 0.873 0.879 0.831 0.898 0.934 0.868 0.893 0.855 0.843 0.793 0.858 0.907 0.878 0.940 0.850 0.874 0.926 0.932 0.911 0.911 0.911 0.881 0.916 0.915 0.829 0.839 0.929 0.937 0.919 0.938 0.908 0.908 0.858 0.835 0.898 0.930 0.813 0.924 0.943 0.822 0.846 0.942 0.878 0.923 0.874 0.875 0.880 0.931 0.937 0.799 0.868 0.832 0.916 0.874 0.900 0.938 0.928 0.903 0.875 0.822 0.890 0.902 0.937 0.929 0.899 0.852 0.938 0.912 0.911 0.909 0.815 0.858 
0.979 0.963 0.857 0.954 0.931 0.663 0.970 0.967 0.765 0.941 1.000 0.810 0.944 0.885 0.944 0.818 0.963 0.911 0.879 0.652 0.954 0.799 0.793 0.906 0.911 0.835 0.936 0.967 0.896 0.927 0.884 0.850 0.802 0.882 0.929 0.904 0.972 0.885 0.907 0.963 0.965 0.941 0.938 0.944 0.912 0.948 0.942 0.850 0.871 0.966 0.962 0.955 0.971 0.894 0.940 0.891 0.859 0.917 0.961 0.837 0.965 0.971 0.857 0.887 0.965 0.904 0.941 0.907 0.914 0.924 0.963 0.968 0.831 0.904 0.855 0.954 0.908 0.880 0.963 0.969 0.904 0.898 0.858 0.913 0.929 0.977 0.972 0.933 0.884 0.971 0.950 0.948 0.937 0.842 0.881 
0.816 0.832 0.729 0.813 0.783 0.572 0.816 0.811 0.743 0.784 0.810 1.000 0.813 0.756 0.819 0.694 0.809 0.789 0.832 0.519 0.800 0.715 0.732 0.800 0.773 0.810 0.791 0.819 0.790 0.773 0.839 0.720 0.772 0.746 0.787 0.801 0.815 0.777 0.767 0.826 0.807 0.784 0.803 0.801 0.776 0.798 0.794 0.803 0.758 0.828 0.816 0.818 0.816 0.749 0.803 0.790 0.786 0.785 0.809 0.717 0.805 0.811 0.820 0.849 0.811 0.766 0.781 0.807 0.777 0.770 0.818 0.818 0.725 0.831 0.781 0.817 0.770 0.855 0.817 0.802 0.760 0.787 0.749 0.790 0.810 0.805 0.809 0.810 0.775 0.812 0.809 0.829 0.796 0.742 0.761 
0.944 0.944 0.827 0.963 0.910 0.639 0.939 0.948 0.757 0.915 0.944 0.813 1.000 0.845 0.924 0.793 0.948 0.893 0.857 0.629 0.930 0.781 0.774 0.884 0.882 0.812 0.913 0.959 0.881 0.906 0.866 0.840 0.788 0.870 0.902 0.890 0.950 0.868 0.909 0.944 0.941 0.912 0.921 0.927 0.897 0.928 0.924 0.828 0.857 0.941 0.941 0.938 0.951 0.875 0.929 0.895 0.856 0.901 0.946 0.816 0.933 0.936 0.828 0.869 0.939 0.884 0.904 0.878 0.887 0.890 0.948 0.948 0.819 0.882 0.833 0.935 0.887 0.858 0.940 0.937 0.880 0.879 0.843 0.896 0.936 0.940 0.932 0.932 0.866 0.940 0.930 0.930 0.913 0.817 0.863 
0.874 0.864 0.823 0.857 0.832 0.660 0.871 0.871 0.720 0.838 0.885 0.756 0.845 1.000 0.849 0.768 0.867 0.849 0.812 0.634 0.860 0.788 0.730 0.831 0.861 0.782 0.848 0.869 0.822 0.848 0.811 0.783 0.735 0.797 0.848 0.822 0.877 0.846 0.833 0.877 0.870 0.845 0.840 0.844 0.816 0.848 0.842 0.779 0.809 0.868 0.864 0.871 0.872 0.801 0.850 0.809 0.799 0.827 0.865 0.787 0.875 0.868 0.805 0.811 0.867 0.819 0.842 0.833 0.841 0.840 0.869 0.870 0.818 0.831 0.791 0.858 0.822 0.819 0.866 0.877 0.821 0.817 0.800 0.840 0.831 0.877 0.877 0.836 0.802 0.877 0.854 0.867 0.844 0.780 0.832 
0.943 0.946 0.825 0.932 0.913 0.651 0.939 0.942 0.750 0.913 0.944 0.819 0.924 0.849 1.000 0.794 0.935 0.892 0.872 0.643 0.931 0.777 0.769 0.886 0.884 0.821 0.908 0.945 0.883 0.899 0.868 0.841 0.783 0.862 0.901 0.895 0.948 0.869 0.881 0.941 0.942 0.911 0.918 0.924 0.893 0.926 0.918 0.829 0.851 0.947 0.934 0.936 0.946 0.884 0.922 0.870 0.853 0.900 0.936 0.820 0.929 0.934 0.833 0.862 0.938 0.885 0.901 0.889 0.884 0.889 0.943 0.945 0.825 0.881 0.835 0.935 0.882 0.863 0.937 0.933 0.883 0.884 0.834 0.893 0.916 0.936 0.934 0.921 0.873 0.942 0.925 0.938 0.908 0.824 0.863 
0.815 0.806 0.758 0.797 0.774 0.578 0.806 0.807 0.707 0.785 0.818 0.694 0.793 0.768 0.794 1.000 0.804 0.778 0.740 0.664 0.795 0.734 0.729 0.806 0.791 0.698 0.784 0.808 0.809 0.776 0.755 0.746 0.683 0.744 0.785 0.789 0.813 0.787 0.756 0.806 0.805 0.777 0.794 0.791 0.781 0.792 0.790 0.725 0.761 0.808 0.810 0.805 0.811 0.745 0.788 0.782 0.745 0.778 0.805 0.768 0.809 0.815 0.721 0.760 0.811 0.761 0.781 0.810 0.791 0.772 0.806 0.808 0.792 0.774 0.755 0.799 0.774 0.731 0.812 0.809 0.748 0.790 0.796 0.803 0.777 0.815 0.814 0.780 0.775 0.812 0.789 0.796 0.797 0.753 0.750 
0.960 0.948 0.837 0.952 0.932 0.661 0.959 0.980 0.768 0.927 0.963 0.809 0.948 0.867 0.935 0.804 1.000 0.908 0.875 0.656 0.956 0.792 0.788 0.913 0.900 0.829 0.937 0.972 0.902 0.932 0.876 0.866 0.797 0.868 0.916 0.901 0.975 0.872 0.904 0.948 0.972 0.943 0.932 0.941 0.909 0.942 0.936 0.832 0.879 0.954 0.956 0.961 0.975 0.888 0.943 0.883 0.859 0.912 0.986 0.831 0.963 0.953 0.848 0.869 0.951 0.898 0.917 0.903 0.898 0.903 0.969 0.970 0.831 0.890 0.843 0.956 0.895 0.875 0.951 0.955 0.899 0.900 0.839 0.913 0.940 0.956 0.965 0.950 0.879 0.957 0.949 0.941 0.938 0.837 0.890 
0.910 0.907 0.806 0.900 0.877 0.639 0.905 0.915 0.750 0.882 0.911 0.789 0.893 0.849 0.892 0.778 0.908 1.000 0.845 0.649 0.908 0.767 0.761 0.880 0.868 0.826 0.883 0.913 0.873 0.872 0.849 0.818 0.787 0.851 0.903 0.875 0.919 0.839 0.862 0.908 0.911 0.882 0.884 0.888 0.860 0.891 0.889 0.817 0.853 0.910 0.918 0.913 0.922 0.838 0.900 0.856 0.823 0.872 0.911 0.832 0.903 0.902 0.825 0.849 0.905 0.858 0.874 0.878 0.871 0.860 0.912 0.916 0.802 0.857 0.830 0.903 0.848 0.851 0.907 0.904 0.861 0.871 0.825 0.878 0.880 0.906 0.905 0.884 0.849 0.905 0.896 0.904 0.882 0.810 0.898 
0.877 0.877 0.770 0.863 0.847 0.646 0.873 0.879 0.738 0.853 0.879 0.832 0.857 0.812 0.872 0.740 0.875 0.845 1.000 0.631 0.875 0.749 0.743 0.861 0.838 0.859 0.856 0.881 0.853 0.833 0.877 0.820 0.809 0.811 0.857 0.852 0.885 0.808 0.820 0.887 0.877 0.852 0.853 0.853 0.823 0.854 0.857 0.821 0.823 0.883 0.876 0.878 0.883 0.829 0.858 0.833 0.801 0.830 0.876 0.778 0.867 0.876 0.859 0.869 0.872 0.823 0.843 0.860 0.835 0.866 0.880 0.884 0.769 0.882 0.840 0.869 0.817 0.884 0.876 0.865 0.823 0.847 0.801 0.852 0.854 0.869 0.873 0.845 0.832 0.869 0.865 0.876 0.855 0.799 0.843 
0.652 0.642 0.639 0.656 0.655 0.649 0.644 0.668 0.546 0.649 0.652 0.519 0.629 0.634 0.643 0.664 0.656 0.649 0.631 1.000 0.662 0.626 0.554 0.655 0.664 0.639 0.645 0.665 0.648 0.655 0.582 0.681 0.530 0.644 0.652 0.657 0.678 0.636 0.633 0.654 0.667 0.667 0.642 0.646 0.646 0.653 0.643 0.579 0.701 0.647 0.640 0.663 0.667 0.641 0.664 0.627 0.573 0.615 0.666 0.683 0.646 0.638 0.564 0.558 0.639 0.642 0.646 0.646 0.652 0.651 0.667 0.669 0.698 0.597 0.644 0.653 0.584 0.616 0.636 0.644 0.694 0.654 0.639 0.662 0.626 0.645 0.653 0.628 0.647 0.645 0.632 0.644 0.620 0.634 0.688 
0.950 0.942 0.830 0.947 0.929 0.665 0.947 0.965 0.755 0.918 0.954 0.800 0.930 0.860 0.931 0.795 0.956 0.908 0.875 0.662 1.000 0.779 0.772 0.902 0.891 0.826 0.925 0.961 0.894 0.923 0.868 0.850 0.804 0.871 0.907 0.898 0.971 0.866 0.900 0.942 0.964 0.937 0.932 0.941 0.909 0.943 0.934 0.823 0.873 0.944 0.943 0.956 0.965 0.887 0.939 0.881 0.851 0.909 0.959 0.828 0.953 0.940 0.838 0.860 0.940 0.891 0.908 0.891 0.887 0.906 0.963 0.963 0.825 0.884 0.839 0.950 0.883 0.866 0.941 0.949 0.891 0.897 0.841 0.905 0.922 0.946 0.949 0.928 0.874 0.945 0.940 0.931 0.916 0.831 0.893 
0.793 0.793 0.810 0.786 0.756 0.673 0.793 0.792 0.719 0.758 0.799 0.715 0.781 0.788 0.777 0.734 0.792 0.767 0.749 0.626 0.779 1.000 0.724 0.796 0.815 0.715 0.780 0.802 0.791 0.786 0.743 0.746 0.676 0.729 0.772 0.787 0.792 0.843 0.772 0.799 0.791 0.764 0.771 0.774 0.776 0.775 0.770 0.720 0.772 0.792 0.789 0.789 0.794 0.742 0.770 0.780 0.761 0.742 0.788 0.709 0.786 0.785 0.737 0.763 0.791 0.760 0.760 0.802 0.780 0.753 0.789 0.792 0.763 0.759 0.728 0.780 0.734 0.757 0.790 0.786 0.745 0.782 0.779 0.789 0.774 0.790 0.792 0.780 0.791 0.790 0.779 0.791 0.776 0.774 0.749 
0.792 0.784 0.711 0.773 0.756 0.596 0.790 0.786 0.722 0.759 0.793 0.732 0.774 0.730 0.769 0.729 0.788 0.761 0.743 0.554 0.772 0.724 1.000 0.802 0.754 0.712 0.759 0.789 0.798 0.743 0.762 0.749 0.719 0.730 0.760 0.779 0.786 0.731 0.729 0.785 0.787 0.761 0.775 0.772 0.750 0.774 0.766 0.747 0.775 0.783 0.783 0.783 0.786 0.729 0.765 0.795 0.803 0.752 0.788 0.697 0.786 0.784 0.737 0.788 0.780 0.745 0.765 0.800 0.758 0.758 0.784 0.786 0.706 0.772 0.731 0.787 0.739 0.759 0.783 0.781 0.742 0.776 0.763 0.788 0.777 0.782 0.791 0.786 0.758 0.786 0.786 0.781 0.787 0.738 0.743 
0.904 0.893 0.799 0.903 0.881 0.643 0.900 0.925 0.770 0.873 0.906 0.800 0.884 0.831 0.886 0.806 0.913 0.880 0.861 0.655 0.902 0.796 0.802 1.000 0.869 0.816 0.885 0.919 0.956 0.866 0.869 0.867 0.801 0.824 0.880 0.923 0.927 0.833 0.848 0.898 0.920 0.891 0.887 0.888 0.861 0.896 0.884 0.829 0.881 0.897 0.899 0.912 0.922 0.832 0.896 0.918 0.827 0.868 0.921 0.799 0.901 0.894 0.832 0.865 0.894 0.852 0.863 0.955 0.856 0.854 0.920 0.923 0.807 0.872 0.827 0.905 0.846 0.863 0.897 0.898 0.855 0.921 0.879 0.930 0.887 0.898 0.909 0.886 0.897 0.898 0.898 0.891 0.907 0.886 0.865 
0.910 0.900 0.857 0.891 0.867 0.690 0.904 0.906 0.745 0.879 0.911 0.773 0.882 0.861 0.884 0.791 0.900 0.868 0.838 0.664 0.891 0.815 0.754 0.869 1.000 0.812 0.879 0.903 0.863 0.876 0.834 0.810 0.752 0.844 0.882 0.866 0.914 0.887 0.863 0.918 0.905 0.874 0.873 0.875 0.861 0.878 0.878 0.791 0.836 0.905 0.906 0.911 0.909 0.832 0.886 0.848 0.814 0.864 0.903 0.804 0.897 0.903 0.810 0.826 0.903 0.849 0.874 0.866 0.878 0.857 0.907 0.910 0.821 0.853 0.819 0.893 0.849 0.837 0.903 0.903 0.849 0.859 0.833 0.868 0.871 0.904 0.908 0.869 0.841 0.903 0.885 0.911 0.882 0.813 0.835 
0.834 0.828 0.750 0.819 0.826 0.658 0.830 0.833 0.712 0.831 0.835 0.810 0.812 0.782 0.821 0.698 0.829 0.826 0.859 0.639 0.826 0.715 0.712 0.816 0.812 1.000 0.812 0.828 0.803 0.810 0.844 0.762 0.793 0.797 0.835 0.812 0.841 0.767 0.804 0.842 0.831 0.832 0.817 0.817 0.789 0.819 0.823 0.808 0.771 0.833 0.862 0.833 0.835 0.798 0.818 0.783 0.772 0.795 0.829 0.779 0.825 0.830 0.846 0.832 0.849 0.797 0.818 0.814 0.804 0.803 0.833 0.835 0.726 0.844 0.825 0.827 0.776 0.889 0.861 0.831 0.818 0.807 0.771 0.812 0.807 0.832 0.836 0.802 0.791 0.834 0.822 0.833 0.821 0.774 0.805 
0.931 0.925 0.826 0.926 0.901 0.657 0.929 0.941 0.752 0.898 0.936 0.791 0.913 0.848 0.908 0.784 0.937 0.883 0.856 0.645 0.925 0.780 0.759 0.885 0.879 0.812 1.000 0.936 0.882 0.903 0.854 0.831 0.777 0.849 0.893 0.874 0.945 0.862 0.890 0.922 0.937 0.906 0.907 0.910 0.883 0.913 0.908 0.811 0.852 0.930 0.929 0.927 0.941 0.859 0.926 0.861 0.827 0.891 0.936 0.815 0.930 0.927 0.829 0.845 0.926 0.871 0.892 0.884 0.879 0.890 0.938 0.937 0.805 0.868 0.828 0.920 0.873 0.849 0.925 0.931 0.870 0.872 0.820 0.889 0.907 0.932 0.937 0.905 0.860 0.927 0.922 0.916 0.912 0.824 0.870 
0.966 0.962 0.843 0.974 0.941 0.662 0.961 0.986 0.765 0.934 0.967 0.819 0.959 0.869 0.945 0.808 0.972 0.913 0.881 0.665 0.961 0.802 0.789 0.919 0.903 0.828 0.936 1.000 0.909 0.929 0.879 0.854 0.805 0.875 0.920 0.908 0.986 0.886 0.905 0.961 0.977 0.950 0.948 0.953 0.921 0.961 0.949 0.837 0.884 0.964 0.955 0.967 0.984 0.898 0.954 0.895 0.871 0.921 0.981 0.829 0.958 0.954 0.847 0.876 0.956 0.902 0.921 0.901 0.906 0.906 0.980 0.983 0.841 0.894 0.848 0.965 0.901 0.882 0.956 0.956 0.900 0.906 0.851 0.918 0.948 0.960 0.960 0.949 0.883 0.959 0.949 0.949 0.931 0.839 0.894 
0.902 0.886 0.793 0.900 0.876 0.621 0.894 0.912 0.764 0.868 0.896 0.790 0.881 0.822 0.883 0.809 0.902 0.873 0.853 0.648 0.894 0.791 0.798 0.956 0.863 0.803 0.882 0.909 1.000 0.862 0.855 0.877 0.784 0.825 0.870 0.908 0.919 0.826 0.843 0.890 0.917 0.873 0.886 0.887 0.861 0.891 0.884 0.809 0.870 0.891 0.896 0.902 0.911 0.827 0.894 0.908 0.831 0.860 0.910 0.794 0.901 0.890 0.824 0.855 0.889 0.844 0.857 0.946 0.850 0.847 0.913 0.911 0.802 0.864 0.817 0.892 0.831 0.847 0.893 0.890 0.842 0.906 0.883 0.925 0.878 0.890 0.905 0.880 0.883 0.896 0.886 0.882 0.881 0.875 0.855 
0.928 0.917 0.825 0.916 0.895 0.679 0.924 0.931 0.722 0.893 0.927 0.773 0.906 0.848 0.899 0.776 0.932 0.872 0.833 0.655 0.923 0.786 0.743 0.866 0.876 0.810 0.903 0.929 0.862 1.000 0.838 0.823 0.760 0.848 0.889 0.864 0.937 0.854 0.944 0.916 0.932 0.909 0.898 0.909 0.882 0.909 0.902 0.797 0.834 0.920 0.913 0.920 0.931 0.883 0.912 0.845 0.825 0.883 0.927 0.788 0.935 0.924 0.842 0.831 0.919 0.870 0.892 0.866 0.864 0.879 0.930 0.929 0.793 0.857 0.805 0.912 0.863 0.837 0.913 0.930 0.864 0.862 0.816 0.875 0.888 0.929 0.926 0.901 0.864 0.924 0.905 0.904 0.898 0.820 0.851 
0.883 0.870 0.781 0.866 0.843 0.617 0.881 0.879 0.725 0.855 0.884 0.839 0.866 0.811 0.868 0.755 0.876 0.849 0.877 0.582 0.868 0.743 0.762 0.869 0.834 0.844 0.854 0.879 0.855 0.838 1.000 0.790 0.822 0.812 0.864 0.851 0.886 0.801 0.822 0.876 0.876 0.854 0.855 0.859 0.831 0.859 0.858 0.860 0.819 0.872 0.882 0.875 0.880 0.821 0.860 0.831 0.826 0.869 0.876 0.772 0.873 0.885 0.878 0.899 0.880 0.830 0.856 0.857 0.828 0.850 0.882 0.880 0.762 0.913 0.830 0.876 0.855 0.883 0.886 0.880 0.833 0.846 0.815 0.852 0.861 0.883 0.878 0.862 0.831 0.887 0.870 0.865 0.864 0.798 0.818 
0.849 0.838 0.755 0.846 0.831 0.659 0.849 0.858 0.707 0.843 0.850 0.720 0.840 0.783 0.841 0.746 0.866 0.818 0.820 0.681 0.850 0.746 0.749 0.867 0.810 0.762 0.831 0.854 0.877 0.823 0.790 1.000 0.730 0.777 0.822 0.852 0.863 0.777 0.801 0.844 0.863 0.834 0.827 0.836 0.810 0.838 0.829 0.756 0.851 0.841 0.840 0.852 0.860 0.812 0.839 0.850 0.770 0.807 0.856 0.749 0.852 0.845 0.761 0.782 0.839 0.813 0.820 0.862 0.806 0.832 0.855 0.858 0.760 0.800 0.765 0.844 0.784 0.805 0.839 0.843 0.839 0.849 0.813 0.884 0.829 0.843 0.851 0.839 0.829 0.846 0.840 0.834 0.828 0.811 0.818 
0.802 0.793 0.713 0.797 0.802 0.592 0.801 0.806 0.714 0.793 0.802 0.772 0.788 0.735 0.783 0.683 0.797 0.787 0.809 0.530 0.804 0.676 0.719 0.801 0.752 0.793 0.777 0.805 0.784 0.760 0.822 0.730 1.000 0.769 0.787 0.781 0.807 0.721 0.753 0.798 0.804 0.793 0.805 0.807 0.776 0.810 0.815 0.834 0.747 0.794 0.803 0.801 0.807 0.769 0.786 0.768 0.771 0.787 0.803 0.709 0.800 0.799 0.797 0.874 0.797 0.773 0.788 0.781 0.753 0.778 0.805 0.804 0.684 0.836 0.769 0.797 0.763 0.823 0.801 0.794 0.766 0.783 0.752 0.780 0.791 0.794 0.797 0.782 0.756 0.798 0.799 0.790 0.793 0.740 0.774 
0.881 0.876 0.795 0.869 0.891 0.646 0.882 0.875 0.704 0.858 0.882 0.746 0.870 0.797 0.862 0.744 0.868 0.851 0.811 0.644 0.871 0.729 0.730 0.824 0.844 0.797 0.849 0.875 0.825 0.848 0.812 0.777 0.769 1.000 0.857 0.834 0.879 0.804 0.838 0.889 0.873 0.855 0.906 0.911 0.883 0.912 0.912 0.795 0.805 0.876 0.880 0.876 0.878 0.831 0.862 0.812 0.805 0.848 0.869 0.792 0.880 0.880 0.781 0.815 0.878 0.842 0.868 0.827 0.831 0.850 0.871 0.875 0.758 0.840 0.803 0.864 0.818 0.810 0.880 0.874 0.836 0.826 0.808 0.830 0.849 0.876 0.873 0.849 0.814 0.873 0.858 0.874 0.853 0.782 0.827 
0.927 0.916 0.824 0.909 0.890 0.654 0.919 0.923 0.740 0.907 0.929 0.787 0.902 0.848 0.901 0.785 0.916 0.903 0.857 0.652 0.907 0.772 0.760 0.880 0.882 0.835 0.893 0.920 0.870 0.889 0.864 0.822 0.787 0.857 1.000 0.881 0.931 0.850 0.877 0.921 0.921 0.897 0.898 0.897 0.871 0.902 0.903 0.823 0.849 0.920 0.927 0.913 0.925 0.864 0.906 0.859 0.830 0.892 0.921 0.823 0.913 0.927 0.824 0.851 0.924 0.873 0.895 0.874 0.878 0.874 0.925 0.929 0.798 0.862 0.829 0.918 0.874 0.849 0.925 0.922 0.869 0.874 0.825 0.883 0.893 0.923 0.925 0.887 0.859 0.924 0.908 0.914 0.906 0.821 0.874 
0.905 0.909 0.796 0.894 0.880 0.646 0.904 0.907 0.749 0.878 0.904 0.801 0.890 0.822 0.895 0.789 0.901 0.875 0.852 0.657 0.898 0.787 0.779 0.923 0.866 0.812 0.874 0.908 0.908 0.864 0.851 0.852 0.781 0.834 0.881 1.000 0.913 0.840 0.849 0.913 0.908 0.875 0.878 0.885 0.856 0.886 0.882 0.846 0.870 0.909 0.903 0.902 0.911 0.838 0.885 0.925 0.819 0.868 0.903 0.799 0.893 0.897 0.811 0.857 0.896 0.858 0.865 0.920 0.857 0.854 0.913 0.915 0.801 0.860 0.814 0.901 0.846 0.847 0.900 0.899 0.860 0.982 0.873 0.919 0.885 0.898 0.900 0.888 0.967 0.899 0.903 0.904 0.884 0.898 0.851 
0.971 0.961 0.846 0.975 0.945 0.669 0.964 0.990 0.769 0.940 0.972 0.815 0.950 0.877 0.948 0.813 0.975 0.919 0.885 0.678 0.971 0.792 0.786 0.927 0.914 0.841 0.945 0.986 0.919 0.937 0.886 0.863 0.807 0.879 0.931 0.913 1.000 0.885 0.913 0.960 0.989 0.957 0.950 0.953 0.921 0.960 0.951 0.834 0.887 0.967 0.964 0.973 0.988 0.896 0.962 0.895 0.867 0.932 0.989 0.839 0.967 0.959 0.854 0.875 0.959 0.907 0.926 0.911 0.907 0.912 0.990 0.989 0.843 0.898 0.853 0.968 0.906 0.887 0.961 0.965 0.909 0.911 0.853 0.927 0.944 0.965 0.972 0.944 0.888 0.966 0.955 0.952 0.937 0.845 0.903 
0.880 0.913 0.928 0.870 0.840 0.738 0.882 0.878 0.759 0.850 0.885 0.777 0.868 0.846 0.869 0.787 0.872 0.839 0.808 0.636 0.866 0.843 0.731 0.833 0.887 0.767 0.862 0.886 0.826 0.854 0.801 0.777 0.721 0.804 0.850 0.840 0.885 1.000 0.843 0.903 0.877 0.846 0.855 0.857 0.856 0.858 0.857 0.769 0.802 0.906 0.877 0.874 0.883 0.810 0.860 0.826 0.814 0.836 0.874 0.765 0.873 0.877 0.775 0.803 0.879 0.834 0.843 0.837 0.853 0.825 0.882 0.882 0.808 0.819 0.778 0.867 0.831 0.806 0.877 0.878 0.817 0.831 0.815 0.841 0.854 0.881 0.877 0.858 0.827 0.878 0.862 0.898 0.846 0.795 0.809 
0.901 0.902 0.809 0.916 0.874 0.661 0.909 0.909 0.721 0.874 0.907 0.767 0.909 0.833 0.881 0.756 0.904 0.862 0.820 0.633 0.900 0.772 0.729 0.848 0.863 0.804 0.890 0.905 0.843 0.944 0.822 0.801 0.753 0.838 0.877 0.849 0.913 0.843 1.000 0.906 0.908 0.886 0.877 0.888 0.862 0.888 0.888 0.789 0.819 0.905 0.901 0.900 0.910 0.855 0.899 0.852 0.808 0.864 0.903 0.782 0.908 0.908 0.831 0.821 0.909 0.852 0.873 0.849 0.856 0.857 0.905 0.907 0.783 0.842 0.802 0.892 0.851 0.821 0.901 0.913 0.841 0.848 0.809 0.866 0.888 0.911 0.905 0.875 0.843 0.904 0.887 0.892 0.876 0.810 0.834 
0.958 0.978 0.848 0.945 0.916 0.657 0.961 0.953 0.759 0.926 0.963 0.826 0.944 0.877 0.941 0.806 0.948 0.908 0.887 0.654 0.942 0.799 0.785 0.898 0.918 0.842 0.922 0.961 0.890 0.916 0.876 0.844 0.798 0.889 0.921 0.913 0.960 0.903 0.906 1.000 0.952 0.921 0.926 0.933 0.901 0.934 0.933 0.843 0.874 0.971 0.955 0.966 0.959 0.884 0.934 0.894 0.859 0.908 0.949 0.839 0.949 0.953 0.850 0.882 0.957 0.900 0.920 0.898 0.919 0.904 0.956 0.960 0.839 0.904 0.858 0.946 0.894 0.881 0.957 0.955 0.896 0.901 0.858 0.905 0.926 0.957 0.953 0.926 0.887 0.956 0.939 0.979 0.922 0.841 0.877 
0.968 0.953 0.838 0.963 0.940 0.661 0.958 0.983 0.763 0.932 0.965 0.807 0.941 0.870 0.942 0.805 0.972 0.911 0.877 0.667 0.964 0.791 0.787 0.920 0.905 0.831 0.937 0.977 0.917 0.932 0.876 0.863 0.804 0.873 0.921 0.908 0.989 0.877 0.908 0.952 1.000 0.949 0.942 0.949 0.916 0.954 0.944 0.831 0.880 0.959 0.955 0.965 0.981 0.890 0.953 0.890 0.870 0.925 0.981 0.830 0.965 0.953 0.848 0.874 0.952 0.902 0.919 0.905 0.900 0.905 0.979 0.982 0.839 0.893 0.844 0.961 0.898 0.879 0.952 0.957 0.901 0.905 0.850 0.919 0.936 0.958 0.967 0.939 0.883 0.958 0.949 0.944 0.936 0.842 0.895 
0.935 0.922 0.816 0.935 0.926 0.701 0.930 0.955 0.755 0.911 0.941 0.784 0.912 0.845 0.911 0.777 0.943 0.882 0.852 0.667 0.937 0.764 0.761 0.891 0.874 0.832 0.906 0.950 0.873 0.909 0.854 0.834 0.793 0.855 0.897 0.875 0.957 0.846 0.886 0.921 0.949 1.000 0.929 0.934 0.901 0.942 0.929 0.805 0.849 0.926 0.923 0.935 0.952 0.885 0.922 0.860 0.841 0.894 0.950 0.806 0.928 0.924 0.829 0.840 0.923 0.887 0.895 0.873 0.869 0.890 0.946 0.949 0.809 0.867 0.817 0.932 0.873 0.859 0.923 0.928 0.886 0.874 0.833 0.889 0.920 0.929 0.936 0.920 0.852 0.932 0.919 0.913 0.904 0.824 0.888 
0.936 0.929 0.820 0.940 0.959 0.646 0.934 0.948 0.753 0.911 0.938 0.803 0.921 0.840 0.918 0.794 0.932 0.884 0.853 0.642 0.932 0.771 0.775 0.887 0.873 0.817 0.907 0.948 0.886 0.898 0.855 0.827 0.805 0.906 0.898 0.878 0.950 0.855 0.877 0.926 0.942 0.929 1.000 0.979 0.947 0.987 0.978 0.812 0.847 0.928 0.930 0.931 0.949 0.883 0.918 0.862 0.847 0.902 0.940 0.808 0.935 0.927 0.820 0.854 0.927 0.888 0.894 0.883 0.867 0.885 0.941 0.945 0.808 0.880 0.824 0.928 0.867 0.856 0.930 0.926 0.879 0.878 0.848 0.896 0.917 0.928 0.934 0.919 0.854 0.929 0.918 0.914 0.909 0.830 0.871 
0.940 0.933 0.821 0.944 0.980 0.651 0.941 0.953 0.750 0.911 0.944 0.801 0.927 0.844 0.924 0.791 0.941 0.888 0.853 0.646 0.941 0.774 0.772 0.888 0.875 0.817 0.910 0.953 0.887 0.909 0.859 0.836 0.807 0.911 0.897 0.885 0.953 0.857 0.888 0.933 0.949 0.934 0.979 1.000 0.967 0.992 0.984 0.814 0.859 0.932 0.930 0.949 0.954 0.892 0.922 0.867 0.854 0.905 0.944 0.808 0.939 0.931 0.829 0.857 0.930 0.894 0.897 0.878 0.874 0.891 0.944 0.948 0.823 0.887 0.824 0.945 0.876 0.857 0.930 0.931 0.884 0.883 0.855 0.891 0.923 0.933 0.935 0.923 0.862 0.932 0.925 0.918 0.905 0.833 0.876 
0.908 0.902 0.822 0.912 0.947 0.657 0.909 0.921 0.735 0.881 0.912 0.776 0.897 0.816 0.893 0.781 0.909 0.860 0.823 0.646 0.909 0.776 0.750 0.861 0.861 0.789 0.883 0.921 0.861 0.882 0.831 0.810 0.776 0.883 0.871 0.856 0.921 0.856 0.862 0.901 0.916 0.901 0.947 0.967 1.000 0.960 0.953 0.785 0.832 0.901 0.899 0.917 0.922 0.863 0.891 0.841 0.832 0.879 0.911 0.782 0.909 0.901 0.801 0.825 0.900 0.873 0.866 0.852 0.862 0.861 0.912 0.916 0.812 0.858 0.804 0.913 0.853 0.827 0.899 0.901 0.853 0.855 0.842 0.863 0.892 0.903 0.902 0.892 0.841 0.901 0.893 0.887 0.875 0.811 0.848 
0.944 0.934 0.825 0.950 0.972 0.655 0.943 0.961 0.753 0.916 0.948 0.798 0.928 0.848 0.926 0.792 0.942 0.891 0.854 0.653 0.943 0.775 0.774 0.896 0.878 0.819 0.913 0.961 0.891 0.909 0.859 0.838 0.810 0.912 0.902 0.886 0.960 0.858 0.888 0.934 0.954 0.942 0.987 0.992 0.960 1.000 0.987 0.817 0.856 0.934 0.932 0.943 0.960 0.892 0.927 0.871 0.857 0.910 0.950 0.809 0.944 0.933 0.829 0.860 0.932 0.897 0.900 0.880 0.876 0.894 0.949 0.955 0.818 0.886 0.825 0.940 0.875 0.863 0.932 0.935 0.887 0.885 0.854 0.895 0.925 0.937 0.939 0.925 0.861 0.936 0.927 0.920 0.908 0.835 0.881 
0.937 0.933 0.821 0.941 0.964 0.649 0.940 0.948 0.749 0.915 0.942 0.794 0.924 0.842 0.918 0.790 0.936 0.889 0.857 0.643 0.934 0.770 0.766 0.884 0.878 0.823 0.908 0.949 0.884 0.902 0.858 0.829 0.815 0.912 0.903 0.882 0.951 0.857 0.888 0.933 0.944 0.929 0.978 0.984 0.953 0.987 1.000 0.816 0.848 0.932 0.936 0.935 0.951 0.889 0.919 0.867 0.852 0.907 0.941 0.814 0.938 0.933 0.828 0.856 0.932 0.892 0.898 0.874 0.872 0.889 0.943 0.945 0.812 0.883 0.830 0.932 0.875 0.857 0.937 0.930 0.878 0.885 0.851 0.889 0.925 0.932 0.934 0.915 0.856 0.932 0.921 0.918 0.908 0.831 0.873 
0.847 0.839 0.817 0.822 0.802 0.629 0.850 0.832 0.726 0.829 0.850 0.803 0.828 0.779 0.829 0.725 0.832 0.817 0.821 0.579 0.823 0.720 0.747 0.829 0.791 0.808 0.811 0.837 0.809 0.797 0.860 0.756 0.834 0.795 0.823 0.846 0.834 0.769 0.789 0.843 0.831 0.805 0.812 0.814 0.785 0.817 0.816 1.000 0.779 0.837 0.843 0.827 0.836 0.782 0.812 0.812 0.802 0.814 0.830 0.742 0.833 0.857 0.825 0.912 0.849 0.815 0.893 0.826 0.797 0.811 0.830 0.834 0.719 0.867 0.806 0.830 0.802 0.840 0.847 0.845 0.814 0.842 0.770 0.810 0.822 0.849 0.840 0.823 0.822 0.849 0.833 0.830 0.836 0.794 0.777 
0.867 0.865 0.771 0.868 0.850 0.624 0.865 0.883 0.712 0.839 0.871 0.758 0.857 0.809 0.851 0.761 0.879 0.853 0.823 0.701 0.873 0.772 0.775 0.881 0.836 0.771 0.852 0.884 0.870 0.834 0.819 0.851 0.747 0.805 0.849 0.870 0.887 0.802 0.819 0.874 0.880 0.849 0.847 0.859 0.832 0.856 0.848 0.779 1.000 0.868 0.866 0.889 0.882 0.810 0.864 0.857 0.791 0.829 0.881 0.795 0.868 0.859 0.773 0.811 0.859 0.823 0.837 0.865 0.832 0.836 0.886 0.889 0.787 0.828 0.818 0.896 0.821 0.803 0.863 0.863 0.849 0.869 0.817 0.885 0.857 0.865 0.869 0.858 0.846 0.861 0.868 0.867 0.845 0.805 0.861 
0.963 0.993 0.842 0.946 0.921 0.652 0.960 0.959 0.767 0.929 0.966 0.828 0.941 0.868 0.947 0.808 0.954 0.910 0.883 0.647 0.944 0.792 0.783 0.897 0.905 0.833 0.930 0.964 0.891 0.920 0.872 0.841 0.794 0.876 0.920 0.909 0.967 0.906 0.905 0.971 0.959 0.926 0.928 0.932 0.901 0.934 0.932 0.837 0.868 1.000 0.957 0.948 0.963 0.885 0.937 0.887 0.858 0.910 0.956 0.831 0.952 0.956 0.847 0.877 0.958 0.896 0.922 0.903 0.914 0.902 0.961 0.963 0.828 0.888 0.850 0.947 0.897 0.873 0.958 0.957 0.895 0.897 0.848 0.910 0.929 0.961 0.958 0.936 0.884 0.957 0.944 0.978 0.924 0.838 0.876 
0.960 0.954 0.842 0.944 0.919 0.650 0.956 0.959 0.762 0.937 0.962 0.816 0.941 0.864 0.934 0.810 0.956 0.918 0.876 0.640 0.943 0.789 0.783 0.899 0.906 0.862 0.929 0.955 0.896 0.913 0.882 0.840 0.803 0.880 0.927 0.903 0.964 0.877 0.901 0.955 0.955 0.923 0.930 0.930 0.899 0.932 0.936 0.843 0.866 0.957 1.000 0.954 0.970 0.889 0.928 0.880 0.858 0.916 0.956 0.874 0.951 0.957 0.853 0.876 0.973 0.895 0.926 0.903 0.905 0.902 0.958 0.960 0.821 0.893 0.880 0.945 0.904 0.870 0.988 0.955 0.895 0.897 0.849 0.908 0.930 0.957 0.960 0.924 0.880 0.959 0.945 0.944 0.939 0.834 0.873 
0.953 0.945 0.835 0.952 0.938 0.661 0.948 0.971 0.762 0.919 0.955 0.818 0.938 0.871 0.936 0.805 0.961 0.913 0.878 0.663 0.956 0.789 0.783 0.912 0.911 0.833 0.927 0.967 0.902 0.920 0.875 0.852 0.801 0.876 0.913 0.902 0.973 0.874 0.900 0.966 0.965 0.935 0.931 0.949 0.917 0.943 0.935 0.827 0.889 0.948 0.954 1.000 0.978 0.884 0.946 0.883 0.859 0.909 0.965 0.838 0.946 0.943 0.849 0.867 0.943 0.896 0.909 0.899 0.902 0.898 0.965 0.969 0.851 0.901 0.844 0.965 0.893 0.874 0.942 0.945 0.897 0.900 0.848 0.912 0.930 0.947 0.951 0.931 0.879 0.945 0.940 0.956 0.920 0.835 0.888 
0.970 0.959 0.845 0.968 0.943 0.665 0.963 0.988 0.771 0.938 0.971 0.816 0.951 0.872 0.946 0.811 0.975 0.922 0.883 0.667 0.965 0.794 0.786 0.922 0.909 0.835 0.941 0.984 0.911 0.931 0.880 0.860 0.807 0.878 0.925 0.911 0.988 0.883 0.910 0.959 0.981 0.952 0.949 0.954 0.922 0.960 0.951 0.836 0.882 0.963 0.970 0.978 1.000 0.897 0.953 0.894 0.863 0.926 0.980 0.844 0.960 0.959 0.851 0.875 0.957 0.907 0.925 0.909 0.905 0.912 0.978 0.987 0.843 0.897 0.849 0.964 0.902 0.884 0.957 0.961 0.908 0.910 0.854 0.922 0.943 0.963 0.967 0.945 0.886 0.962 0.954 0.949 0.936 0.843 0.897 
0.893 0.883 0.792 0.897 0.882 0.678 0.889 0.892 0.696 0.908 0.894 0.749 0.875 0.801 0.884 0.745 0.888 0.838 0.829 0.641 0.887 0.742 0.729 0.832 0.832 0.798 0.859 0.898 0.827 0.883 0.821 0.812 0.769 0.831 0.864 0.838 0.896 0.810 0.855 0.884 0.890 0.885 0.883 0.892 0.863 0.892 0.889 0.782 0.810 0.885 0.889 0.884 0.897 1.000 0.868 0.816 0.813 0.854 0.888 0.773 0.886 0.892 0.802 0.805 0.895 0.850 0.872 0.831 0.829 0.872 0.889 0.895 0.762 0.828 0.789 0.882 0.847 0.837 0.888 0.888 0.853 0.834 0.801 0.845 0.866 0.891 0.884 0.868 0.824 0.893 0.873 0.870 0.865 0.792 0.830 
0.940 0.932 0.820 0.950 0.909 0.658 0.931 0.954 0.754 0.908 0.940 0.803 0.929 0.850 0.922 0.788 0.943 0.900 0.858 0.664 0.939 0.770 0.765 0.896 0.886 0.818 0.926 0.954 0.894 0.912 0.860 0.839 0.786 0.862 0.906 0.885 0.962 0.860 0.899 0.934 0.953 0.922 0.918 0.922 0.891 0.927 0.919 0.812 0.864 0.937 0.928 0.946 0.953 0.868 1.000 0.877 0.848 0.896 0.954 0.817 0.935 0.929 0.827 0.853 0.927 0.885 0.895 0.882 0.883 0.883 0.957 0.953 0.824 0.874 0.825 0.940 0.873 0.861 0.929 0.930 0.881 0.882 0.825 0.899 0.922 0.935 0.937 0.916 0.863 0.932 0.921 0.923 0.904 0.819 0.875 
0.887 0.889 0.784 0.900 0.853 0.626 0.885 0.889 0.752 0.858 0.891 0.790 0.895 0.809 0.870 0.782 0.883 0.856 0.833 0.627 0.881 0.780 0.795 0.918 0.848 0.783 0.861 0.895 0.908 0.845 0.831 0.850 0.768 0.812 0.859 0.925 0.895 0.826 0.852 0.894 0.890 0.860 0.862 0.867 0.841 0.871 0.867 0.812 0.857 0.887 0.880 0.883 0.894 0.816 0.877 1.000 0.823 0.842 0.886 0.776 0.876 0.877 0.800 0.843 0.879 0.841 0.848 0.910 0.846 0.836 0.895 0.898 0.796 0.847 0.799 0.886 0.830 0.831 0.879 0.883 0.834 0.922 0.867 0.907 0.884 0.883 0.881 0.874 0.901 0.883 0.887 0.882 0.865 0.858 0.835 
0.862 0.860 0.781 0.857 0.835 0.667 0.858 0.864 0.734 0.835 0.859 0.786 0.856 0.799 0.853 0.745 0.859 0.823 0.801 0.573 0.851 0.761 0.803 0.827 0.814 0.772 0.827 0.871 0.831 0.825 0.826 0.770 0.771 0.805 0.830 0.819 0.867 0.814 0.808 0.859 0.870 0.841 0.847 0.854 0.832 0.857 0.852 0.802 0.791 0.858 0.858 0.859 0.863 0.813 0.848 0.823 1.000 0.835 0.867 0.749 0.860 0.851 0.796 0.849 0.855 0.825 0.827 0.817 0.810 0.822 0.866 0.864 0.750 0.829 0.774 0.869 0.825 0.810 0.865 0.855 0.805 0.817 0.790 0.817 0.854 0.856 0.855 0.860 0.800 0.860 0.863 0.855 0.838 0.760 0.802 
0.919 0.908 0.810 0.909 0.904 0.639 0.920 0.925 0.717 0.898 0.917 0.785 0.901 0.827 0.900 0.778 0.912 0.872 0.830 0.615 0.909 0.742 0.752 0.868 0.864 0.795 0.891 0.921 0.860 0.883 0.869 0.807 0.787 0.848 0.892 0.868 0.932 0.836 0.864 0.908 0.925 0.894 0.902 0.905 0.879 0.910 0.907 0.814 0.829 0.910 0.916 0.909 0.926 0.854 0.896 0.842 0.835 1.000 0.921 0.792 0.923 0.923 0.817 0.840 0.915 0.861 0.887 0.858 0.854 0.869 0.926 0.925 0.789 0.859 0.807 0.912 0.900 0.834 0.915 0.922 0.862 0.866 0.814 0.867 0.896 0.919 0.918 0.893 0.843 0.918 0.906 0.900 0.897 0.801 0.844 
0.962 0.950 0.835 0.965 0.935 0.663 0.956 0.988 0.767 0.930 0.961 0.809 0.946 0.865 0.936 0.805 0.986 0.911 0.876 0.666 0.959 0.788 0.788 0.921 0.903 0.829 0.936 0.981 0.910 0.927 0.876 0.856 0.803 0.869 0.921 0.903 0.989 0.874 0.903 0.949 0.981 0.950 0.940 0.944 0.911 0.950 0.941 0.830 0.881 0.956 0.956 0.965 0.980 0.888 0.954 0.886 0.867 0.921 1.000 0.831 0.960 0.950 0.842 0.872 0.948 0.899 0.915 0.900 0.895 0.901 0.981 0.979 0.834 0.888 0.843 0.960 0.897 0.877 0.951 0.953 0.898 0.901 0.838 0.916 0.945 0.954 0.965 0.945 0.878 0.954 0.947 0.942 0.937 0.839 0.897 
0.835 0.828 0.739 0.818 0.799 0.588 0.832 0.834 0.695 0.813 0.837 0.717 0.816 0.787 0.820 0.768 0.831 0.832 0.778 0.683 0.828 0.709 0.697 0.799 0.804 0.779 0.815 0.829 0.794 0.788 0.772 0.749 0.709 0.792 0.823 0.799 0.839 0.765 0.782 0.839 0.830 0.806 0.808 0.808 0.782 0.809 0.814 0.742 0.795 0.831 0.874 0.838 0.844 0.773 0.817 0.776 0.749 0.792 0.831 1.000 0.826 0.831 0.746 0.766 0.848 0.780 0.808 0.803 0.803 0.799 0.833 0.835 0.786 0.784 0.804 0.826 0.779 0.769 0.863 0.831 0.802 0.794 0.768 0.802 0.808 0.831 0.835 0.801 0.776 0.834 0.823 0.829 0.819 0.738 0.801 
0.962 0.949 0.839 0.946 0.926 0.650 0.963 0.962 0.754 0.924 0.965 0.805 0.933 0.875 0.929 0.809 0.963 0.903 0.867 0.646 0.953 0.786 0.786 0.901 0.897 0.825 0.930 0.958 0.901 0.935 0.873 0.852 0.800 0.880 0.913 0.893 0.967 0.873 0.908 0.949 0.965 0.928 0.935 0.939 0.909 0.944 0.938 0.833 0.868 0.952 0.951 0.946 0.960 0.886 0.935 0.876 0.860 0.923 0.960 0.826 1.000 0.956 0.855 0.875 0.949 0.900 0.919 0.900 0.896 0.909 0.960 0.958 0.817 0.892 0.844 0.945 0.890 0.869 0.953 0.959 0.893 0.890 0.844 0.909 0.922 0.957 0.966 0.930 0.872 0.959 0.941 0.936 0.931 0.834 0.877 
0.969 0.953 0.858 0.940 0.917 0.652 0.978 0.954 0.755 0.943 0.971 0.811 0.936 0.868 0.934 0.815 0.953 0.902 0.876 0.638 0.940 0.785 0.784 0.894 0.903 0.830 0.927 0.954 0.890 0.924 0.885 0.845 0.799 0.880 0.927 0.897 0.959 0.877 0.908 0.953 0.953 0.924 0.927 0.931 0.901 0.933 0.933 0.857 0.859 0.956 0.957 0.943 0.959 0.892 0.929 0.877 0.851 0.923 0.950 0.831 0.956 1.000 0.851 0.881 0.962 0.891 0.947 0.897 0.900 0.920 0.951 0.955 0.820 0.896 0.849 0.941 0.898 0.868 0.957 0.962 0.891 0.891 0.844 0.903 0.927 0.971 0.962 0.926 0.874 0.962 0.933 0.937 0.940 0.833 0.870 
0.852 0.843 0.757 0.832 0.817 0.616 0.855 0.849 0.712 0.822 0.857 0.820 0.828 0.805 0.833 0.721 0.848 0.825 0.859 0.564 0.838 0.737 0.737 0.832 0.810 0.846 0.829 0.847 0.824 0.842 0.878 0.761 0.797 0.781 0.824 0.811 0.854 0.775 0.831 0.850 0.848 0.829 0.820 0.829 0.801 0.829 0.828 0.825 0.773 0.847 0.853 0.849 0.851 0.802 0.827 0.800 0.796 0.817 0.842 0.746 0.855 0.851 1.000 0.865 0.862 0.802 0.828 0.833 0.813 0.822 0.845 0.850 0.735 0.877 0.807 0.835 0.819 0.873 0.855 0.859 0.802 0.814 0.782 0.821 0.817 0.856 0.852 0.826 0.804 0.861 0.837 0.842 0.834 0.776 0.794 
0.899 0.877 0.774 0.864 0.837 0.595 0.883 0.871 0.768 0.846 0.887 0.849 0.869 0.811 0.862 0.760 0.869 0.849 0.869 0.558 0.860 0.763 0.788 0.865 0.826 0.832 0.845 0.876 0.855 0.831 0.899 0.782 0.874 0.815 0.851 0.857 0.875 0.803 0.821 0.882 0.874 0.840 0.854 0.857 0.825 0.860 0.856 0.912 0.811 0.877 0.876 0.867 0.875 0.805 0.853 0.843 0.849 0.840 0.872 0.766 0.875 0.881 0.865 1.000 0.872 0.830 0.850 0.857 0.830 0.841 0.871 0.875 0.755 0.918 0.833 0.872 0.836 0.879 0.880 0.872 0.815 0.847 0.815 0.840 0.859 0.878 0.881 0.861 0.837 0.879 0.872 0.870 0.858 0.807 0.809 
0.960 0.956 0.851 0.940 0.916 0.653 0.961 0.954 0.761 0.942 0.965 0.811 0.939 0.867 0.938 0.811 0.951 0.905 0.872 0.639 0.940 0.791 0.780 0.894 0.903 0.849 0.926 0.956 0.889 0.919 0.880 0.839 0.797 0.878 0.924 0.896 0.959 0.879 0.909 0.957 0.952 0.923 0.927 0.930 0.900 0.932 0.932 0.849 0.859 0.958 0.973 0.943 0.957 0.895 0.927 0.879 0.855 0.915 0.948 0.848 0.949 0.962 0.862 0.872 1.000 0.893 0.935 0.902 0.918 0.904 0.951 0.953 0.824 0.896 0.873 0.943 0.902 0.874 0.981 0.962 0.896 0.893 0.846 0.905 0.923 0.965 0.956 0.922 0.873 0.968 0.941 0.942 0.934 0.834 0.869 
0.901 0.895 0.823 0.892 0.881 0.661 0.900 0.904 0.730 0.878 0.904 0.766 0.884 0.819 0.885 0.761 0.898 0.858 0.823 0.642 0.891 0.760 0.745 0.852 0.849 0.797 0.871 0.902 0.844 0.870 0.830 0.813 0.773 0.842 0.873 0.858 0.907 0.834 0.852 0.900 0.902 0.887 0.888 0.894 0.873 0.897 0.892 0.815 0.823 0.896 0.895 0.896 0.907 0.850 0.885 0.841 0.825 0.861 0.899 0.780 0.900 0.891 0.802 0.830 0.893 1.000 0.887 0.846 0.850 0.853 0.903 0.905 0.775 0.851 0.796 0.890 0.844 0.834 0.894 0.900 0.871 0.851 0.818 0.861 0.875 0.899 0.899 0.881 0.841 0.899 0.893 0.889 0.873 0.812 0.836 
0.935 0.919 0.907 0.907 0.884 0.667 0.930 0.921 0.735 0.923 0.941 0.781 0.904 0.842 0.901 0.781 0.917 0.874 0.843 0.646 0.908 0.760 0.765 0.863 0.874 0.818 0.892 0.921 0.857 0.892 0.856 0.820 0.788 0.868 0.895 0.865 0.926 0.843 0.873 0.920 0.919 0.895 0.894 0.897 0.866 0.900 0.898 0.893 0.837 0.922 0.926 0.909 0.925 0.872 0.895 0.848 0.827 0.887 0.915 0.808 0.919 0.947 0.828 0.850 0.935 0.887 1.000 0.866 0.873 0.884 0.917 0.922 0.787 0.868 0.831 0.904 0.866 0.855 0.926 0.931 0.888 0.862 0.816 0.877 0.889 0.939 0.928 0.891 0.841 0.934 0.903 0.904 0.903 0.802 0.845 
0.902 0.898 0.802 0.890 0.868 0.636 0.901 0.906 0.777 0.874 0.907 0.807 0.878 0.833 0.889 0.810 0.903 0.878 0.860 0.646 0.891 0.802 0.800 0.955 0.866 0.814 0.884 0.901 0.946 0.866 0.857 0.862 0.781 0.827 0.874 0.920 0.911 0.837 0.849 0.898 0.905 0.873 0.883 0.878 0.852 0.880 0.874 0.826 0.865 0.903 0.903 0.899 0.909 0.831 0.882 0.910 0.817 0.858 0.900 0.803 0.900 0.897 0.833 0.857 0.902 0.846 0.866 1.000 0.858 0.855 0.903 0.908 0.801 0.868 0.825 0.890 0.837 0.852 0.900 0.898 0.852 0.914 0.879 0.927 0.870 0.899 0.907 0.882 0.899 0.900 0.893 0.895 0.893 0.887 0.849 
0.908 0.907 0.817 0.889 0.863 0.630 0.904 0.902 0.745 0.875 0.914 0.777 0.887 0.841 0.884 0.791 0.898 0.871 0.835 0.652 0.887 0.780 0.758 0.856 0.878 0.804 0.879 0.906 0.850 0.864 0.828 0.806 0.753 0.831 0.878 0.857 0.907 0.853 0.856 0.919 0.900 0.869 0.867 0.874 0.862 0.876 0.872 0.797 0.832 0.914 0.905 0.902 0.905 0.829 0.883 0.846 0.810 0.854 0.895 0.803 0.896 0.900 0.813 0.830 0.918 0.850 0.873 0.858 1.000 0.847 0.900 0.905 0.840 0.848 0.846 0.894 0.848 0.834 0.907 0.906 0.851 0.852 0.822 0.864 0.870 0.910 0.904 0.872 0.835 0.904 0.895 0.906 0.872 0.803 0.839 
0.914 0.901 0.802 0.895 0.876 0.669 0.916 0.907 0.727 0.880 0.924 0.770 0.890 0.840 0.889 0.772 0.903 0.860 0.866 0.651 0.906 0.753 0.758 0.854 0.857 0.803 0.890 0.906 0.847 0.879 0.850 0.832 0.778 0.850 0.874 0.854 0.912 0.825 0.857 0.904 0.905 0.890 0.885 0.891 0.861 0.894 0.889 0.811 0.836 0.902 0.902 0.898 0.912 0.872 0.883 0.836 0.822 0.869 0.901 0.799 0.909 0.920 0.822 0.841 0.904 0.853 0.884 0.855 0.847 1.000 0.905 0.907 0.777 0.867 0.817 0.893 0.850 0.834 0.904 0.924 0.845 0.849 0.809 0.858 0.873 0.926 0.914 0.877 0.833 0.916 0.889 0.889 0.888 0.792 0.861 
0.963 0.958 0.838 0.965 0.935 0.660 0.955 0.978 0.763 0.931 0.963 0.818 0.948 0.869 0.943 0.806 0.969 0.912 0.880 0.667 0.963 0.789 0.784 0.920 0.907 0.833 0.938 0.980 0.913 0.930 0.882 0.855 0.805 0.871 0.925 0.913 0.990 0.882 0.905 0.956 0.979 0.946 0.941 0.944 0.912 0.949 0.943 0.830 0.886 0.961 0.958 0.965 0.978 0.889 0.957 0.895 0.866 0.926 0.981 0.833 0.960 0.951 0.845 0.871 0.951 0.903 0.917 0.903 0.900 0.905 1.000 0.980 0.837 0.891 0.846 0.962 0.902 0.878 0.954 0.958 0.902 0.910 0.847 0.919 0.943 0.957 0.965 0.942 0.888 0.957 0.956 0.952 0.934 0.839 0.897 
0.967 0.959 0.842 0.969 0.941 0.663 0.959 0.985 0.766 0.937 0.968 0.818 0.948 0.870 0.945 0.808 0.970 0.916 0.884 0.669 0.963 0.792 0.786 0.923 0.910 0.835 0.937 0.983 0.911 0.929 0.880 0.858 0.804 0.875 0.929 0.915 0.989 0.882 0.907 0.960 0.982 0.949 0.945 0.948 0.916 0.955 0.945 0.834 0.889 0.963 0.960 0.969 0.987 0.895 0.953 0.898 0.864 0.925 0.979 0.835 0.958 0.955 0.850 0.875 0.953 0.905 0.922 0.908 0.905 0.907 0.980 1.000 0.841 0.893 0.847 0.968 0.907 0.883 0.954 0.958 0.904 0.914 0.854 0.921 0.942 0.959 0.964 0.943 0.890 0.958 0.953 0.953 0.934 0.844 0.898 
0.832 0.826 0.770 0.831 0.812 0.602 0.827 0.840 0.707 0.799 0.831 0.725 0.819 0.818 0.825 0.792 0.831 0.802 0.769 0.698 0.825 0.763 0.706 0.807 0.821 0.726 0.805 0.841 0.802 0.793 0.762 0.760 0.684 0.758 0.798 0.801 0.843 0.808 0.783 0.839 0.839 0.809 0.808 0.823 0.812 0.818 0.812 0.719 0.787 0.828 0.821 0.851 0.843 0.762 0.824 0.796 0.750 0.789 0.834 0.786 0.817 0.820 0.735 0.755 0.824 0.775 0.787 0.801 0.840 0.777 0.837 0.841 1.000 0.782 0.781 0.841 0.772 0.771 0.824 0.819 0.778 0.798 0.780 0.809 0.810 0.823 0.825 0.813 0.779 0.824 0.816 0.830 0.795 0.749 0.787 
0.902 0.888 0.797 0.881 0.865 0.628 0.902 0.893 0.757 0.868 0.904 0.831 0.882 0.831 0.881 0.774 0.890 0.857 0.882 0.597 0.884 0.759 0.772 0.872 0.853 0.844 0.868 0.894 0.864 0.857 0.913 0.800 0.836 0.840 0.862 0.860 0.898 0.819 0.842 0.904 0.893 0.867 0.880 0.887 0.858 0.886 0.883 0.867 0.828 0.888 0.893 0.901 0.897 0.828 0.874 0.847 0.829 0.859 0.888 0.784 0.892 0.896 0.877 0.918 0.896 0.851 0.868 0.868 0.848 0.867 0.891 0.893 0.782 1.000 0.841 0.889 0.866 0.886 0.898 0.896 0.847 0.858 0.831 0.860 0.866 0.899 0.896 0.871 0.844 0.900 0.885 0.887 0.872 0.813 0.826 
0.852 0.848 0.759 0.836 0.810 0.600 0.853 0.845 0.711 0.832 0.855 0.781 0.833 0.791 0.835 0.755 0.843 0.830 0.840 0.644 0.839 0.728 0.731 0.827 0.819 0.825 0.828 0.848 0.817 0.805 0.830 0.765 0.769 0.803 0.829 0.814 0.853 0.778 0.802 0.858 0.844 0.817 0.824 0.824 0.804 0.825 0.830 0.806 0.818 0.850 0.880 0.844 0.849 0.789 0.825 0.799 0.774 0.807 0.843 0.804 0.844 0.849 0.807 0.833 0.873 0.796 0.831 0.825 0.846 0.817 0.846 0.847 0.781 0.841 1.000 0.843 0.798 0.834 0.891 0.847 0.805 0.809 0.781 0.820 0.820 0.850 0.849 0.814 0.791 0.856 0.839 0.843 0.833 0.763 0.818 
0.950 0.945 0.825 0.950 0.936 0.649 0.946 0.964 0.754 0.916 0.954 0.817 0.935 0.858 0.935 0.799 0.956 0.903 0.869 0.653 0.950 0.780 0.787 0.905 0.893 0.827 0.920 0.965 0.892 0.912 0.876 0.844 0.797 0.864 0.918 0.901 0.968 0.867 0.892 0.946 0.961 0.932 0.928 0.945 0.913 0.940 0.932 0.830 0.896 0.947 0.945 0.965 0.964 0.882 0.940 0.886 0.869 0.912 0.960 0.826 0.945 0.941 0.835 0.872 0.943 0.890 0.904 0.890 0.894 0.893 0.962 0.968 0.841 0.889 0.843 1.000 0.910 0.865 0.949 0.943 0.887 0.900 0.849 0.904 0.935 0.947 0.946 0.936 0.878 0.943 0.947 0.937 0.919 0.831 0.884 
0.906 0.894 0.798 0.888 0.867 0.649 0.896 0.901 0.705 0.874 0.908 0.770 0.887 0.822 0.882 0.774 0.895 0.848 0.817 0.584 0.883 0.734 0.739 0.846 0.849 0.776 0.873 0.901 0.831 0.863 0.855 0.784 0.763 0.818 0.874 0.846 0.906 0.831 0.851 0.894 0.898 0.873 0.867 0.876 0.853 0.875 0.875 0.802 0.821 0.897 0.904 0.893 0.902 0.847 0.873 0.830 0.825 0.900 0.897 0.779 0.890 0.898 0.819 0.836 0.902 0.844 0.866 0.837 0.848 0.850 0.902 0.907 0.772 0.866 0.798 0.910 1.000 0.810 0.905 0.900 0.835 0.844 0.802 0.844 0.876 0.903 0.896 0.877 0.834 0.904 0.892 0.885 0.876 0.787 0.820 
0.879 0.871 0.787 0.867 0.848 0.648 0.876 0.881 0.751 0.900 0.880 0.855 0.858 0.819 0.863 0.731 0.875 0.851 0.884 0.616 0.866 0.757 0.759 0.863 0.837 0.889 0.849 0.882 0.847 0.837 0.883 0.805 0.823 0.810 0.849 0.847 0.887 0.806 0.821 0.881 0.879 0.859 0.856 0.857 0.827 0.863 0.857 0.840 0.803 0.873 0.870 0.874 0.884 0.837 0.861 0.831 0.810 0.834 0.877 0.769 0.869 0.868 0.873 0.879 0.874 0.834 0.855 0.852 0.834 0.834 0.878 0.883 0.771 0.886 0.834 0.865 0.810 1.000 0.876 0.868 0.854 0.845 0.802 0.857 0.845 0.871 0.872 0.847 0.821 0.876 0.863 0.867 0.846 0.798 0.834 
0.960 0.956 0.843 0.943 0.916 0.650 0.961 0.954 0.761 0.938 0.963 0.817 0.940 0.866 0.937 0.812 0.951 0.907 0.876 0.636 0.941 0.790 0.783 0.897 0.903 0.861 0.925 0.956 0.893 0.913 0.886 0.839 0.801 0.880 0.925 0.900 0.961 0.877 0.901 0.957 0.952 0.923 0.930 0.930 0.899 0.932 0.937 0.847 0.863 0.958 0.988 0.942 0.957 0.888 0.929 0.879 0.865 0.915 0.951 0.863 0.953 0.957 0.855 0.880 0.981 0.894 0.926 0.900 0.907 0.904 0.954 0.954 0.824 0.898 0.891 0.949 0.905 0.876 1.000 0.955 0.893 0.894 0.850 0.907 0.927 0.959 0.957 0.921 0.877 0.964 0.945 0.941 0.936 0.832 0.871 
0.959 0.955 0.848 0.942 0.917 0.655 0.959 0.959 0.756 0.928 0.969 0.802 0.937 0.877 0.933 0.809 0.955 0.904 0.865 0.644 0.949 0.786 0.781 0.898 0.903 0.831 0.931 0.956 0.890 0.930 0.880 0.843 0.794 0.874 0.922 0.899 0.965 0.878 0.913 0.955 0.957 0.928 0.926 0.931 0.901 0.935 0.930 0.845 0.863 0.957 0.955 0.945 0.961 0.888 0.930 0.883 0.855 0.922 0.953 0.831 0.959 0.962 0.859 0.872 0.962 0.900 0.931 0.898 0.906 0.924 0.958 0.958 0.819 0.896 0.847 0.943 0.900 0.868 0.955 1.000 0.901 0.896 0.848 0.906 0.919 0.991 0.962 0.923 0.874 0.964 0.944 0.942 0.931 0.835 0.873 
0.899 0.892 0.810 0.889 0.881 0.679 0.895 0.903 0.719 0.903 0.904 0.760 0.880 0.821 0.883 0.748 0.899 0.861 0.823 0.694 0.891 0.745 0.742 0.855 0.849 0.818 0.870 0.900 0.842 0.864 0.833 0.839 0.766 0.836 0.869 0.860 0.909 0.817 0.841 0.896 0.901 0.886 0.879 0.884 0.853 0.887 0.878 0.814 0.849 0.895 0.895 0.897 0.908 0.853 0.881 0.834 0.805 0.862 0.898 0.802 0.893 0.891 0.802 0.815 0.896 0.871 0.888 0.852 0.851 0.845 0.902 0.904 0.778 0.847 0.805 0.887 0.835 0.854 0.893 0.901 1.000 0.857 0.801 0.869 0.866 0.899 0.896 0.872 0.834 0.899 0.886 0.886 0.873 0.801 0.842 
0.895 0.897 0.792 0.891 0.878 0.644 0.896 0.906 0.751 0.875 0.898 0.787 0.879 0.817 0.884 0.790 0.900 0.871 0.847 0.654 0.897 0.782 0.776 0.921 0.859 0.807 0.872 0.906 0.906 0.862 0.846 0.849 0.783 0.826 0.874 0.982 0.911 0.831 0.848 0.901 0.905 0.874 0.878 0.883 0.855 0.885 0.885 0.842 0.869 0.897 0.897 0.900 0.910 0.834 0.882 0.922 0.817 0.866 0.901 0.794 0.890 0.891 0.814 0.847 0.893 0.851 0.862 0.914 0.852 0.849 0.910 0.914 0.798 0.858 0.809 0.900 0.844 0.845 0.894 0.896 0.857 1.000 0.866 0.919 0.879 0.895 0.894 0.883 0.955 0.894 0.902 0.893 0.881 0.890 0.849 
0.853 0.850 0.782 0.849 0.834 0.621 0.854 0.847 0.731 0.822 0.858 0.749 0.843 0.800 0.834 0.796 0.839 0.825 0.801 0.639 0.841 0.779 0.763 0.879 0.833 0.771 0.820 0.851 0.883 0.816 0.815 0.813 0.752 0.808 0.825 0.873 0.853 0.815 0.809 0.858 0.850 0.833 0.848 0.855 0.842 0.854 0.851 0.770 0.817 0.848 0.849 0.848 0.854 0.801 0.825 0.867 0.790 0.814 0.838 0.768 0.844 0.844 0.782 0.815 0.846 0.818 0.816 0.879 0.822 0.809 0.847 0.854 0.780 0.831 0.781 0.849 0.802 0.802 0.850 0.848 0.801 0.866 1.000 0.864 0.830 0.849 0.850 0.831 0.855 0.846 0.845 0.841 0.826 0.844 0.806 
0.908 0.905 0.811 0.914 0.883 0.644 0.907 0.922 0.761 0.890 0.913 0.790 0.896 0.840 0.893 0.803 0.913 0.878 0.852 0.662 0.905 0.789 0.788 0.930 0.868 0.812 0.889 0.918 0.925 0.875 0.852 0.884 0.780 0.830 0.883 0.919 0.927 0.841 0.866 0.905 0.919 0.889 0.896 0.891 0.863 0.895 0.889 0.810 0.885 0.910 0.908 0.912 0.922 0.845 0.899 0.907 0.817 0.867 0.916 0.802 0.909 0.903 0.821 0.840 0.905 0.861 0.877 0.927 0.864 0.858 0.919 0.921 0.809 0.860 0.820 0.904 0.844 0.857 0.907 0.906 0.869 0.919 0.864 1.000 0.888 0.905 0.916 0.887 0.896 0.907 0.901 0.899 0.893 0.856 0.865 
0.931 0.928 0.812 0.940 0.910 0.636 0.931 0.944 0.748 0.902 0.929 0.810 0.936 0.831 0.916 0.777 0.940 0.880 0.854 0.626 0.922 0.774 0.777 0.887 0.871 0.807 0.907 0.948 0.878 0.888 0.861 0.829 0.791 0.849 0.893 0.885 0.944 0.854 0.888 0.926 0.936 0.920 0.917 0.923 0.892 0.925 0.925 0.822 0.857 0.929 0.930 0.930 0.943 0.866 0.922 0.884 0.854 0.896 0.945 0.808 0.922 0.927 0.817 0.859 0.923 0.875 0.889 0.870 0.870 0.873 0.943 0.942 0.810 0.866 0.820 0.935 0.876 0.845 0.927 0.919 0.866 0.879 0.830 0.888 1.000 0.921 0.931 0.956 0.862 0.924 0.921 0.921 0.914 0.818 0.863 
0.966 0.957 0.852 0.946 0.919 0.657 0.960 0.960 0.755 0.937 0.977 0.805 0.940 0.877 0.936 0.815 0.956 0.906 0.869 0.645 0.946 0.790 0.782 0.898 0.904 0.832 0.932 0.960 0.890 0.929 0.883 0.843 0.794 0.876 0.923 0.898 0.965 0.881 0.911 0.957 0.958 0.929 0.928 0.933 0.903 0.937 0.932 0.849 0.865 0.961 0.957 0.947 0.963 0.891 0.935 0.883 0.856 0.919 0.954 0.831 0.957 0.971 0.856 0.878 0.965 0.899 0.939 0.899 0.910 0.926 0.957 0.959 0.823 0.899 0.850 0.947 0.903 0.871 0.959 0.991 0.899 0.895 0.849 0.905 0.921 1.000 0.963 0.925 0.873 0.965 0.943 0.942 0.931 0.835 0.874 
0.974 0.953 0.848 0.947 0.926 0.656 0.967 0.967 0.769 0.929 0.972 0.809 0.932 0.877 0.934 0.814 0.965 0.905 0.873 0.653 0.949 0.792 0.791 0.909 0.908 0.836 0.937 0.960 0.905 0.926 0.878 0.851 0.797 0.873 0.925 0.900 0.972 0.877 0.905 0.953 0.967 0.936 0.934 0.935 0.902 0.939 0.934 0.840 0.869 0.958 0.960 0.951 0.967 0.884 0.937 0.881 0.855 0.918 0.965 0.835 0.966 0.962 0.852 0.881 0.956 0.899 0.928 0.907 0.904 0.914 0.965 0.964 0.825 0.896 0.849 0.946 0.896 0.872 0.957 0.962 0.896 0.894 0.850 0.916 0.931 0.963 1.000 0.933 0.879 0.963 0.942 0.944 0.944 0.842 0.882 
0.937 0.935 0.815 0.929 0.910 0.638 0.934 0.945 0.746 0.899 0.933 0.810 0.932 0.836 0.921 0.780 0.950 0.884 0.845 0.628 0.928 0.780 0.786 0.886 0.869 0.802 0.905 0.949 0.880 0.901 0.862 0.839 0.782 0.849 0.887 0.888 0.944 0.858 0.875 0.926 0.939 0.920 0.919 0.923 0.892 0.925 0.915 0.823 0.858 0.936 0.924 0.931 0.945 0.868 0.916 0.874 0.860 0.893 0.945 0.801 0.930 0.926 0.826 0.861 0.922 0.881 0.891 0.882 0.872 0.877 0.942 0.943 0.813 0.871 0.814 0.936 0.877 0.847 0.921 0.923 0.872 0.883 0.831 0.887 0.956 0.925 0.933 1.000 0.867 0.931 0.931 0.927 0.912 0.821 0.863 
0.884 0.884 0.782 0.868 0.857 0.650 0.881 0.882 0.731 0.852 0.884 0.775 0.866 0.802 0.873 0.775 0.879 0.849 0.832 0.647 0.874 0.791 0.758 0.897 0.841 0.791 0.860 0.883 0.883 0.864 0.831 0.829 0.756 0.814 0.859 0.967 0.888 0.827 0.843 0.887 0.883 0.852 0.854 0.862 0.841 0.861 0.856 0.822 0.846 0.884 0.880 0.879 0.886 0.824 0.863 0.901 0.800 0.843 0.878 0.776 0.872 0.874 0.804 0.837 0.873 0.841 0.841 0.899 0.835 0.833 0.888 0.890 0.779 0.844 0.791 0.878 0.834 0.821 0.877 0.874 0.834 0.955 0.855 0.896 0.862 0.873 0.879 0.867 1.000 0.878 0.876 0.880 0.864 0.888 0.825 
0.968 0.956 0.853 0.947 0.916 0.659 0.968 0.959 0.761 0.938 0.971 0.812 0.940 0.877 0.942 0.812 0.957 0.905 0.869 0.645 0.945 0.790 0.786 0.898 0.903 0.834 0.927 0.959 0.896 0.924 0.887 0.846 0.798 0.873 0.924 0.899 0.966 0.878 0.904 0.956 0.958 0.932 0.929 0.932 0.901 0.936 0.932 0.849 0.861 0.957 0.959 0.945 0.962 0.893 0.932 0.883 0.860 0.918 0.954 0.834 0.959 0.962 0.861 0.879 0.968 0.899 0.934 0.900 0.904 0.916 0.957 0.958 0.824 0.900 0.856 0.943 0.904 0.876 0.964 0.964 0.899 0.894 0.846 0.907 0.924 0.965 0.963 0.931 0.878 1.000 0.939 0.942 0.929 0.835 0.874 
0.944 0.941 0.821 0.931 0.917 0.643 0.939 0.950 0.761 0.912 0.950 0.809 0.930 0.854 0.925 0.789 0.949 0.896 0.865 0.632 0.940 0.779 0.786 0.898 0.885 0.822 0.922 0.949 0.886 0.905 0.870 0.840 0.799 0.858 0.908 0.903 0.955 0.862 0.887 0.939 0.949 0.919 0.918 0.925 0.893 0.927 0.921 0.833 0.868 0.944 0.945 0.940 0.954 0.873 0.921 0.887 0.863 0.906 0.947 0.823 0.941 0.933 0.837 0.872 0.941 0.893 0.903 0.893 0.895 0.889 0.956 0.953 0.816 0.885 0.839 0.947 0.892 0.863 0.945 0.944 0.886 0.902 0.845 0.901 0.921 0.943 0.942 0.931 0.876 0.939 1.000 0.935 0.922 0.832 0.872 
0.945 0.978 0.830 0.930 0.909 0.648 0.945 0.944 0.762 0.911 0.948 0.829 0.930 0.867 0.938 0.796 0.941 0.904 0.876 0.644 0.931 0.791 0.781 0.891 0.911 0.833 0.916 0.949 0.882 0.904 0.865 0.834 0.790 0.874 0.914 0.904 0.952 0.898 0.892 0.979 0.944 0.913 0.914 0.918 0.887 0.920 0.918 0.830 0.867 0.978 0.944 0.956 0.949 0.870 0.923 0.882 0.855 0.900 0.942 0.829 0.936 0.937 0.842 0.870 0.942 0.889 0.904 0.895 0.906 0.889 0.952 0.953 0.830 0.887 0.843 0.937 0.885 0.867 0.941 0.942 0.886 0.893 0.841 0.899 0.921 0.942 0.944 0.927 0.880 0.942 0.935 1.000 0.914 0.832 0.871 
0.935 0.921 0.820 0.915 0.898 0.643 0.934 0.936 0.739 0.909 0.937 0.796 0.913 0.844 0.908 0.797 0.938 0.882 0.855 0.620 0.916 0.776 0.787 0.907 0.882 0.821 0.912 0.931 0.881 0.898 0.864 0.828 0.793 0.853 0.906 0.884 0.937 0.846 0.876 0.922 0.936 0.904 0.909 0.905 0.875 0.908 0.908 0.836 0.845 0.924 0.939 0.920 0.936 0.865 0.904 0.865 0.838 0.897 0.937 0.819 0.931 0.940 0.834 0.858 0.934 0.873 0.903 0.893 0.872 0.888 0.934 0.934 0.795 0.872 0.833 0.919 0.876 0.846 0.936 0.931 0.873 0.881 0.826 0.893 0.914 0.931 0.944 0.912 0.864 0.929 0.922 0.914 1.000 0.827 0.855 
0.841 0.837 0.759 0.833 0.828 0.637 0.839 0.839 0.725 0.815 0.842 0.742 0.817 0.780 0.824 0.753 0.837 0.810 0.799 0.634 0.831 0.774 0.738 0.886 0.813 0.774 0.824 0.839 0.875 0.820 0.798 0.811 0.740 0.782 0.821 0.898 0.845 0.795 0.810 0.841 0.842 0.824 0.830 0.833 0.811 0.835 0.831 0.794 0.805 0.838 0.834 0.835 0.843 0.792 0.819 0.858 0.760 0.801 0.839 0.738 0.834 0.833 0.776 0.807 0.834 0.812 0.802 0.887 0.803 0.792 0.839 0.844 0.749 0.813 0.763 0.831 0.787 0.798 0.832 0.835 0.801 0.890 0.844 0.856 0.818 0.835 0.842 0.821 0.888 0.835 0.832 0.832 0.827 1.000 0.798 
0.881 0.872 0.781 0.882 0.870 0.652 0.875 0.898 0.735 0.858 0.881 0.761 0.863 0.832 0.863 0.750 0.890 0.898 0.843 0.688 0.893 0.749 0.743 0.865 0.835 0.805 0.870 0.894 0.855 0.851 0.818 0.818 0.774 0.827 0.874 0.851 0.903 0.809 0.834 0.877 0.895 0.888 0.871 0.876 0.848 0.881 0.873 0.777 0.861 0.876 0.873 0.888 0.897 0.830 0.875 0.835 0.802 0.844 0.897 0.801 0.877 0.870 0.794 0.809 0.869 0.836 0.845 0.849 0.839 0.861 0.897 0.898 0.787 0.826 0.818 0.884 0.820 0.834 0.871 0.873 0.842 0.849 0.806 0.865 0.863 0.874 0.882 0.863 0.825 0.874 0.872 0.871 0.855 0.798 1.000 
