0 0.000 0.009 0.022 0.012 0.013 0.028 0.009 0.010 0.020 0.013 0.009 0.021 0.011 0.021 0.021 0.018 0.009 0.013 0.022 0.029 0.011 0.023 0.015 0.011 0.012 0.015 0.021 0.011 0.009 0.014 0.014 0.016 0.017 0.014 0.019 0.015 0.010 0.022 0.021 0.009 0.011 0.012 0.014 0.013 0.014 0.013 0.012 0.016 0.015 0.011 0.010 0.010 0.010 0.016 0.012 0.015 0.015 0.015 0.009 0.019 0.010 0.010 0.014 0.010 0.009 0.022 0.012 0.011 0.011 0.013 0.009 0.011 0.016 0.011 0.014 0.010 0.016 0.011 0.012 0.009 0.014 0.014 0.014 0.013 0.022 0.010 0.012 0.012 0.016 0.011 0.009 0.009 0.022 0.024 0.012 
1 0.009 0.000 0.021 0.011 0.014 0.028 0.010 0.010 0.019 0.012 0.010 0.021 0.011 0.021 0.021 0.020 0.009 0.013 0.021 0.030 0.012 0.023 0.015 0.011 0.012 0.015 0.021 0.010 0.009 0.014 0.014 0.017 0.018 0.014 0.019 0.014 0.010 0.021 0.022 0.004 0.011 0.012 0.013 0.013 0.014 0.012 0.012 0.014 0.015 0.010 0.010 0.011 0.010 0.016 0.011 0.016 0.015 0.015 0.008 0.019 0.011 0.011 0.014 0.012 0.010 0.022 0.011 0.011 0.011 0.014 0.009 0.010 0.017 0.010 0.015 0.012 0.017 0.010 0.011 0.009 0.014 0.014 0.013 0.012 0.022 0.009 0.014 0.011 0.016 0.010 0.009 0.005 0.022 0.024 0.011 
2 0.022 0.021 0.000 0.022 0.025 0.029 0.023 0.022 0.026 0.023 0.023 0.027 0.023 0.017 0.018 0.025 0.022 0.023 0.023 0.033 0.024 0.025 0.024 0.023 0.021 0.025 0.018 0.022 0.022 0.024 0.024 0.026 0.025 0.024 0.022 0.024 0.022 0.012 0.024 0.021 0.023 0.023 0.023 0.024 0.024 0.023 0.023 0.023 0.025 0.022 0.023 0.023 0.022 0.026 0.022 0.025 0.023 0.024 0.022 0.024 0.023 0.023 0.025 0.022 0.022 0.022 0.021 0.022 0.023 0.025 0.022 0.022 0.023 0.022 0.024 0.023 0.025 0.022 0.023 0.022 0.024 0.025 0.023 0.023 0.020 0.022 0.024 0.023 0.025 0.022 0.022 0.021 0.022 0.021 0.023 
3 0.012 0.011 0.022 0.000 0.014 0.028 0.012 0.008 0.021 0.013 0.011 0.021 0.010 0.022 0.022 0.019 0.010 0.012 0.022 0.030 0.012 0.023 0.015 0.012 0.012 0.015 0.020 0.006 0.012 0.014 0.014 0.016 0.018 0.014 0.020 0.012 0.006 0.022 0.022 0.010 0.008 0.009 0.012 0.012 0.014 0.011 0.012 0.015 0.015 0.005 0.011 0.011 0.007 0.015 0.008 0.016 0.015 0.015 0.010 0.019 0.011 0.011 0.015 0.014 0.012 0.022 0.013 0.008 0.013 0.014 0.008 0.007 0.016 0.011 0.014 0.011 0.018 0.012 0.011 0.011 0.014 0.014 0.014 0.011 0.022 0.011 0.014 0.012 0.016 0.009 0.012 0.011 0.022 0.024 0.009 
4 0.013 0.014 0.025 0.014 0.000 0.027 0.013 0.012 0.022 0.015 0.012 0.022 0.015 0.022 0.023 0.018 0.012 0.014 0.024 0.029 0.011 0.023 0.016 0.013 0.015 0.012 0.022 0.013 0.014 0.014 0.015 0.017 0.020 0.013 0.022 0.016 0.012 0.024 0.023 0.013 0.013 0.011 0.015 0.010 0.012 0.013 0.012 0.019 0.015 0.014 0.012 0.010 0.013 0.017 0.014 0.017 0.019 0.017 0.013 0.020 0.012 0.012 0.015 0.016 0.012 0.023 0.016 0.013 0.014 0.014 0.012 0.013 0.016 0.014 0.015 0.010 0.020 0.014 0.013 0.013 0.014 0.015 0.014 0.015 0.023 0.013 0.013 0.014 0.016 0.013 0.014 0.014 0.023 0.024 0.013 
5 0.028 0.028 0.029 0.028 0.027 0.000 0.028 0.028 0.030 0.027 0.029 0.027 0.028 0.033 0.034 0.025 0.028 0.028 0.033 0.031 0.028 0.024 0.028 0.029 0.026 0.026 0.032 0.028 0.028 0.027 0.028 0.027 0.027 0.028 0.032 0.028 0.027 0.029 0.032 0.028 0.027 0.026 0.028 0.028 0.028 0.028 0.028 0.026 0.029 0.028 0.028 0.028 0.027 0.026 0.027 0.028 0.026 0.027 0.028 0.026 0.028 0.028 0.028 0.028 0.028 0.032 0.027 0.028 0.029 0.027 0.028 0.027 0.028 0.028 0.029 0.028 0.028 0.028 0.029 0.028 0.026 0.028 0.027 0.028 0.033 0.028 0.028 0.028 0.028 0.028 0.028 0.028 0.033 0.033 0.027 
6 0.009 0.010 0.023 0.012 0.013 0.028 0.000 0.010 0.020 0.014 0.008 0.021 0.011 0.021 0.020 0.018 0.008 0.013 0.022 0.029 0.010 0.022 0.014 0.010 0.013 0.015 0.021 0.011 0.010 0.013 0.014 0.016 0.018 0.014 0.020 0.014 0.010 0.022 0.021 0.010 0.011 0.012 0.014 0.012 0.013 0.013 0.012 0.017 0.014 0.011 0.010 0.009 0.011 0.016 0.011 0.015 0.016 0.015 0.010 0.019 0.010 0.010 0.014 0.013 0.009 0.021 0.012 0.011 0.011 0.013 0.010 0.011 0.015 0.011 0.014 0.010 0.018 0.012 0.011 0.009 0.013 0.013 0.014 0.013 0.021 0.009 0.011 0.011 0.014 0.011 0.009 0.010 0.022 0.023 0.012 
7 0.010 0.010 0.022 0.008 0.012 0.028 0.010 0.000 0.021 0.013 0.011 0.021 0.011 0.021 0.021 0.019 0.009 0.011 0.022 0.029 0.010 0.023 0.014 0.010 0.012 0.014 0.019 0.006 0.011 0.013 0.013 0.016 0.019 0.015 0.019 0.012 0.005 0.022 0.021 0.009 0.007 0.009 0.013 0.013 0.014 0.011 0.012 0.015 0.014 0.007 0.009 0.009 0.006 0.016 0.008 0.015 0.015 0.014 0.008 0.019 0.010 0.010 0.015 0.013 0.010 0.022 0.012 0.008 0.012 0.013 0.005 0.007 0.015 0.011 0.014 0.010 0.017 0.011 0.011 0.009 0.013 0.013 0.015 0.010 0.022 0.010 0.012 0.012 0.015 0.010 0.010 0.010 0.022 0.024 0.009 
8 0.020 0.019 0.026 0.021 0.022 0.030 0.020 0.021 0.000 0.021 0.020 0.023 0.020 0.027 0.027 0.023 0.020 0.021 0.027 0.035 0.021 0.024 0.022 0.021 0.021 0.023 0.027 0.021 0.020 0.023 0.022 0.024 0.021 0.022 0.026 0.022 0.021 0.026 0.027 0.020 0.021 0.022 0.022 0.022 0.022 0.022 0.021 0.020 0.023 0.021 0.021 0.021 0.021 0.023 0.021 0.022 0.020 0.021 0.020 0.020 0.021 0.020 0.021 0.018 0.020 0.028 0.020 0.021 0.020 0.022 0.021 0.021 0.023 0.020 0.021 0.021 0.023 0.020 0.021 0.020 0.022 0.022 0.020 0.021 0.028 0.020 0.021 0.020 0.023 0.021 0.019 0.020 0.028 0.029 0.021 
9 0.013 0.012 0.023 0.013 0.015 0.027 0.014 0.013 0.021 0.000 0.013 0.021 0.014 0.022 0.023 0.020 0.012 0.015 0.022 0.029 0.014 0.023 0.016 0.014 0.014 0.016 0.022 0.013 0.013 0.016 0.016 0.017 0.018 0.016 0.021 0.016 0.013 0.023 0.023 0.011 0.014 0.014 0.015 0.014 0.015 0.015 0.014 0.016 0.017 0.013 0.013 0.013 0.013 0.014 0.013 0.017 0.016 0.017 0.010 0.019 0.014 0.013 0.015 0.015 0.012 0.024 0.014 0.014 0.014 0.016 0.013 0.013 0.017 0.013 0.016 0.013 0.019 0.013 0.013 0.012 0.014 0.016 0.015 0.013 0.024 0.012 0.016 0.014 0.018 0.013 0.013 0.012 0.024 0.025 0.013 
10 0.009 0.010 0.023 0.011 0.012 0.029 0.008 0.011 0.020 0.013 0.000 0.020 0.010 0.020 0.021 0.018 0.008 0.013 0.022 0.029 0.010 0.021 0.014 0.010 0.014 0.014 0.020 0.011 0.010 0.012 0.014 0.016 0.018 0.013 0.020 0.016 0.011 0.022 0.021 0.010 0.012 0.013 0.015 0.011 0.013 0.013 0.011 0.017 0.013 0.011 0.009 0.008 0.011 0.015 0.012 0.015 0.017 0.015 0.011 0.018 0.009 0.007 0.012 0.014 0.008 0.021 0.012 0.011 0.010 0.012 0.010 0.011 0.015 0.010 0.013 0.009 0.018 0.013 0.009 0.008 0.014 0.014 0.014 0.013 0.022 0.007 0.011 0.010 0.015 0.010 0.010 0.010 0.021 0.023 0.012 
11 0.021 0.021 0.027 0.021 0.022 0.027 0.021 0.021 0.023 0.021 0.020 0.000 0.020 0.026 0.027 0.021 0.020 0.021 0.028 0.034 0.020 0.021 0.020 0.020 0.022 0.023 0.026 0.021 0.021 0.019 0.022 0.023 0.022 0.022 0.026 0.022 0.021 0.026 0.025 0.021 0.022 0.022 0.022 0.021 0.021 0.022 0.021 0.021 0.022 0.021 0.020 0.020 0.021 0.022 0.021 0.021 0.020 0.021 0.021 0.022 0.019 0.020 0.021 0.020 0.019 0.026 0.022 0.021 0.021 0.020 0.021 0.021 0.022 0.020 0.021 0.020 0.021 0.021 0.020 0.020 0.022 0.021 0.020 0.022 0.027 0.020 0.020 0.020 0.020 0.020 0.020 0.021 0.027 0.027 0.022 
12 0.011 0.011 0.023 0.010 0.015 0.028 0.011 0.011 0.020 0.014 0.010 0.020 0.000 0.021 0.021 0.019 0.011 0.013 0.022 0.030 0.012 0.021 0.015 0.012 0.013 0.016 0.021 0.010 0.012 0.014 0.015 0.017 0.018 0.015 0.020 0.015 0.011 0.022 0.021 0.010 0.012 0.013 0.014 0.013 0.014 0.013 0.012 0.016 0.015 0.010 0.011 0.011 0.011 0.016 0.012 0.015 0.016 0.016 0.011 0.019 0.011 0.011 0.015 0.014 0.011 0.022 0.013 0.012 0.011 0.013 0.011 0.011 0.016 0.011 0.014 0.011 0.018 0.013 0.012 0.011 0.015 0.014 0.014 0.013 0.022 0.010 0.014 0.012 0.015 0.011 0.011 0.011 0.022 0.024 0.013 
13 0.021 0.021 0.017 0.022 0.022 0.033 0.021 0.021 0.027 0.022 0.020 0.026 0.021 0.000 0.014 0.025 0.020 0.022 0.020 0.032 0.021 0.027 0.023 0.021 0.021 0.023 0.014 0.021 0.021 0.023 0.022 0.025 0.026 0.023 0.021 0.024 0.021 0.014 0.022 0.021 0.022 0.023 0.023 0.022 0.023 0.023 0.022 0.024 0.023 0.022 0.021 0.021 0.021 0.025 0.022 0.024 0.024 0.024 0.021 0.025 0.021 0.020 0.022 0.023 0.020 0.021 0.022 0.022 0.021 0.022 0.021 0.022 0.022 0.021 0.022 0.021 0.025 0.022 0.021 0.020 0.023 0.024 0.023 0.023 0.016 0.020 0.022 0.021 0.024 0.021 0.021 0.021 0.018 0.017 0.022 
14 0.021 0.021 0.018 0.022 0.023 0.034 0.020 0.021 0.027 0.023 0.021 0.027 0.021 0.014 0.000 0.027 0.020 0.022 0.019 0.033 0.021 0.028 0.022 0.021 0.023 0.024 0.013 0.021 0.022 0.023 0.022 0.024 0.025 0.022 0.020 0.022 0.021 0.016 0.022 0.021 0.022 0.022 0.022 0.021 0.022 0.021 0.021 0.024 0.023 0.021 0.021 0.021 0.021 0.024 0.022 0.022 0.024 0.024 0.021 0.026 0.021 0.021 0.024 0.023 0.021 0.020 0.023 0.022 0.022 0.022 0.021 0.021 0.023 0.021 0.022 0.021 0.026 0.022 0.021 0.020 0.023 0.021 0.023 0.023 0.013 0.021 0.021 0.021 0.022 0.021 0.021 0.021 0.018 0.016 0.022 
15 0.018 0.020 0.025 0.019 0.018 0.025 0.018 0.019 0.023 0.020 0.018 0.021 0.019 0.025 0.027 0.000 0.018 0.020 0.027 0.031 0.018 0.020 0.021 0.019 0.019 0.019 0.025 0.019 0.019 0.017 0.021 0.022 0.022 0.020 0.025 0.021 0.019 0.024 0.024 0.019 0.020 0.019 0.021 0.019 0.019 0.020 0.019 0.021 0.021 0.019 0.018 0.018 0.019 0.020 0.020 0.022 0.022 0.021 0.019 0.021 0.018 0.018 0.019 0.019 0.018 0.026 0.020 0.019 0.019 0.019 0.019 0.019 0.020 0.019 0.020 0.018 0.022 0.020 0.019 0.019 0.020 0.021 0.019 0.020 0.027 0.019 0.019 0.019 0.020 0.019 0.019 0.019 0.026 0.026 0.020 
16 0.009 0.009 0.022 0.010 0.012 0.028 0.008 0.009 0.020 0.012 0.008 0.020 0.011 0.020 0.020 0.018 0.000 0.012 0.022 0.028 0.010 0.022 0.014 0.009 0.012 0.014 0.020 0.009 0.009 0.013 0.013 0.016 0.018 0.013 0.019 0.015 0.009 0.022 0.021 0.008 0.010 0.011 0.014 0.011 0.013 0.012 0.011 0.016 0.014 0.010 0.009 0.008 0.009 0.016 0.011 0.015 0.016 0.015 0.008 0.018 0.009 0.009 0.014 0.013 0.008 0.022 0.012 0.010 0.010 0.012 0.009 0.010 0.015 0.010 0.013 0.009 0.018 0.011 0.010 0.007 0.013 0.013 0.014 0.012 0.022 0.007 0.011 0.010 0.015 0.009 0.009 0.009 0.022 0.023 0.011 
17 0.013 0.013 0.023 0.012 0.014 0.028 0.013 0.011 0.021 0.015 0.013 0.021 0.013 0.022 0.022 0.020 0.012 0.000 0.023 0.030 0.012 0.023 0.016 0.012 0.014 0.016 0.021 0.012 0.014 0.015 0.015 0.017 0.019 0.015 0.020 0.016 0.011 0.023 0.022 0.012 0.012 0.013 0.015 0.014 0.015 0.015 0.014 0.017 0.015 0.012 0.012 0.011 0.011 0.017 0.012 0.017 0.017 0.016 0.012 0.019 0.012 0.013 0.016 0.015 0.013 0.022 0.015 0.012 0.014 0.015 0.011 0.011 0.017 0.014 0.014 0.012 0.019 0.013 0.013 0.012 0.015 0.016 0.016 0.014 0.023 0.013 0.014 0.014 0.017 0.011 0.013 0.013 0.022 0.024 0.013 
18 0.022 0.021 0.023 0.022 0.024 0.033 0.022 0.022 0.027 0.022 0.022 0.028 0.022 0.020 0.019 0.027 0.022 0.023 0.000 0.031 0.023 0.029 0.024 0.022 0.023 0.025 0.020 0.022 0.022 0.024 0.022 0.024 0.026 0.024 0.025 0.024 0.022 0.021 0.026 0.021 0.022 0.023 0.023 0.023 0.024 0.023 0.023 0.024 0.023 0.022 0.022 0.022 0.022 0.024 0.022 0.025 0.025 0.024 0.021 0.026 0.022 0.022 0.024 0.024 0.022 0.026 0.023 0.022 0.023 0.024 0.022 0.022 0.025 0.022 0.024 0.022 0.026 0.023 0.022 0.022 0.023 0.024 0.024 0.022 0.021 0.022 0.024 0.022 0.025 0.022 0.022 0.021 0.016 0.023 0.023 
19 0.029 0.030 0.033 0.030 0.029 0.031 0.029 0.029 0.035 0.029 0.029 0.034 0.030 0.032 0.033 0.031 0.028 0.030 0.031 0.000 0.029 0.031 0.031 0.028 0.028 0.027 0.032 0.029 0.029 0.030 0.030 0.026 0.033 0.030 0.034 0.031 0.029 0.033 0.033 0.029 0.030 0.029 0.031 0.030 0.030 0.031 0.030 0.030 0.028 0.030 0.029 0.029 0.029 0.029 0.029 0.031 0.033 0.031 0.029 0.030 0.029 0.029 0.031 0.031 0.028 0.033 0.030 0.029 0.029 0.029 0.029 0.029 0.028 0.030 0.031 0.029 0.033 0.029 0.030 0.029 0.027 0.030 0.031 0.029 0.034 0.029 0.030 0.030 0.031 0.030 0.029 0.029 0.032 0.034 0.029 
20 0.011 0.012 0.024 0.012 0.011 0.028 0.010 0.010 0.021 0.014 0.010 0.020 0.012 0.021 0.021 0.018 0.010 0.012 0.023 0.029 0.000 0.022 0.014 0.011 0.014 0.014 0.021 0.011 0.012 0.013 0.014 0.016 0.019 0.014 0.021 0.015 0.010 0.023 0.021 0.012 0.011 0.012 0.014 0.010 0.012 0.013 0.012 0.017 0.013 0.011 0.010 0.007 0.011 0.015 0.011 0.015 0.017 0.016 0.011 0.019 0.009 0.010 0.014 0.014 0.010 0.022 0.014 0.011 0.012 0.011 0.010 0.009 0.013 0.012 0.011 0.006 0.019 0.012 0.011 0.011 0.014 0.014 0.014 0.013 0.022 0.011 0.011 0.011 0.014 0.011 0.011 0.013 0.022 0.023 0.012 
21 0.023 0.023 0.025 0.023 0.023 0.024 0.022 0.023 0.024 0.023 0.021 0.021 0.021 0.027 0.028 0.020 0.022 0.023 0.029 0.031 0.022 0.000 0.022 0.022 0.022 0.024 0.027 0.023 0.023 0.020 0.023 0.023 0.025 0.023 0.028 0.024 0.023 0.025 0.026 0.023 0.023 0.024 0.024 0.022 0.022 0.024 0.023 0.023 0.022 0.023 0.022 0.022 0.023 0.023 0.023 0.023 0.023 0.025 0.023 0.022 0.021 0.022 0.023 0.023 0.021 0.027 0.024 0.023 0.021 0.022 0.023 0.023 0.022 0.023 0.023 0.022 0.026 0.023 0.022 0.022 0.023 0.023 0.023 0.023 0.028 0.022 0.022 0.022 0.022 0.022 0.022 0.023 0.027 0.027 0.023 
22 0.015 0.015 0.024 0.015 0.016 0.028 0.014 0.014 0.022 0.016 0.014 0.020 0.015 0.023 0.022 0.021 0.014 0.016 0.024 0.031 0.014 0.022 0.000 0.013 0.017 0.019 0.022 0.014 0.015 0.017 0.016 0.018 0.019 0.016 0.022 0.015 0.014 0.024 0.023 0.015 0.014 0.016 0.016 0.015 0.016 0.015 0.013 0.018 0.016 0.015 0.014 0.014 0.014 0.018 0.015 0.013 0.015 0.019 0.014 0.021 0.014 0.015 0.017 0.017 0.014 0.023 0.017 0.014 0.016 0.015 0.014 0.014 0.018 0.015 0.016 0.014 0.020 0.015 0.014 0.014 0.017 0.013 0.016 0.015 0.022 0.014 0.015 0.013 0.016 0.014 0.015 0.015 0.023 0.024 0.015 
23 0.011 0.011 0.023 0.012 0.013 0.029 0.010 0.010 0.021 0.014 0.010 0.020 0.012 0.021 0.021 0.019 0.009 0.012 0.022 0.028 0.011 0.022 0.013 0.000 0.013 0.015 0.020 0.011 0.011 0.013 0.014 0.015 0.019 0.014 0.020 0.015 0.010 0.023 0.022 0.011 0.011 0.012 0.015 0.013 0.014 0.014 0.013 0.017 0.014 0.011 0.009 0.009 0.010 0.016 0.012 0.015 0.017 0.016 0.010 0.019 0.009 0.011 0.015 0.014 0.009 0.022 0.013 0.010 0.012 0.012 0.010 0.011 0.016 0.012 0.014 0.010 0.018 0.012 0.011 0.009 0.013 0.014 0.015 0.011 0.022 0.010 0.012 0.011 0.015 0.011 0.011 0.011 0.021 0.024 0.012 
24 0.012 0.012 0.021 0.012 0.015 0.026 0.013 0.012 0.021 0.014 0.014 0.022 0.013 0.021 0.023 0.019 0.012 0.014 0.023 0.028 0.014 0.022 0.017 0.013 0.000 0.017 0.022 0.012 0.012 0.016 0.015 0.018 0.019 0.017 0.020 0.016 0.011 0.021 0.023 0.011 0.012 0.013 0.015 0.015 0.016 0.015 0.015 0.015 0.017 0.012 0.013 0.013 0.012 0.018 0.013 0.018 0.016 0.016 0.010 0.019 0.013 0.013 0.016 0.014 0.013 0.024 0.014 0.013 0.014 0.016 0.011 0.012 0.016 0.013 0.016 0.013 0.018 0.012 0.014 0.013 0.016 0.017 0.016 0.013 0.024 0.013 0.015 0.014 0.018 0.013 0.013 0.012 0.024 0.025 0.013 
25 0.015 0.015 0.025 0.015 0.012 0.026 0.015 0.014 0.023 0.016 0.014 0.023 0.016 0.023 0.024 0.019 0.014 0.016 0.025 0.027 0.014 0.024 0.019 0.015 0.017 0.000 0.023 0.015 0.016 0.015 0.018 0.016 0.021 0.016 0.022 0.019 0.014 0.025 0.023 0.015 0.015 0.012 0.018 0.016 0.017 0.017 0.016 0.019 0.018 0.015 0.013 0.013 0.014 0.017 0.015 0.019 0.021 0.019 0.015 0.021 0.013 0.015 0.017 0.018 0.014 0.025 0.017 0.015 0.016 0.015 0.014 0.015 0.018 0.016 0.017 0.014 0.022 0.015 0.015 0.014 0.014 0.018 0.018 0.016 0.024 0.015 0.016 0.016 0.019 0.015 0.015 0.015 0.024 0.025 0.015 
26 0.021 0.021 0.018 0.020 0.022 0.032 0.021 0.019 0.027 0.022 0.020 0.026 0.021 0.014 0.013 0.025 0.020 0.021 0.020 0.032 0.021 0.027 0.022 0.020 0.022 0.023 0.000 0.019 0.021 0.021 0.022 0.024 0.026 0.023 0.020 0.022 0.019 0.016 0.020 0.020 0.020 0.020 0.022 0.022 0.022 0.021 0.021 0.023 0.023 0.020 0.020 0.020 0.019 0.024 0.020 0.023 0.024 0.023 0.020 0.025 0.020 0.021 0.023 0.022 0.021 0.021 0.022 0.020 0.022 0.022 0.019 0.020 0.022 0.021 0.022 0.020 0.025 0.021 0.021 0.020 0.023 0.023 0.023 0.021 0.014 0.021 0.022 0.021 0.023 0.020 0.021 0.021 0.018 0.017 0.020 
27 0.011 0.010 0.022 0.006 0.013 0.028 0.011 0.006 0.021 0.013 0.011 0.021 0.010 0.021 0.021 0.019 0.009 0.012 0.022 0.029 0.011 0.023 0.014 0.011 0.012 0.015 0.019 0.000 0.011 0.013 0.013 0.016 0.018 0.014 0.019 0.012 0.005 0.022 0.022 0.009 0.006 0.009 0.012 0.012 0.014 0.011 0.012 0.015 0.015 0.003 0.010 0.010 0.006 0.016 0.007 0.015 0.015 0.014 0.009 0.019 0.010 0.010 0.014 0.013 0.011 0.022 0.012 0.007 0.012 0.014 0.006 0.006 0.016 0.011 0.014 0.010 0.017 0.011 0.011 0.010 0.014 0.014 0.014 0.011 0.022 0.010 0.013 0.011 0.015 0.009 0.011 0.010 0.022 0.024 0.008 
28 0.009 0.009 0.022 0.012 0.014 0.028 0.010 0.011 0.020 0.013 0.010 0.021 0.012 0.021 0.022 0.019 0.009 0.014 0.022 0.029 0.012 0.023 0.015 0.011 0.012 0.016 0.021 0.011 0.000 0.015 0.014 0.017 0.018 0.015 0.020 0.016 0.011 0.021 0.022 0.009 0.012 0.013 0.014 0.014 0.015 0.014 0.013 0.016 0.015 0.012 0.011 0.011 0.011 0.017 0.012 0.016 0.016 0.014 0.008 0.019 0.011 0.010 0.013 0.012 0.010 0.022 0.011 0.012 0.012 0.014 0.011 0.011 0.017 0.010 0.015 0.012 0.016 0.011 0.012 0.010 0.014 0.015 0.014 0.013 0.023 0.010 0.013 0.012 0.017 0.012 0.010 0.009 0.023 0.024 0.012 
29 0.014 0.014 0.024 0.014 0.014 0.027 0.013 0.013 0.023 0.016 0.012 0.019 0.014 0.023 0.023 0.017 0.013 0.015 0.024 0.030 0.013 0.020 0.017 0.013 0.016 0.015 0.021 0.013 0.015 0.000 0.016 0.018 0.022 0.016 0.022 0.017 0.013 0.024 0.020 0.014 0.013 0.014 0.017 0.014 0.016 0.015 0.015 0.019 0.016 0.014 0.012 0.011 0.013 0.017 0.014 0.017 0.020 0.019 0.014 0.020 0.012 0.013 0.014 0.017 0.012 0.023 0.016 0.013 0.014 0.014 0.013 0.013 0.017 0.015 0.016 0.012 0.021 0.015 0.014 0.013 0.016 0.017 0.017 0.015 0.023 0.013 0.014 0.014 0.016 0.014 0.014 0.014 0.023 0.024 0.015 
30 0.014 0.014 0.024 0.014 0.015 0.028 0.014 0.013 0.022 0.016 0.014 0.022 0.015 0.022 0.022 0.021 0.013 0.015 0.022 0.030 0.014 0.023 0.016 0.014 0.015 0.018 0.022 0.013 0.014 0.016 0.000 0.018 0.020 0.016 0.021 0.017 0.013 0.024 0.023 0.014 0.014 0.015 0.015 0.015 0.016 0.015 0.015 0.018 0.015 0.014 0.014 0.013 0.013 0.018 0.014 0.017 0.017 0.017 0.013 0.020 0.014 0.014 0.017 0.016 0.013 0.023 0.015 0.014 0.015 0.016 0.013 0.013 0.018 0.014 0.016 0.013 0.019 0.015 0.014 0.013 0.017 0.017 0.016 0.015 0.023 0.013 0.015 0.014 0.018 0.013 0.014 0.014 0.022 0.025 0.014 
31 0.016 0.017 0.026 0.016 0.017 0.027 0.016 0.016 0.024 0.017 0.016 0.023 0.017 0.025 0.024 0.022 0.016 0.017 0.024 0.026 0.016 0.023 0.018 0.015 0.018 0.016 0.024 0.016 0.017 0.018 0.018 0.000 0.022 0.019 0.024 0.019 0.016 0.026 0.025 0.016 0.016 0.016 0.019 0.017 0.018 0.018 0.017 0.020 0.017 0.016 0.015 0.015 0.016 0.017 0.017 0.019 0.021 0.020 0.016 0.021 0.015 0.017 0.019 0.018 0.015 0.026 0.018 0.016 0.017 0.016 0.016 0.016 0.019 0.017 0.018 0.016 0.022 0.017 0.017 0.015 0.015 0.018 0.019 0.015 0.025 0.016 0.017 0.016 0.019 0.017 0.017 0.017 0.024 0.027 0.017 
32 0.017 0.018 0.025 0.018 0.020 0.027 0.018 0.019 0.021 0.018 0.018 0.022 0.018 0.026 0.025 0.022 0.018 0.019 0.026 0.033 0.019 0.025 0.019 0.019 0.019 0.021 0.026 0.018 0.018 0.022 0.020 0.022 0.000 0.020 0.024 0.018 0.019 0.025 0.026 0.018 0.019 0.019 0.019 0.019 0.019 0.019 0.018 0.018 0.021 0.018 0.018 0.019 0.019 0.020 0.019 0.019 0.017 0.019 0.018 0.021 0.019 0.018 0.020 0.013 0.018 0.026 0.019 0.019 0.019 0.019 0.018 0.018 0.022 0.016 0.019 0.018 0.020 0.018 0.018 0.018 0.020 0.018 0.017 0.019 0.026 0.018 0.019 0.018 0.020 0.018 0.018 0.018 0.026 0.027 0.018 
33 0.014 0.014 0.024 0.014 0.013 0.028 0.014 0.015 0.022 0.016 0.013 0.022 0.015 0.023 0.022 0.020 0.013 0.015 0.024 0.030 0.014 0.023 0.016 0.014 0.017 0.016 0.023 0.014 0.015 0.016 0.016 0.019 0.020 0.000 0.022 0.016 0.015 0.024 0.024 0.014 0.015 0.016 0.013 0.009 0.011 0.011 0.010 0.017 0.017 0.015 0.013 0.013 0.015 0.017 0.015 0.017 0.018 0.018 0.014 0.020 0.014 0.014 0.016 0.017 0.014 0.022 0.015 0.015 0.015 0.016 0.014 0.014 0.018 0.013 0.016 0.013 0.020 0.015 0.013 0.014 0.017 0.015 0.012 0.017 0.023 0.014 0.015 0.013 0.016 0.012 0.014 0.014 0.024 0.024 0.015 
34 0.019 0.019 0.022 0.020 0.022 0.032 0.020 0.019 0.026 0.021 0.020 0.026 0.020 0.021 0.020 0.025 0.019 0.020 0.025 0.034 0.021 0.028 0.022 0.020 0.020 0.022 0.020 0.019 0.020 0.022 0.021 0.024 0.024 0.022 0.000 0.022 0.019 0.022 0.018 0.019 0.020 0.020 0.021 0.021 0.022 0.021 0.021 0.022 0.023 0.020 0.020 0.020 0.019 0.024 0.020 0.023 0.022 0.022 0.019 0.025 0.020 0.020 0.022 0.021 0.020 0.021 0.021 0.020 0.021 0.022 0.019 0.019 0.023 0.020 0.020 0.020 0.023 0.019 0.020 0.020 0.022 0.022 0.021 0.021 0.021 0.020 0.021 0.021 0.023 0.020 0.020 0.019 0.025 0.024 0.020 
35 0.015 0.014 0.024 0.012 0.016 0.028 0.014 0.012 0.022 0.016 0.016 0.022 0.015 0.024 0.022 0.021 0.015 0.016 0.024 0.031 0.015 0.024 0.015 0.015 0.016 0.019 0.022 0.012 0.016 0.017 0.017 0.019 0.018 0.016 0.022 0.000 0.012 0.024 0.025 0.014 0.011 0.013 0.014 0.014 0.015 0.013 0.013 0.016 0.017 0.012 0.015 0.015 0.012 0.018 0.013 0.013 0.016 0.017 0.014 0.021 0.014 0.015 0.018 0.016 0.016 0.023 0.017 0.012 0.017 0.016 0.013 0.012 0.019 0.014 0.017 0.014 0.019 0.015 0.015 0.015 0.017 0.007 0.015 0.015 0.022 0.015 0.014 0.014 0.010 0.013 0.015 0.015 0.024 0.024 0.013 
36 0.010 0.010 0.022 0.006 0.012 0.027 0.010 0.005 0.021 0.013 0.011 0.021 0.011 0.021 0.021 0.019 0.009 0.011 0.022 0.029 0.010 0.023 0.014 0.010 0.011 0.014 0.019 0.005 0.011 0.013 0.013 0.016 0.019 0.015 0.019 0.012 0.000 0.022 0.021 0.009 0.005 0.007 0.013 0.013 0.014 0.011 0.012 0.015 0.014 0.006 0.009 0.009 0.004 0.016 0.006 0.016 0.015 0.013 0.008 0.019 0.010 0.010 0.014 0.013 0.011 0.022 0.012 0.006 0.013 0.014 0.006 0.005 0.015 0.011 0.014 0.009 0.017 0.011 0.011 0.010 0.013 0.014 0.014 0.010 0.022 0.010 0.013 0.012 0.016 0.009 0.010 0.010 0.022 0.024 0.008 
37 0.022 0.021 0.012 0.022 0.024 0.029 0.022 0.022 0.026 0.023 0.022 0.026 0.022 0.014 0.016 0.024 0.022 0.023 0.021 0.033 0.023 0.025 0.024 0.023 0.021 0.025 0.016 0.022 0.021 0.024 0.024 0.026 0.025 0.024 0.022 0.024 0.022 0.000 0.024 0.021 0.023 0.023 0.023 0.023 0.023 0.023 0.023 0.023 0.025 0.022 0.022 0.023 0.022 0.026 0.022 0.025 0.023 0.023 0.021 0.025 0.023 0.022 0.024 0.022 0.022 0.023 0.022 0.023 0.022 0.024 0.022 0.022 0.023 0.022 0.024 0.023 0.025 0.022 0.022 0.022 0.024 0.024 0.023 0.023 0.018 0.022 0.024 0.022 0.025 0.022 0.022 0.021 0.021 0.018 0.023 
38 0.021 0.022 0.024 0.022 0.023 0.032 0.021 0.021 0.027 0.023 0.021 0.025 0.021 0.022 0.022 0.024 0.021 0.022 0.026 0.033 0.021 0.026 0.023 0.022 0.023 0.023 0.020 0.022 0.022 0.020 0.023 0.025 0.026 0.024 0.018 0.025 0.021 0.024 0.000 0.021 0.022 0.023 0.024 0.023 0.023 0.023 0.023 0.025 0.023 0.022 0.021 0.021 0.022 0.024 0.022 0.024 0.026 0.025 0.022 0.026 0.021 0.021 0.022 0.023 0.021 0.022 0.023 0.022 0.022 0.022 0.021 0.022 0.023 0.022 0.021 0.021 0.026 0.022 0.021 0.021 0.023 0.024 0.024 0.023 0.023 0.021 0.022 0.022 0.024 0.022 0.021 0.022 0.024 0.023 0.022 
39 0.009 0.004 0.021 0.010 0.013 0.028 0.010 0.009 0.020 0.011 0.010 0.021 0.010 0.021 0.021 0.019 0.008 0.012 0.021 0.029 0.012 0.023 0.015 0.011 0.011 0.015 0.020 0.009 0.009 0.014 0.014 0.016 0.018 0.014 0.019 0.014 0.009 0.021 0.021 0.000 0.010 0.011 0.012 0.012 0.014 0.012 0.011 0.014 0.015 0.010 0.010 0.010 0.009 0.016 0.010 0.015 0.015 0.014 0.006 0.019 0.011 0.010 0.014 0.013 0.010 0.022 0.011 0.010 0.011 0.014 0.008 0.009 0.016 0.010 0.014 0.011 0.017 0.010 0.010 0.009 0.013 0.014 0.013 0.011 0.022 0.009 0.013 0.011 0.016 0.010 0.009 0.006 0.022 0.024 0.011 
40 0.011 0.011 0.023 0.008 0.013 0.027 0.011 0.007 0.021 0.014 0.012 0.022 0.012 0.022 0.022 0.020 0.010 0.012 0.022 0.030 0.011 0.023 0.014 0.011 0.012 0.015 0.020 0.006 0.012 0.013 0.014 0.016 0.019 0.015 0.020 0.011 0.005 0.023 0.022 0.010 0.000 0.008 0.013 0.013 0.014 0.011 0.012 0.016 0.015 0.007 0.010 0.010 0.006 0.017 0.007 0.015 0.015 0.014 0.009 0.019 0.011 0.011 0.015 0.014 0.012 0.023 0.013 0.007 0.013 0.014 0.007 0.006 0.016 0.012 0.014 0.010 0.017 0.011 0.012 0.010 0.014 0.013 0.014 0.011 0.021 0.011 0.013 0.012 0.015 0.010 0.011 0.011 0.022 0.024 0.009 
41 0.012 0.012 0.023 0.009 0.011 0.026 0.012 0.009 0.022 0.014 0.013 0.022 0.013 0.023 0.022 0.019 0.011 0.013 0.023 0.029 0.012 0.024 0.016 0.012 0.013 0.012 0.020 0.009 0.013 0.014 0.015 0.016 0.019 0.016 0.020 0.013 0.007 0.023 0.023 0.011 0.008 0.000 0.014 0.014 0.015 0.012 0.013 0.017 0.015 0.009 0.012 0.011 0.008 0.017 0.009 0.016 0.017 0.015 0.010 0.020 0.012 0.012 0.016 0.015 0.013 0.023 0.014 0.009 0.015 0.015 0.009 0.008 0.017 0.013 0.015 0.012 0.018 0.012 0.013 0.012 0.013 0.015 0.015 0.012 0.022 0.012 0.014 0.013 0.016 0.011 0.012 0.012 0.023 0.024 0.009 
42 0.014 0.013 0.023 0.012 0.015 0.028 0.014 0.013 0.022 0.015 0.015 0.022 0.014 0.023 0.022 0.021 0.014 0.015 0.023 0.031 0.014 0.024 0.016 0.015 0.015 0.018 0.022 0.012 0.014 0.017 0.015 0.019 0.019 0.013 0.021 0.014 0.013 0.023 0.024 0.012 0.013 0.014 0.000 0.011 0.012 0.009 0.010 0.016 0.017 0.013 0.014 0.014 0.013 0.018 0.013 0.016 0.016 0.016 0.013 0.021 0.015 0.014 0.016 0.016 0.015 0.023 0.015 0.013 0.016 0.017 0.012 0.012 0.018 0.013 0.017 0.014 0.019 0.014 0.013 0.014 0.016 0.015 0.011 0.015 0.023 0.014 0.015 0.013 0.017 0.012 0.014 0.013 0.023 0.024 0.013 
43 0.013 0.013 0.024 0.012 0.010 0.028 0.012 0.013 0.022 0.014 0.011 0.021 0.013 0.022 0.021 0.019 0.011 0.014 0.023 0.030 0.010 0.022 0.015 0.013 0.015 0.016 0.022 0.012 0.014 0.014 0.015 0.017 0.019 0.009 0.021 0.014 0.013 0.023 0.023 0.012 0.013 0.014 0.011 0.000 0.006 0.009 0.006 0.017 0.015 0.013 0.012 0.010 0.013 0.016 0.013 0.015 0.017 0.017 0.012 0.020 0.012 0.012 0.015 0.015 0.012 0.022 0.015 0.013 0.013 0.014 0.012 0.012 0.015 0.011 0.014 0.010 0.019 0.014 0.011 0.012 0.015 0.013 0.010 0.015 0.022 0.012 0.013 0.011 0.014 0.011 0.013 0.013 0.022 0.023 0.013 
44 0.014 0.014 0.024 0.014 0.012 0.028 0.013 0.014 0.022 0.015 0.013 0.021 0.014 0.023 0.022 0.019 0.013 0.015 0.024 0.030 0.012 0.022 0.016 0.014 0.016 0.017 0.022 0.014 0.015 0.016 0.016 0.018 0.019 0.011 0.022 0.015 0.014 0.023 0.023 0.014 0.014 0.015 0.012 0.006 0.000 0.011 0.009 0.018 0.016 0.014 0.013 0.012 0.014 0.017 0.015 0.016 0.018 0.018 0.014 0.020 0.014 0.013 0.016 0.016 0.014 0.022 0.017 0.014 0.014 0.015 0.013 0.014 0.016 0.013 0.015 0.012 0.020 0.015 0.013 0.014 0.016 0.014 0.011 0.016 0.023 0.014 0.014 0.013 0.015 0.012 0.014 0.014 0.023 0.024 0.014 
45 0.013 0.012 0.023 0.011 0.013 0.028 0.013 0.011 0.022 0.015 0.013 0.022 0.013 0.023 0.021 0.020 0.012 0.015 0.023 0.031 0.013 0.024 0.015 0.014 0.015 0.017 0.021 0.011 0.014 0.015 0.015 0.018 0.019 0.011 0.021 0.013 0.011 0.023 0.023 0.012 0.011 0.012 0.009 0.009 0.011 0.000 0.008 0.016 0.016 0.011 0.013 0.013 0.011 0.017 0.012 0.016 0.017 0.016 0.012 0.021 0.013 0.013 0.016 0.015 0.014 0.022 0.015 0.011 0.015 0.016 0.011 0.011 0.017 0.012 0.015 0.013 0.019 0.013 0.012 0.013 0.016 0.014 0.011 0.014 0.023 0.013 0.014 0.012 0.015 0.011 0.013 0.013 0.023 0.024 0.011 
46 0.012 0.012 0.023 0.012 0.012 0.028 0.012 0.012 0.021 0.014 0.011 0.021 0.012 0.022 0.021 0.019 0.011 0.014 0.023 0.030 0.012 0.023 0.013 0.013 0.015 0.016 0.021 0.012 0.013 0.015 0.015 0.017 0.018 0.010 0.021 0.013 0.012 0.023 0.023 0.011 0.012 0.013 0.010 0.006 0.009 0.008 0.000 0.016 0.016 0.012 0.012 0.011 0.012 0.016 0.013 0.015 0.017 0.016 0.012 0.020 0.012 0.012 0.015 0.015 0.013 0.022 0.015 0.012 0.013 0.014 0.011 0.012 0.016 0.011 0.015 0.011 0.019 0.013 0.011 0.012 0.015 0.011 0.010 0.014 0.023 0.012 0.013 0.011 0.014 0.011 0.012 0.012 0.023 0.023 0.012 
47 0.016 0.014 0.023 0.015 0.019 0.026 0.017 0.015 0.020 0.016 0.017 0.021 0.016 0.024 0.024 0.021 0.016 0.017 0.024 0.030 0.017 0.023 0.018 0.017 0.015 0.019 0.023 0.015 0.016 0.019 0.018 0.020 0.018 0.017 0.022 0.016 0.015 0.023 0.025 0.014 0.016 0.017 0.016 0.017 0.018 0.016 0.016 0.000 0.019 0.015 0.016 0.016 0.015 0.020 0.015 0.019 0.016 0.017 0.014 0.020 0.017 0.016 0.018 0.015 0.016 0.025 0.016 0.015 0.016 0.018 0.015 0.015 0.020 0.015 0.018 0.016 0.020 0.015 0.016 0.016 0.018 0.016 0.016 0.016 0.025 0.016 0.018 0.016 0.018 0.015 0.016 0.015 0.025 0.026 0.016 
48 0.015 0.015 0.025 0.015 0.015 0.029 0.014 0.014 0.023 0.017 0.013 0.022 0.015 0.023 0.023 0.021 0.014 0.015 0.023 0.028 0.013 0.022 0.016 0.014 0.017 0.018 0.023 0.015 0.015 0.016 0.015 0.017 0.021 0.017 0.023 0.017 0.014 0.025 0.023 0.015 0.015 0.015 0.017 0.015 0.016 0.016 0.016 0.019 0.000 0.015 0.014 0.013 0.014 0.018 0.015 0.018 0.019 0.018 0.015 0.020 0.014 0.014 0.018 0.017 0.014 0.024 0.017 0.015 0.015 0.015 0.014 0.014 0.018 0.015 0.015 0.013 0.020 0.016 0.014 0.014 0.016 0.017 0.017 0.015 0.024 0.014 0.015 0.015 0.017 0.015 0.015 0.016 0.022 0.025 0.015 
49 0.011 0.010 0.022 0.005 0.014 0.028 0.011 0.007 0.021 0.013 0.011 0.021 0.010 0.022 0.021 0.019 0.010 0.012 0.022 0.030 0.011 0.023 0.015 0.011 0.012 0.015 0.020 0.003 0.012 0.014 0.014 0.016 0.018 0.015 0.020 0.012 0.006 0.022 0.022 0.010 0.007 0.009 0.013 0.013 0.014 0.011 0.012 0.015 0.015 0.000 0.011 0.010 0.007 0.016 0.007 0.016 0.015 0.015 0.009 0.019 0.011 0.011 0.015 0.014 0.012 0.022 0.013 0.007 0.012 0.014 0.007 0.007 0.016 0.011 0.014 0.011 0.017 0.012 0.011 0.011 0.014 0.014 0.014 0.011 0.022 0.011 0.014 0.012 0.016 0.009 0.011 0.011 0.022 0.024 0.009 
50 0.010 0.010 0.023 0.011 0.012 0.028 0.010 0.009 0.021 0.013 0.009 0.020 0.011 0.021 0.021 0.018 0.009 0.012 0.022 0.029 0.010 0.022 0.014 0.009 0.013 0.013 0.020 0.010 0.011 0.012 0.014 0.015 0.018 0.013 0.020 0.015 0.009 0.022 0.021 0.010 0.010 0.012 0.014 0.012 0.013 0.013 0.012 0.016 0.014 0.011 0.000 0.007 0.009 0.015 0.011 0.015 0.016 0.015 0.010 0.018 0.009 0.010 0.014 0.013 0.008 0.022 0.013 0.010 0.011 0.012 0.009 0.010 0.015 0.011 0.012 0.008 0.018 0.012 0.008 0.009 0.013 0.014 0.014 0.012 0.021 0.010 0.011 0.011 0.015 0.010 0.010 0.011 0.021 0.024 0.012 
51 0.010 0.011 0.023 0.011 0.010 0.028 0.009 0.009 0.021 0.013 0.008 0.020 0.011 0.021 0.021 0.018 0.008 0.011 0.022 0.029 0.007 0.022 0.014 0.009 0.013 0.013 0.020 0.010 0.011 0.011 0.013 0.015 0.019 0.013 0.020 0.015 0.009 0.023 0.021 0.010 0.010 0.011 0.014 0.010 0.012 0.013 0.011 0.016 0.013 0.010 0.007 0.000 0.008 0.015 0.011 0.015 0.016 0.015 0.010 0.018 0.009 0.009 0.013 0.014 0.009 0.022 0.013 0.010 0.011 0.012 0.009 0.010 0.013 0.011 0.011 0.006 0.018 0.012 0.010 0.009 0.013 0.013 0.014 0.012 0.022 0.010 0.011 0.011 0.014 0.010 0.011 0.011 0.021 0.023 0.012 
52 0.010 0.010 0.022 0.007 0.013 0.027 0.011 0.006 0.021 0.013 0.011 0.021 0.011 0.021 0.021 0.019 0.009 0.011 0.022 0.029 0.011 0.023 0.014 0.010 0.012 0.014 0.019 0.006 0.011 0.013 0.013 0.016 0.019 0.015 0.019 0.012 0.004 0.022 0.022 0.009 0.006 0.008 0.013 0.013 0.014 0.011 0.012 0.015 0.014 0.007 0.009 0.008 0.000 0.016 0.007 0.016 0.015 0.014 0.008 0.019 0.010 0.010 0.015 0.013 0.011 0.022 0.012 0.007 0.013 0.014 0.006 0.005 0.015 0.011 0.014 0.010 0.017 0.011 0.011 0.010 0.013 0.014 0.014 0.010 0.022 0.010 0.013 0.012 0.015 0.009 0.011 0.010 0.022 0.024 0.009 
53 0.016 0.016 0.026 0.015 0.017 0.026 0.016 0.016 0.023 0.014 0.015 0.022 0.016 0.025 0.024 0.020 0.016 0.017 0.024 0.029 0.015 0.023 0.018 0.016 0.018 0.017 0.024 0.016 0.017 0.017 0.018 0.017 0.020 0.017 0.024 0.018 0.016 0.026 0.024 0.016 0.017 0.017 0.018 0.016 0.017 0.017 0.016 0.020 0.018 0.016 0.015 0.015 0.016 0.000 0.016 0.019 0.019 0.020 0.016 0.021 0.016 0.016 0.017 0.018 0.015 0.025 0.018 0.016 0.017 0.016 0.016 0.016 0.019 0.016 0.018 0.016 0.022 0.016 0.015 0.016 0.017 0.018 0.017 0.017 0.025 0.016 0.017 0.016 0.019 0.016 0.016 0.016 0.025 0.026 0.016 
54 0.012 0.011 0.022 0.008 0.014 0.027 0.011 0.008 0.021 0.013 0.012 0.021 0.012 0.022 0.022 0.020 0.011 0.012 0.022 0.029 0.011 0.023 0.015 0.012 0.013 0.015 0.020 0.007 0.012 0.014 0.014 0.017 0.019 0.015 0.020 0.013 0.006 0.022 0.022 0.010 0.007 0.009 0.013 0.013 0.015 0.012 0.013 0.015 0.015 0.007 0.011 0.011 0.007 0.016 0.000 0.016 0.016 0.015 0.010 0.019 0.012 0.011 0.015 0.014 0.012 0.023 0.013 0.008 0.013 0.015 0.008 0.007 0.016 0.012 0.014 0.011 0.018 0.012 0.012 0.011 0.014 0.014 0.014 0.011 0.022 0.011 0.014 0.012 0.016 0.010 0.012 0.011 0.023 0.024 0.009 
55 0.015 0.016 0.025 0.016 0.017 0.028 0.015 0.015 0.022 0.017 0.015 0.021 0.015 0.024 0.022 0.022 0.015 0.017 0.025 0.031 0.015 0.023 0.013 0.015 0.018 0.019 0.023 0.015 0.016 0.017 0.017 0.019 0.019 0.017 0.023 0.013 0.016 0.025 0.024 0.015 0.015 0.016 0.016 0.015 0.016 0.016 0.015 0.019 0.018 0.016 0.015 0.015 0.016 0.019 0.016 0.000 0.016 0.019 0.016 0.022 0.015 0.015 0.019 0.017 0.015 0.023 0.018 0.015 0.016 0.016 0.015 0.015 0.019 0.015 0.018 0.015 0.021 0.016 0.015 0.015 0.017 0.013 0.017 0.017 0.023 0.016 0.014 0.015 0.014 0.015 0.015 0.016 0.024 0.025 0.016 
56 0.015 0.015 0.023 0.015 0.019 0.026 0.016 0.015 0.020 0.016 0.017 0.020 0.016 0.024 0.024 0.022 0.016 0.017 0.025 0.033 0.017 0.023 0.015 0.017 0.016 0.021 0.024 0.015 0.016 0.020 0.017 0.021 0.017 0.018 0.022 0.016 0.015 0.023 0.026 0.015 0.015 0.017 0.016 0.017 0.018 0.017 0.017 0.016 0.019 0.015 0.016 0.016 0.015 0.019 0.016 0.016 0.000 0.016 0.014 0.020 0.016 0.016 0.018 0.016 0.016 0.024 0.016 0.015 0.017 0.017 0.015 0.015 0.019 0.015 0.018 0.016 0.017 0.015 0.017 0.016 0.019 0.016 0.016 0.016 0.024 0.016 0.017 0.016 0.018 0.016 0.015 0.015 0.025 0.027 0.016 
57 0.015 0.015 0.024 0.015 0.017 0.027 0.015 0.014 0.021 0.017 0.015 0.021 0.016 0.024 0.024 0.021 0.015 0.016 0.024 0.031 0.016 0.025 0.019 0.016 0.016 0.019 0.023 0.014 0.014 0.019 0.017 0.020 0.019 0.018 0.022 0.017 0.013 0.023 0.025 0.014 0.014 0.015 0.016 0.017 0.018 0.016 0.016 0.017 0.018 0.015 0.015 0.015 0.014 0.020 0.015 0.019 0.016 0.000 0.014 0.021 0.016 0.015 0.017 0.015 0.016 0.024 0.016 0.014 0.018 0.018 0.014 0.013 0.019 0.014 0.018 0.015 0.014 0.015 0.016 0.016 0.018 0.018 0.016 0.016 0.025 0.015 0.017 0.016 0.019 0.015 0.015 0.014 0.025 0.026 0.015 
58 0.009 0.008 0.022 0.010 0.013 0.028 0.010 0.008 0.020 0.010 0.011 0.021 0.011 0.021 0.021 0.019 0.008 0.012 0.021 0.029 0.011 0.023 0.014 0.010 0.010 0.015 0.020 0.009 0.008 0.014 0.013 0.016 0.018 0.014 0.019 0.014 0.008 0.021 0.022 0.006 0.009 0.010 0.013 0.012 0.014 0.012 0.012 0.014 0.015 0.009 0.010 0.010 0.008 0.016 0.010 0.016 0.014 0.014 0.000 0.019 0.011 0.010 0.014 0.013 0.010 0.022 0.011 0.009 0.011 0.014 0.008 0.009 0.016 0.010 0.014 0.010 0.017 0.009 0.011 0.009 0.013 0.014 0.014 0.010 0.022 0.009 0.013 0.011 0.016 0.009 0.009 0.009 0.023 0.024 0.010 
59 0.019 0.019 0.024 0.019 0.020 0.026 0.019 0.019 0.020 0.019 0.018 0.022 0.019 0.025 0.026 0.021 0.018 0.019 0.026 0.030 0.019 0.022 0.021 0.019 0.019 0.021 0.025 0.019 0.019 0.020 0.020 0.021 0.021 0.020 0.025 0.021 0.019 0.025 0.026 0.019 0.019 0.020 0.021 0.020 0.020 0.021 0.020 0.020 0.020 0.019 0.018 0.018 0.019 0.021 0.019 0.022 0.020 0.021 0.019 0.000 0.018 0.018 0.021 0.018 0.018 0.026 0.019 0.019 0.018 0.020 0.019 0.019 0.021 0.019 0.019 0.018 0.022 0.020 0.019 0.018 0.019 0.021 0.020 0.019 0.027 0.018 0.019 0.019 0.021 0.019 0.019 0.019 0.026 0.028 0.020 
60 0.010 0.011 0.023 0.011 0.012 0.028 0.010 0.010 0.021 0.014 0.009 0.019 0.011 0.021 0.021 0.018 0.009 0.012 0.022 0.029 0.009 0.021 0.014 0.009 0.013 0.013 0.020 0.010 0.011 0.012 0.014 0.015 0.019 0.014 0.020 0.014 0.010 0.023 0.021 0.011 0.011 0.012 0.015 0.012 0.014 0.013 0.012 0.017 0.014 0.011 0.009 0.009 0.010 0.016 0.012 0.015 0.016 0.016 0.011 0.018 0.000 0.010 0.015 0.014 0.009 0.022 0.013 0.011 0.011 0.010 0.010 0.010 0.015 0.012 0.012 0.008 0.017 0.012 0.010 0.009 0.014 0.014 0.014 0.013 0.021 0.010 0.010 0.011 0.014 0.011 0.010 0.011 0.022 0.023 0.012 
61 0.010 0.011 0.023 0.011 0.012 0.028 0.010 0.010 0.020 0.013 0.007 0.020 0.011 0.020 0.021 0.018 0.009 0.013 0.022 0.029 0.010 0.022 0.015 0.011 0.013 0.015 0.021 0.010 0.010 0.013 0.014 0.017 0.018 0.014 0.020 0.015 0.010 0.022 0.021 0.010 0.011 0.012 0.014 0.012 0.013 0.013 0.012 0.016 0.014 0.011 0.010 0.009 0.010 0.016 0.011 0.015 0.016 0.015 0.010 0.018 0.010 0.000 0.013 0.013 0.009 0.022 0.012 0.011 0.011 0.013 0.010 0.011 0.015 0.011 0.013 0.010 0.017 0.012 0.011 0.009 0.014 0.014 0.014 0.013 0.022 0.008 0.011 0.011 0.015 0.010 0.010 0.010 0.022 0.023 0.012 
62 0.014 0.014 0.025 0.015 0.015 0.028 0.014 0.015 0.021 0.015 0.012 0.021 0.015 0.022 0.024 0.019 0.014 0.016 0.024 0.031 0.014 0.023 0.017 0.015 0.016 0.017 0.023 0.014 0.013 0.014 0.017 0.019 0.020 0.016 0.022 0.018 0.014 0.024 0.022 0.014 0.015 0.016 0.016 0.015 0.016 0.016 0.015 0.018 0.018 0.015 0.014 0.013 0.015 0.017 0.015 0.019 0.018 0.017 0.014 0.021 0.015 0.013 0.000 0.016 0.013 0.023 0.015 0.015 0.015 0.017 0.015 0.015 0.018 0.014 0.016 0.013 0.019 0.015 0.014 0.014 0.017 0.018 0.016 0.016 0.024 0.013 0.016 0.014 0.018 0.014 0.014 0.014 0.024 0.025 0.016 
63 0.010 0.012 0.022 0.014 0.016 0.028 0.013 0.013 0.018 0.015 0.014 0.020 0.014 0.023 0.023 0.019 0.013 0.015 0.024 0.031 0.014 0.023 0.017 0.014 0.014 0.018 0.022 0.013 0.012 0.017 0.016 0.018 0.013 0.017 0.021 0.016 0.013 0.022 0.023 0.013 0.014 0.015 0.016 0.015 0.016 0.015 0.015 0.015 0.017 0.014 0.013 0.014 0.013 0.018 0.014 0.017 0.016 0.015 0.013 0.018 0.014 0.013 0.016 0.000 0.013 0.023 0.015 0.014 0.014 0.016 0.013 0.014 0.018 0.012 0.015 0.013 0.016 0.014 0.014 0.013 0.017 0.016 0.013 0.015 0.023 0.013 0.014 0.015 0.017 0.014 0.013 0.013 0.024 0.026 0.015 
64 0.009 0.010 0.022 0.012 0.012 0.028 0.009 0.010 0.020 0.012 0.008 0.019 0.011 0.020 0.021 0.018 0.008 0.013 0.022 0.028 0.010 0.021 0.014 0.009 0.013 0.014 0.021 0.011 0.010 0.012 0.013 0.015 0.018 0.014 0.020 0.016 0.011 0.022 0.021 0.010 0.012 0.013 0.015 0.012 0.014 0.014 0.013 0.016 0.014 0.012 0.008 0.009 0.011 0.015 0.012 0.015 0.016 0.016 0.010 0.018 0.009 0.009 0.013 0.013 0.000 0.022 0.012 0.012 0.009 0.012 0.011 0.011 0.015 0.011 0.013 0.009 0.018 0.011 0.010 0.007 0.013 0.014 0.014 0.013 0.022 0.009 0.012 0.011 0.015 0.011 0.009 0.010 0.022 0.023 0.013 
65 0.022 0.022 0.022 0.022 0.023 0.032 0.021 0.022 0.028 0.024 0.021 0.026 0.022 0.021 0.020 0.026 0.022 0.022 0.026 0.033 0.022 0.027 0.023 0.022 0.024 0.025 0.021 0.022 0.022 0.023 0.023 0.026 0.026 0.022 0.021 0.023 0.022 0.023 0.022 0.022 0.023 0.023 0.023 0.022 0.022 0.022 0.022 0.025 0.024 0.022 0.022 0.022 0.022 0.025 0.023 0.023 0.024 0.024 0.022 0.026 0.022 0.022 0.023 0.023 0.022 0.000 0.022 0.022 0.022 0.023 0.022 0.022 0.023 0.022 0.022 0.021 0.025 0.023 0.022 0.022 0.024 0.022 0.022 0.024 0.021 0.022 0.022 0.022 0.022 0.022 0.022 0.022 0.024 0.023 0.023 
66 0.012 0.011 0.021 0.013 0.016 0.027 0.012 0.012 0.020 0.014 0.012 0.022 0.013 0.022 0.023 0.020 0.012 0.015 0.023 0.030 0.014 0.024 0.017 0.013 0.014 0.017 0.022 0.012 0.011 0.016 0.015 0.018 0.019 0.015 0.021 0.017 0.012 0.022 0.023 0.011 0.013 0.014 0.015 0.015 0.017 0.015 0.015 0.016 0.017 0.013 0.013 0.013 0.012 0.018 0.013 0.018 0.016 0.016 0.011 0.019 0.013 0.012 0.015 0.015 0.012 0.022 0.000 0.013 0.014 0.016 0.012 0.012 0.018 0.012 0.016 0.014 0.018 0.013 0.013 0.012 0.015 0.017 0.015 0.014 0.024 0.010 0.015 0.014 0.018 0.013 0.012 0.010 0.024 0.025 0.014 
67 0.011 0.011 0.022 0.008 0.013 0.028 0.011 0.008 0.021 0.014 0.011 0.021 0.012 0.022 0.022 0.019 0.010 0.012 0.022 0.029 0.011 0.023 0.014 0.010 0.013 0.015 0.020 0.007 0.012 0.013 0.014 0.016 0.019 0.015 0.020 0.012 0.006 0.023 0.022 0.010 0.007 0.009 0.013 0.013 0.014 0.011 0.012 0.015 0.015 0.007 0.010 0.010 0.007 0.016 0.008 0.015 0.015 0.014 0.009 0.019 0.011 0.011 0.015 0.014 0.012 0.022 0.013 0.000 0.013 0.014 0.007 0.007 0.016 0.012 0.014 0.010 0.018 0.011 0.012 0.011 0.014 0.014 0.014 0.011 0.022 0.011 0.013 0.012 0.015 0.010 0.011 0.011 0.022 0.024 0.009 
68 0.011 0.011 0.023 0.013 0.014 0.029 0.011 0.012 0.020 0.014 0.010 0.021 0.011 0.021 0.022 0.019 0.010 0.014 0.023 0.029 0.012 0.021 0.016 0.012 0.014 0.016 0.022 0.012 0.012 0.014 0.015 0.017 0.019 0.015 0.021 0.017 0.013 0.022 0.022 0.011 0.013 0.015 0.016 0.013 0.014 0.015 0.013 0.016 0.015 0.012 0.011 0.011 0.013 0.017 0.013 0.016 0.017 0.018 0.011 0.018 0.011 0.011 0.015 0.014 0.009 0.022 0.014 0.013 0.000 0.013 0.012 0.013 0.016 0.012 0.014 0.011 0.019 0.013 0.012 0.011 0.015 0.015 0.015 0.014 0.023 0.010 0.013 0.013 0.016 0.012 0.011 0.011 0.023 0.024 0.014 
69 0.013 0.014 0.025 0.014 0.014 0.027 0.013 0.013 0.022 0.016 0.012 0.020 0.013 0.022 0.022 0.019 0.012 0.015 0.024 0.029 0.011 0.022 0.015 0.012 0.016 0.015 0.022 0.014 0.014 0.014 0.016 0.016 0.019 0.016 0.022 0.016 0.014 0.024 0.022 0.014 0.014 0.015 0.017 0.014 0.015 0.016 0.014 0.018 0.015 0.014 0.012 0.012 0.014 0.016 0.015 0.016 0.017 0.018 0.014 0.020 0.010 0.013 0.017 0.016 0.012 0.023 0.016 0.014 0.013 0.000 0.014 0.014 0.017 0.014 0.015 0.012 0.020 0.014 0.013 0.012 0.016 0.015 0.016 0.015 0.023 0.013 0.013 0.014 0.015 0.014 0.013 0.014 0.022 0.024 0.014 
70 0.009 0.009 0.022 0.008 0.012 0.028 0.010 0.005 0.021 0.013 0.010 0.021 0.011 0.021 0.021 0.019 0.009 0.011 0.022 0.029 0.010 0.023 0.014 0.010 0.011 0.014 0.019 0.006 0.011 0.013 0.013 0.016 0.018 0.014 0.019 0.013 0.006 0.022 0.021 0.008 0.007 0.009 0.012 0.012 0.013 0.011 0.011 0.015 0.014 0.007 0.009 0.009 0.006 0.016 0.008 0.015 0.015 0.014 0.008 0.019 0.010 0.010 0.015 0.013 0.011 0.022 0.012 0.007 0.012 0.014 0.000 0.007 0.015 0.011 0.013 0.010 0.017 0.011 0.011 0.009 0.013 0.014 0.014 0.011 0.022 0.010 0.013 0.011 0.015 0.009 0.010 0.010 0.022 0.024 0.009 
71 0.011 0.010 0.022 0.007 0.013 0.027 0.011 0.007 0.021 0.013 0.011 0.021 0.011 0.022 0.021 0.019 0.010 0.011 0.022 0.029 0.009 0.023 0.014 0.011 0.012 0.015 0.020 0.006 0.011 0.013 0.013 0.016 0.018 0.014 0.019 0.012 0.005 0.022 0.022 0.009 0.006 0.008 0.012 0.012 0.014 0.011 0.012 0.015 0.014 0.007 0.010 0.010 0.005 0.016 0.007 0.015 0.015 0.013 0.009 0.019 0.010 0.011 0.015 0.014 0.011 0.022 0.012 0.007 0.013 0.014 0.007 0.000 0.015 0.011 0.013 0.009 0.017 0.010 0.011 0.010 0.013 0.014 0.014 0.011 0.022 0.011 0.013 0.012 0.015 0.009 0.011 0.011 0.022 0.024 0.008 
72 0.016 0.017 0.023 0.016 0.016 0.028 0.015 0.015 0.023 0.017 0.015 0.022 0.016 0.022 0.023 0.020 0.015 0.017 0.025 0.028 0.013 0.022 0.018 0.016 0.016 0.018 0.022 0.016 0.017 0.017 0.018 0.019 0.022 0.018 0.023 0.019 0.015 0.023 0.023 0.016 0.016 0.017 0.018 0.015 0.016 0.017 0.016 0.020 0.018 0.016 0.015 0.013 0.015 0.019 0.016 0.019 0.019 0.019 0.016 0.021 0.015 0.015 0.018 0.018 0.015 0.023 0.018 0.016 0.016 0.017 0.015 0.015 0.000 0.016 0.017 0.013 0.022 0.017 0.015 0.015 0.018 0.018 0.018 0.017 0.023 0.016 0.016 0.016 0.018 0.015 0.016 0.017 0.024 0.025 0.017 
73 0.011 0.010 0.022 0.011 0.014 0.028 0.011 0.011 0.020 0.013 0.010 0.020 0.011 0.021 0.021 0.019 0.010 0.014 0.022 0.030 0.012 0.023 0.015 0.012 0.013 0.016 0.021 0.011 0.010 0.015 0.014 0.017 0.016 0.013 0.020 0.014 0.011 0.022 0.022 0.010 0.012 0.013 0.013 0.011 0.013 0.012 0.011 0.015 0.015 0.011 0.011 0.011 0.011 0.016 0.012 0.015 0.015 0.014 0.010 0.019 0.012 0.011 0.014 0.012 0.011 0.022 0.012 0.012 0.012 0.014 0.011 0.011 0.016 0.000 0.014 0.010 0.016 0.011 0.010 0.011 0.015 0.014 0.010 0.013 0.022 0.010 0.013 0.011 0.015 0.009 0.011 0.010 0.022 0.023 0.012 
74 0.014 0.015 0.024 0.014 0.015 0.029 0.014 0.014 0.021 0.016 0.013 0.021 0.014 0.022 0.022 0.020 0.013 0.014 0.024 0.031 0.011 0.023 0.016 0.014 0.016 0.017 0.022 0.014 0.015 0.016 0.016 0.018 0.019 0.016 0.020 0.017 0.014 0.024 0.021 0.014 0.014 0.015 0.017 0.014 0.015 0.015 0.015 0.018 0.015 0.014 0.012 0.011 0.014 0.018 0.014 0.018 0.018 0.018 0.014 0.019 0.012 0.013 0.016 0.015 0.013 0.022 0.016 0.014 0.014 0.015 0.013 0.013 0.017 0.014 0.000 0.010 0.019 0.014 0.012 0.013 0.016 0.016 0.016 0.015 0.023 0.014 0.015 0.014 0.017 0.013 0.014 0.015 0.023 0.024 0.015 
75 0.010 0.012 0.023 0.011 0.010 0.028 0.010 0.010 0.021 0.013 0.009 0.020 0.011 0.021 0.021 0.018 0.009 0.012 0.022 0.029 0.006 0.022 0.014 0.010 0.013 0.014 0.020 0.010 0.012 0.012 0.013 0.016 0.018 0.013 0.020 0.014 0.009 0.023 0.021 0.011 0.010 0.012 0.014 0.010 0.012 0.013 0.011 0.016 0.013 0.011 0.008 0.006 0.010 0.016 0.011 0.015 0.016 0.015 0.010 0.018 0.008 0.010 0.013 0.013 0.009 0.021 0.014 0.010 0.011 0.012 0.010 0.009 0.013 0.010 0.010 0.000 0.017 0.011 0.009 0.010 0.013 0.013 0.014 0.012 0.022 0.010 0.011 0.011 0.014 0.010 0.011 0.012 0.022 0.023 0.012 
76 0.016 0.017 0.025 0.018 0.020 0.028 0.018 0.017 0.023 0.019 0.018 0.021 0.018 0.025 0.026 0.022 0.018 0.019 0.026 0.033 0.019 0.026 0.020 0.018 0.018 0.022 0.025 0.017 0.016 0.021 0.019 0.022 0.020 0.020 0.023 0.019 0.017 0.025 0.026 0.017 0.017 0.018 0.019 0.019 0.020 0.019 0.019 0.020 0.020 0.017 0.018 0.018 0.017 0.022 0.018 0.021 0.017 0.014 0.017 0.022 0.017 0.017 0.019 0.016 0.018 0.025 0.018 0.018 0.019 0.020 0.017 0.017 0.022 0.016 0.019 0.017 0.000 0.017 0.018 0.018 0.020 0.020 0.017 0.018 0.026 0.017 0.019 0.019 0.021 0.018 0.017 0.017 0.027 0.028 0.018 
77 0.011 0.010 0.022 0.012 0.014 0.028 0.012 0.011 0.020 0.013 0.013 0.021 0.013 0.022 0.022 0.020 0.011 0.013 0.023 0.029 0.012 0.023 0.015 0.012 0.012 0.015 0.021 0.011 0.011 0.015 0.015 0.017 0.018 0.015 0.019 0.015 0.011 0.022 0.022 0.010 0.011 0.012 0.014 0.014 0.015 0.013 0.013 0.015 0.016 0.012 0.012 0.012 0.011 0.016 0.012 0.016 0.015 0.015 0.009 0.020 0.012 0.012 0.015 0.014 0.011 0.023 0.013 0.011 0.013 0.014 0.011 0.010 0.017 0.011 0.014 0.011 0.017 0.000 0.012 0.011 0.015 0.015 0.015 0.012 0.023 0.012 0.014 0.013 0.017 0.011 0.011 0.011 0.023 0.024 0.012 
78 0.012 0.011 0.023 0.011 0.013 0.029 0.011 0.011 0.021 0.013 0.009 0.020 0.012 0.021 0.021 0.019 0.010 0.013 0.022 0.030 0.011 0.022 0.014 0.011 0.014 0.015 0.021 0.011 0.012 0.014 0.014 0.017 0.018 0.013 0.020 0.015 0.011 0.022 0.021 0.010 0.012 0.013 0.013 0.011 0.013 0.012 0.011 0.016 0.014 0.011 0.008 0.010 0.011 0.015 0.012 0.015 0.017 0.016 0.011 0.019 0.010 0.011 0.014 0.014 0.010 0.022 0.013 0.012 0.012 0.013 0.011 0.011 0.015 0.010 0.012 0.009 0.018 0.012 0.000 0.010 0.014 0.014 0.013 0.014 0.022 0.011 0.012 0.011 0.015 0.008 0.011 0.011 0.022 0.023 0.012 
79 0.009 0.009 0.022 0.011 0.013 0.028 0.009 0.009 0.020 0.012 0.008 0.020 0.011 0.020 0.020 0.019 0.007 0.012 0.022 0.029 0.011 0.022 0.014 0.009 0.013 0.014 0.020 0.010 0.010 0.013 0.013 0.015 0.018 0.014 0.020 0.015 0.010 0.022 0.021 0.009 0.010 0.012 0.014 0.012 0.014 0.013 0.012 0.016 0.014 0.011 0.009 0.009 0.010 0.016 0.011 0.015 0.016 0.016 0.009 0.018 0.009 0.009 0.014 0.013 0.007 0.022 0.012 0.011 0.011 0.012 0.009 0.010 0.015 0.011 0.013 0.010 0.018 0.011 0.010 0.000 0.013 0.014 0.014 0.012 0.022 0.008 0.012 0.010 0.015 0.010 0.009 0.010 0.022 0.023 0.012 
80 0.014 0.014 0.024 0.014 0.014 0.026 0.013 0.013 0.022 0.014 0.014 0.022 0.015 0.023 0.023 0.020 0.013 0.015 0.023 0.027 0.014 0.023 0.017 0.013 0.016 0.014 0.023 0.014 0.014 0.016 0.017 0.015 0.020 0.017 0.022 0.017 0.013 0.024 0.023 0.013 0.014 0.013 0.016 0.015 0.016 0.016 0.015 0.018 0.016 0.014 0.013 0.013 0.013 0.017 0.014 0.017 0.019 0.018 0.013 0.019 0.014 0.014 0.017 0.017 0.013 0.024 0.015 0.014 0.015 0.016 0.013 0.013 0.018 0.015 0.016 0.013 0.020 0.015 0.014 0.013 0.000 0.016 0.017 0.014 0.024 0.014 0.015 0.015 0.017 0.014 0.014 0.014 0.023 0.025 0.014 
81 0.014 0.014 0.025 0.014 0.015 0.028 0.013 0.013 0.022 0.016 0.014 0.021 0.014 0.024 0.021 0.021 0.013 0.016 0.024 0.030 0.014 0.023 0.013 0.014 0.017 0.018 0.023 0.014 0.015 0.017 0.017 0.018 0.018 0.015 0.022 0.007 0.014 0.024 0.024 0.014 0.013 0.015 0.015 0.013 0.014 0.014 0.011 0.016 0.017 0.014 0.014 0.013 0.014 0.018 0.014 0.013 0.016 0.018 0.014 0.021 0.014 0.014 0.018 0.016 0.014 0.022 0.017 0.014 0.015 0.015 0.014 0.014 0.018 0.014 0.016 0.013 0.020 0.015 0.014 0.014 0.016 0.000 0.015 0.015 0.022 0.014 0.013 0.013 0.009 0.014 0.014 0.015 0.023 0.023 0.015 
82 0.014 0.013 0.023 0.014 0.014 0.027 0.014 0.015 0.020 0.015 0.014 0.020 0.014 0.023 0.023 0.019 0.014 0.016 0.024 0.031 0.014 0.023 0.016 0.015 0.016 0.018 0.023 0.014 0.014 0.017 0.016 0.019 0.017 0.012 0.021 0.015 0.014 0.023 0.024 0.013 0.014 0.015 0.011 0.010 0.011 0.011 0.010 0.016 0.017 0.014 0.014 0.014 0.014 0.017 0.014 0.017 0.016 0.016 0.014 0.020 0.014 0.014 0.016 0.013 0.014 0.022 0.015 0.014 0.015 0.016 0.014 0.014 0.018 0.010 0.016 0.014 0.017 0.015 0.013 0.014 0.017 0.015 0.000 0.016 0.023 0.014 0.015 0.013 0.016 0.013 0.014 0.013 0.024 0.024 0.014 
83 0.013 0.012 0.023 0.011 0.015 0.028 0.013 0.010 0.021 0.013 0.013 0.022 0.013 0.023 0.023 0.020 0.012 0.014 0.022 0.029 0.013 0.023 0.015 0.011 0.013 0.016 0.021 0.011 0.013 0.015 0.015 0.015 0.019 0.017 0.021 0.015 0.010 0.023 0.023 0.011 0.011 0.012 0.015 0.015 0.016 0.014 0.014 0.016 0.015 0.011 0.012 0.012 0.010 0.017 0.011 0.017 0.016 0.016 0.010 0.019 0.013 0.013 0.016 0.015 0.013 0.024 0.014 0.011 0.014 0.015 0.011 0.011 0.017 0.013 0.015 0.012 0.018 0.012 0.014 0.012 0.014 0.015 0.016 0.000 0.023 0.013 0.015 0.014 0.017 0.012 0.012 0.012 0.023 0.025 0.012 
84 0.022 0.022 0.020 0.022 0.023 0.033 0.021 0.022 0.028 0.024 0.022 0.027 0.022 0.016 0.013 0.027 0.022 0.023 0.021 0.034 0.022 0.028 0.022 0.022 0.024 0.024 0.014 0.022 0.023 0.023 0.023 0.025 0.026 0.023 0.021 0.022 0.022 0.018 0.023 0.022 0.021 0.022 0.023 0.022 0.023 0.023 0.023 0.025 0.024 0.022 0.021 0.022 0.022 0.025 0.022 0.023 0.024 0.025 0.022 0.027 0.021 0.022 0.024 0.023 0.022 0.021 0.024 0.022 0.023 0.023 0.022 0.022 0.023 0.022 0.023 0.022 0.026 0.023 0.022 0.022 0.024 0.022 0.023 0.023 0.000 0.022 0.022 0.022 0.022 0.022 0.022 0.022 0.018 0.017 0.022 
85 0.010 0.009 0.022 0.011 0.013 0.028 0.009 0.010 0.020 0.012 0.007 0.020 0.010 0.020 0.021 0.019 0.007 0.013 0.022 0.029 0.011 0.022 0.014 0.010 0.013 0.015 0.021 0.010 0.010 0.013 0.013 0.016 0.018 0.014 0.020 0.015 0.010 0.022 0.021 0.009 0.011 0.012 0.014 0.012 0.014 0.013 0.012 0.016 0.014 0.011 0.010 0.010 0.010 0.016 0.011 0.016 0.016 0.015 0.009 0.018 0.010 0.008 0.013 0.013 0.009 0.022 0.010 0.011 0.010 0.013 0.010 0.011 0.016 0.010 0.014 0.010 0.017 0.012 0.011 0.008 0.014 0.014 0.014 0.013 0.022 0.000 0.012 0.011 0.016 0.010 0.009 0.009 0.022 0.023 0.012 
86 0.012 0.014 0.024 0.014 0.013 0.028 0.011 0.012 0.021 0.016 0.011 0.020 0.014 0.022 0.021 0.019 0.011 0.014 0.024 0.030 0.011 0.022 0.015 0.012 0.015 0.016 0.022 0.013 0.013 0.014 0.015 0.017 0.019 0.015 0.021 0.014 0.013 0.024 0.022 0.013 0.013 0.014 0.015 0.013 0.014 0.014 0.013 0.018 0.015 0.014 0.011 0.011 0.013 0.017 0.014 0.014 0.017 0.017 0.013 0.019 0.010 0.011 0.016 0.014 0.012 0.022 0.015 0.013 0.013 0.013 0.013 0.013 0.016 0.013 0.015 0.011 0.019 0.014 0.012 0.012 0.015 0.013 0.015 0.015 0.022 0.012 0.000 0.013 0.014 0.013 0.012 0.014 0.022 0.024 0.014 
87 0.012 0.011 0.023 0.012 0.014 0.028 0.011 0.012 0.020 0.014 0.010 0.020 0.012 0.021 0.021 0.019 0.010 0.014 0.022 0.030 0.011 0.022 0.013 0.011 0.014 0.016 0.021 0.011 0.012 0.014 0.014 0.016 0.018 0.013 0.021 0.014 0.012 0.022 0.022 0.011 0.012 0.013 0.013 0.011 0.013 0.012 0.011 0.016 0.015 0.012 0.011 0.011 0.012 0.016 0.012 0.015 0.016 0.016 0.011 0.019 0.011 0.011 0.014 0.015 0.011 0.022 0.014 0.012 0.013 0.014 0.011 0.012 0.016 0.011 0.014 0.011 0.019 0.013 0.011 0.010 0.015 0.013 0.013 0.014 0.022 0.011 0.013 0.000 0.015 0.011 0.012 0.011 0.022 0.023 0.012 
88 0.016 0.016 0.025 0.016 0.016 0.028 0.014 0.015 0.023 0.018 0.015 0.020 0.015 0.024 0.022 0.020 0.015 0.017 0.025 0.031 0.014 0.022 0.016 0.015 0.018 0.019 0.023 0.015 0.017 0.016 0.018 0.019 0.020 0.016 0.023 0.010 0.016 0.025 0.024 0.016 0.015 0.016 0.017 0.014 0.015 0.015 0.014 0.018 0.017 0.016 0.015 0.014 0.015 0.019 0.016 0.014 0.018 0.019 0.016 0.021 0.014 0.015 0.018 0.017 0.015 0.022 0.018 0.015 0.016 0.015 0.015 0.015 0.018 0.015 0.017 0.014 0.021 0.017 0.015 0.015 0.017 0.009 0.016 0.017 0.022 0.016 0.014 0.015 0.000 0.015 0.016 0.016 0.023 0.023 0.016 
89 0.011 0.010 0.022 0.009 0.013 0.028 0.011 0.010 0.021 0.013 0.010 0.020 0.011 0.021 0.021 0.019 0.009 0.011 0.022 0.030 0.011 0.022 0.014 0.011 0.013 0.015 0.020 0.009 0.012 0.014 0.013 0.017 0.018 0.012 0.020 0.013 0.009 0.022 0.022 0.010 0.010 0.011 0.012 0.011 0.012 0.011 0.011 0.015 0.015 0.009 0.010 0.010 0.009 0.016 0.010 0.015 0.016 0.015 0.009 0.019 0.011 0.010 0.014 0.014 0.011 0.022 0.013 0.010 0.012 0.014 0.009 0.009 0.015 0.009 0.013 0.010 0.018 0.011 0.008 0.010 0.014 0.014 0.013 0.012 0.022 0.010 0.013 0.011 0.015 0.000 0.011 0.011 0.022 0.023 0.010 
90 0.009 0.009 0.022 0.012 0.014 0.028 0.009 0.010 0.019 0.013 0.010 0.020 0.011 0.021 0.021 0.019 0.009 0.013 0.022 0.029 0.011 0.022 0.015 0.011 0.013 0.015 0.021 0.011 0.010 0.014 0.014 0.017 0.018 0.014 0.020 0.015 0.010 0.022 0.021 0.009 0.011 0.012 0.014 0.013 0.014 0.013 0.012 0.016 0.015 0.011 0.010 0.011 0.011 0.016 0.012 0.015 0.015 0.015 0.009 0.019 0.010 0.010 0.014 0.013 0.009 0.022 0.012 0.011 0.011 0.013 0.010 0.011 0.016 0.011 0.014 0.011 0.017 0.011 0.011 0.009 0.014 0.014 0.014 0.012 0.022 0.009 0.012 0.012 0.016 0.011 0.000 0.009 0.022 0.024 0.012 
91 0.009 0.005 0.021 0.011 0.014 0.028 0.010 0.010 0.020 0.012 0.010 0.021 0.011 0.021 0.021 0.019 0.009 0.013 0.021 0.029 0.013 0.023 0.015 0.011 0.012 0.015 0.021 0.010 0.009 0.014 0.014 0.017 0.018 0.014 0.019 0.015 0.010 0.021 0.022 0.006 0.011 0.012 0.013 0.013 0.014 0.013 0.012 0.015 0.016 0.011 0.011 0.011 0.010 0.016 0.011 0.016 0.015 0.014 0.009 0.019 0.011 0.010 0.014 0.013 0.010 0.022 0.010 0.011 0.011 0.014 0.010 0.011 0.017 0.010 0.015 0.012 0.017 0.011 0.011 0.010 0.014 0.015 0.013 0.012 0.022 0.009 0.014 0.011 0.016 0.011 0.009 0.000 0.022 0.024 0.012 
92 0.022 0.022 0.022 0.022 0.023 0.033 0.022 0.022 0.028 0.024 0.021 0.027 0.022 0.018 0.018 0.026 0.022 0.022 0.016 0.032 0.022 0.027 0.023 0.021 0.024 0.024 0.018 0.022 0.023 0.023 0.022 0.024 0.026 0.024 0.025 0.024 0.022 0.021 0.024 0.022 0.022 0.023 0.023 0.022 0.023 0.023 0.023 0.025 0.022 0.022 0.021 0.021 0.022 0.025 0.023 0.024 0.025 0.025 0.023 0.026 0.022 0.022 0.024 0.024 0.022 0.024 0.024 0.022 0.023 0.022 0.022 0.022 0.024 0.022 0.023 0.022 0.027 0.023 0.022 0.022 0.023 0.023 0.024 0.023 0.018 0.022 0.022 0.022 0.023 0.022 0.022 0.022 0.000 0.020 0.023 
93 0.024 0.024 0.021 0.024 0.024 0.033 0.023 0.024 0.029 0.025 0.023 0.027 0.024 0.017 0.016 0.026 0.023 0.024 0.023 0.034 0.023 0.027 0.024 0.024 0.025 0.025 0.017 0.024 0.024 0.024 0.025 0.027 0.027 0.024 0.024 0.024 0.024 0.018 0.023 0.024 0.024 0.024 0.024 0.023 0.024 0.024 0.023 0.026 0.025 0.024 0.024 0.023 0.024 0.026 0.024 0.025 0.027 0.026 0.024 0.028 0.023 0.023 0.025 0.026 0.023 0.023 0.025 0.024 0.024 0.024 0.024 0.024 0.025 0.023 0.024 0.023 0.028 0.024 0.023 0.023 0.025 0.023 0.024 0.025 0.017 0.023 0.024 0.023 0.023 0.023 0.024 0.024 0.020 0.000 0.024 
94 0.012 0.011 0.023 0.009 0.013 0.027 0.012 0.009 0.021 0.013 0.012 0.022 0.013 0.022 0.022 0.020 0.011 0.013 0.023 0.029 0.012 0.023 0.015 0.012 0.013 0.015 0.020 0.008 0.012 0.015 0.014 0.017 0.018 0.015 0.020 0.013 0.008 0.023 0.022 0.011 0.009 0.009 0.013 0.013 0.014 0.011 0.012 0.016 0.015 0.009 0.012 0.012 0.009 0.016 0.009 0.016 0.016 0.015 0.010 0.020 0.012 0.012 0.016 0.015 0.013 0.023 0.014 0.009 0.014 0.014 0.009 0.008 0.017 0.012 0.015 0.012 0.018 0.012 0.012 0.012 0.014 0.015 0.014 0.012 0.022 0.012 0.014 0.012 0.016 0.010 0.012 0.012 0.023 0.024 0.000 
