1.000 0.944 0.757 0.919 0.908 0.691 0.949 0.941 0.767 0.899 0.945 0.799 0.919 0.790 0.776 0.831 0.954 0.888 0.777 0.723 0.922 0.756 0.855 0.926 0.909 0.887 0.792 0.931 0.945 0.909 0.875 0.867 0.861 0.882 0.775 0.872 0.938 0.756 0.770 0.950 0.925 0.911 0.883 0.910 0.894 0.895 0.911 0.861 0.861 0.924 0.933 0.942 0.933 0.857 0.912 0.875 0.843 0.877 0.946 0.804 0.937 0.937 0.881 0.951 0.946 0.738 0.910 0.919 0.926 0.908 0.948 0.930 0.879 0.931 0.872 0.934 0.859 0.918 0.919 0.942 0.895 0.881 0.888 0.898 0.747 0.937 0.919 0.914 0.864 0.924 0.945 0.945 0.763 0.716 0.903 
0.944 1.000 0.792 0.925 0.894 0.679 0.931 0.938 0.769 0.919 0.934 0.797 0.916 0.790 0.778 0.800 0.946 0.884 0.786 0.703 0.905 0.745 0.851 0.920 0.913 0.884 0.786 0.934 0.940 0.904 0.874 0.853 0.830 0.879 0.772 0.870 0.937 0.778 0.758 0.985 0.924 0.916 0.893 0.900 0.885 0.898 0.908 0.876 0.850 0.927 0.934 0.927 0.934 0.862 0.913 0.866 0.849 0.882 0.956 0.796 0.924 0.926 0.881 0.910 0.939 0.730 0.924 0.918 0.920 0.890 0.944 0.929 0.862 0.931 0.862 0.919 0.847 0.926 0.928 0.941 0.894 0.872 0.888 0.907 0.745 0.941 0.899 0.922 0.853 0.928 0.942 0.980 0.758 0.717 0.910 
0.757 0.792 1.000 0.745 0.707 0.641 0.746 0.753 0.642 0.728 0.749 0.646 0.731 0.861 0.828 0.683 0.760 0.730 0.756 0.638 0.722 0.695 0.693 0.738 0.768 0.707 0.824 0.754 0.754 0.728 0.703 0.679 0.677 0.713 0.809 0.690 0.757 0.918 0.782 0.798 0.744 0.736 0.721 0.713 0.713 0.725 0.724 0.725 0.698 0.747 0.744 0.740 0.753 0.680 0.736 0.679 0.687 0.704 0.768 0.706 0.738 0.743 0.692 0.749 0.752 0.772 0.770 0.740 0.742 0.707 0.763 0.747 0.718 0.747 0.718 0.733 0.670 0.756 0.742 0.753 0.715 0.688 0.717 0.727 0.798 0.757 0.719 0.731 0.677 0.747 0.753 0.794 0.751 0.788 0.737 
0.919 0.925 0.745 1.000 0.897 0.694 0.918 0.954 0.743 0.895 0.925 0.790 0.931 0.768 0.762 0.800 0.934 0.898 0.766 0.695 0.912 0.751 0.853 0.915 0.902 0.878 0.804 0.977 0.911 0.904 0.866 0.858 0.815 0.877 0.755 0.909 0.974 0.748 0.760 0.936 0.962 0.952 0.901 0.907 0.889 0.922 0.912 0.859 0.855 0.985 0.923 0.932 0.966 0.879 0.958 0.862 0.835 0.881 0.937 0.794 0.924 0.926 0.869 0.890 0.917 0.725 0.904 0.955 0.904 0.892 0.957 0.963 0.874 0.919 0.866 0.924 0.838 0.909 0.919 0.924 0.887 0.875 0.885 0.913 0.744 0.924 0.892 0.913 0.862 0.946 0.917 0.921 0.759 0.713 0.942 
0.908 0.894 0.707 0.897 1.000 0.700 0.910 0.914 0.722 0.886 0.921 0.783 0.888 0.759 0.753 0.815 0.922 0.869 0.735 0.708 0.932 0.741 0.851 0.904 0.870 0.909 0.770 0.906 0.895 0.898 0.854 0.856 0.803 0.909 0.732 0.868 0.916 0.714 0.739 0.905 0.910 0.917 0.890 0.956 0.940 0.909 0.934 0.822 0.854 0.898 0.916 0.948 0.910 0.853 0.888 0.865 0.808 0.845 0.913 0.782 0.919 0.915 0.872 0.870 0.913 0.721 0.866 0.897 0.891 0.895 0.915 0.908 0.887 0.900 0.872 0.942 0.808 0.885 0.905 0.910 0.888 0.885 0.900 0.876 0.739 0.907 0.908 0.898 0.875 0.906 0.898 0.892 0.746 0.718 0.893 
0.691 0.679 0.641 0.694 0.700 1.000 0.685 0.703 0.606 0.691 0.691 0.664 0.676 0.581 0.559 0.708 0.693 0.687 0.584 0.685 0.696 0.732 0.655 0.686 0.706 0.731 0.603 0.699 0.682 0.714 0.666 0.699 0.682 0.684 0.562 0.681 0.709 0.628 0.583 0.691 0.702 0.714 0.675 0.678 0.682 0.682 0.678 0.708 0.660 0.695 0.690 0.697 0.705 0.705 0.699 0.666 0.702 0.674 0.692 0.696 0.694 0.687 0.669 0.695 0.690 0.569 0.694 0.696 0.678 0.703 0.703 0.702 0.679 0.680 0.653 0.691 0.652 0.688 0.675 0.691 0.722 0.674 0.682 0.691 0.554 0.690 0.684 0.676 0.674 0.686 0.686 0.686 0.578 0.561 0.702 
0.949 0.931 0.746 0.918 0.910 0.685 1.000 0.939 0.766 0.894 0.958 0.801 0.920 0.790 0.788 0.819 0.956 0.885 0.765 0.729 0.925 0.761 0.864 0.935 0.893 0.891 0.790 0.931 0.937 0.919 0.877 0.868 0.831 0.885 0.758 0.874 0.936 0.755 0.765 0.937 0.926 0.911 0.879 0.913 0.897 0.898 0.915 0.844 0.866 0.922 0.939 0.945 0.931 0.860 0.916 0.882 0.830 0.875 0.936 0.805 0.938 0.935 0.888 0.909 0.944 0.747 0.914 0.918 0.926 0.909 0.938 0.928 0.883 0.931 0.874 0.938 0.843 0.907 0.928 0.951 0.900 0.889 0.891 0.896 0.767 0.944 0.931 0.921 0.877 0.928 0.940 0.934 0.769 0.727 0.905 
0.941 0.938 0.753 0.954 0.914 0.703 0.939 1.000 0.752 0.906 0.938 0.796 0.925 0.778 0.783 0.812 0.952 0.909 0.777 0.717 0.931 0.756 0.869 0.935 0.913 0.897 0.815 0.971 0.927 0.923 0.877 0.870 0.823 0.877 0.778 0.909 0.979 0.752 0.770 0.948 0.967 0.951 0.902 0.907 0.891 0.920 0.914 0.863 0.871 0.963 0.942 0.951 0.972 0.862 0.952 0.883 0.843 0.897 0.956 0.804 0.940 0.936 0.881 0.908 0.936 0.740 0.912 0.956 0.916 0.904 0.985 0.967 0.887 0.925 0.881 0.943 0.851 0.925 0.927 0.944 0.906 0.896 0.879 0.926 0.759 0.934 0.917 0.915 0.877 0.943 0.934 0.933 0.768 0.715 0.941 
0.767 0.769 0.642 0.743 0.722 0.606 0.766 0.752 1.000 0.740 0.768 0.708 0.756 0.640 0.627 0.706 0.763 0.733 0.639 0.603 0.744 0.685 0.701 0.747 0.746 0.712 0.633 0.745 0.769 0.725 0.721 0.700 0.716 0.715 0.622 0.707 0.748 0.657 0.619 0.759 0.738 0.734 0.724 0.729 0.724 0.719 0.734 0.742 0.697 0.745 0.752 0.748 0.744 0.695 0.742 0.713 0.726 0.729 0.759 0.736 0.751 0.759 0.727 0.781 0.771 0.593 0.754 0.737 0.761 0.741 0.743 0.750 0.727 0.760 0.725 0.752 0.703 0.750 0.751 0.767 0.727 0.717 0.736 0.734 0.599 0.767 0.741 0.754 0.702 0.749 0.778 0.769 0.622 0.599 0.732 
0.899 0.919 0.728 0.895 0.886 0.691 0.894 0.906 0.740 1.000 0.907 0.780 0.885 0.765 0.746 0.786 0.917 0.862 0.764 0.703 0.891 0.734 0.830 0.889 0.892 0.874 0.756 0.902 0.904 0.876 0.845 0.845 0.812 0.859 0.734 0.843 0.906 0.740 0.730 0.926 0.893 0.892 0.863 0.888 0.871 0.867 0.885 0.856 0.834 0.900 0.911 0.911 0.902 0.890 0.887 0.846 0.826 0.851 0.938 0.789 0.893 0.905 0.867 0.868 0.923 0.701 0.884 0.886 0.894 0.864 0.904 0.900 0.854 0.899 0.846 0.903 0.808 0.902 0.909 0.915 0.888 0.851 0.862 0.894 0.717 0.911 0.872 0.887 0.833 0.905 0.907 0.908 0.734 0.698 0.885 
0.945 0.934 0.749 0.925 0.921 0.691 0.958 0.938 0.768 0.907 1.000 0.815 0.929 0.808 0.786 0.833 0.961 0.894 0.775 0.733 0.936 0.776 0.863 0.939 0.893 0.902 0.796 0.937 0.943 0.927 0.877 0.872 0.828 0.893 0.755 0.866 0.940 0.760 0.776 0.941 0.927 0.915 0.879 0.923 0.907 0.900 0.920 0.849 0.879 0.929 0.950 0.957 0.935 0.873 0.917 0.875 0.825 0.883 0.938 0.816 0.950 0.971 0.912 0.904 0.955 0.749 0.928 0.924 0.936 0.923 0.937 0.930 0.893 0.939 0.890 0.949 0.847 0.909 0.944 0.954 0.900 0.885 0.895 0.896 0.761 0.966 0.936 0.931 0.875 0.939 0.942 0.936 0.780 0.743 0.907 
0.799 0.797 0.646 0.790 0.783 0.664 0.801 0.796 0.708 0.780 0.815 1.000 0.805 0.679 0.667 0.761 0.813 0.777 0.655 0.605 0.802 0.735 0.768 0.807 0.766 0.761 0.688 0.789 0.790 0.828 0.755 0.747 0.739 0.768 0.645 0.761 0.798 0.663 0.693 0.795 0.786 0.774 0.775 0.790 0.782 0.771 0.786 0.759 0.749 0.788 0.815 0.815 0.795 0.762 0.784 0.780 0.762 0.785 0.794 0.726 0.826 0.803 0.781 0.794 0.820 0.648 0.776 0.795 0.790 0.817 0.798 0.795 0.777 0.802 0.777 0.813 0.781 0.800 0.806 0.814 0.763 0.777 0.792 0.774 0.659 0.812 0.803 0.802 0.781 0.800 0.807 0.795 0.681 0.659 0.762 
0.919 0.916 0.731 0.931 0.888 0.676 0.920 0.925 0.756 0.885 0.929 0.805 1.000 0.776 0.766 0.802 0.926 0.875 0.759 0.699 0.906 0.763 0.852 0.911 0.886 0.869 0.782 0.929 0.910 0.898 0.859 0.852 0.812 0.871 0.742 0.863 0.921 0.742 0.764 0.923 0.908 0.897 0.871 0.901 0.885 0.888 0.902 0.848 0.846 0.934 0.920 0.927 0.920 0.858 0.909 0.860 0.828 0.854 0.920 0.791 0.917 0.921 0.870 0.886 0.925 0.740 0.892 0.912 0.917 0.897 0.923 0.915 0.868 0.917 0.864 0.918 0.826 0.896 0.915 0.923 0.878 0.870 0.882 0.886 0.739 0.925 0.889 0.902 0.857 0.920 0.915 0.914 0.763 0.706 0.889 
0.790 0.790 0.861 0.768 0.759 0.581 0.790 0.778 0.640 0.765 0.808 0.679 0.776 1.000 0.899 0.699 0.804 0.760 0.816 0.670 0.778 0.677 0.735 0.785 0.774 0.742 0.877 0.779 0.783 0.767 0.743 0.718 0.685 0.737 0.835 0.707 0.781 0.891 0.828 0.797 0.768 0.755 0.741 0.764 0.751 0.747 0.760 0.717 0.751 0.772 0.790 0.797 0.777 0.722 0.763 0.723 0.689 0.719 0.795 0.715 0.783 0.797 0.750 0.756 0.815 0.792 0.766 0.768 0.796 0.758 0.786 0.771 0.761 0.784 0.769 0.789 0.696 0.779 0.786 0.798 0.750 0.723 0.745 0.752 0.866 0.806 0.765 0.771 0.716 0.781 0.786 0.790 0.822 0.852 0.756 
0.776 0.778 0.828 0.762 0.753 0.559 0.788 0.783 0.627 0.746 0.786 0.667 0.766 0.899 1.000 0.664 0.795 0.750 0.817 0.644 0.771 0.647 0.759 0.782 0.737 0.735 0.883 0.779 0.765 0.753 0.734 0.727 0.686 0.743 0.839 0.743 0.775 0.855 0.817 0.782 0.768 0.759 0.751 0.765 0.754 0.763 0.777 0.704 0.740 0.770 0.783 0.780 0.771 0.726 0.758 0.751 0.690 0.710 0.777 0.674 0.776 0.771 0.718 0.745 0.781 0.801 0.745 0.764 0.764 0.760 0.786 0.770 0.738 0.771 0.756 0.777 0.678 0.767 0.785 0.793 0.739 0.764 0.741 0.744 0.888 0.784 0.771 0.778 0.739 0.780 0.767 0.776 0.817 0.856 0.759 
0.831 0.800 0.683 0.800 0.815 0.708 0.819 0.812 0.706 0.786 0.833 0.761 0.802 0.699 0.664 1.000 0.822 0.788 0.665 0.676 0.813 0.763 0.747 0.812 0.804 0.810 0.704 0.806 0.809 0.838 0.763 0.759 0.748 0.788 0.658 0.765 0.815 0.699 0.695 0.810 0.802 0.803 0.771 0.808 0.801 0.788 0.800 0.766 0.764 0.801 0.824 0.829 0.810 0.772 0.794 0.762 0.743 0.767 0.809 0.761 0.830 0.819 0.795 0.818 0.828 0.659 0.784 0.800 0.814 0.816 0.812 0.807 0.790 0.810 0.778 0.823 0.754 0.793 0.809 0.816 0.787 0.777 0.795 0.781 0.657 0.814 0.811 0.799 0.784 0.807 0.814 0.805 0.681 0.663 0.786 
0.954 0.946 0.760 0.934 0.922 0.693 0.956 0.952 0.763 0.917 0.961 0.813 0.926 0.804 0.795 0.822 1.000 0.899 0.783 0.733 0.935 0.771 0.872 0.945 0.911 0.904 0.805 0.947 0.951 0.926 0.892 0.873 0.830 0.894 0.771 0.879 0.954 0.765 0.780 0.955 0.940 0.929 0.887 0.921 0.905 0.908 0.927 0.863 0.881 0.939 0.947 0.956 0.947 0.870 0.928 0.882 0.833 0.884 0.965 0.821 0.951 0.950 0.895 0.912 0.955 0.744 0.921 0.936 0.935 0.920 0.953 0.942 0.892 0.943 0.888 0.948 0.851 0.922 0.943 0.964 0.909 0.893 0.894 0.911 0.757 0.964 0.927 0.935 0.872 0.947 0.944 0.944 0.778 0.738 0.924 
0.888 0.884 0.730 0.898 0.869 0.687 0.885 0.909 0.733 0.862 0.894 0.777 0.875 0.760 0.750 0.788 0.899 1.000 0.756 0.707 0.892 0.750 0.825 0.891 0.875 0.858 0.787 0.906 0.874 0.875 0.854 0.833 0.799 0.857 0.760 0.845 0.914 0.731 0.752 0.895 0.903 0.887 0.858 0.867 0.855 0.860 0.867 0.828 0.846 0.902 0.901 0.908 0.914 0.835 0.899 0.829 0.803 0.844 0.900 0.787 0.893 0.887 0.836 0.869 0.894 0.720 0.868 0.896 0.876 0.867 0.909 0.908 0.848 0.876 0.857 0.899 0.800 0.890 0.891 0.891 0.862 0.841 0.839 0.872 0.730 0.890 0.871 0.867 0.826 0.922 0.882 0.883 0.755 0.700 0.881 
0.777 0.786 0.756 0.766 0.735 0.584 0.765 0.777 0.639 0.764 0.775 0.655 0.759 0.816 0.817 0.665 0.783 0.756 1.000 0.664 0.756 0.657 0.724 0.776 0.758 0.727 0.789 0.775 0.767 0.738 0.783 0.747 0.685 0.722 0.759 0.716 0.777 0.783 0.745 0.790 0.764 0.754 0.752 0.744 0.731 0.749 0.749 0.720 0.763 0.769 0.768 0.770 0.773 0.724 0.756 0.712 0.691 0.723 0.784 0.685 0.766 0.766 0.718 0.742 0.775 0.707 0.757 0.766 0.756 0.740 0.783 0.771 0.721 0.765 0.748 0.764 0.680 0.764 0.770 0.777 0.760 0.718 0.724 0.774 0.775 0.778 0.737 0.766 0.697 0.772 0.775 0.784 0.848 0.754 0.759 
0.723 0.703 0.638 0.695 0.708 0.685 0.729 0.717 0.603 0.703 0.733 0.605 0.699 0.670 0.644 0.676 0.733 0.707 0.664 1.000 0.727 0.689 0.669 0.734 0.719 0.745 0.659 0.708 0.707 0.705 0.686 0.759 0.635 0.683 0.625 0.673 0.718 0.636 0.645 0.715 0.705 0.711 0.657 0.689 0.691 0.676 0.688 0.686 0.728 0.701 0.719 0.726 0.711 0.708 0.704 0.671 0.630 0.656 0.714 0.696 0.722 0.720 0.672 0.693 0.731 0.617 0.700 0.705 0.717 0.729 0.714 0.707 0.722 0.700 0.692 0.718 0.630 0.710 0.705 0.726 0.752 0.688 0.672 0.714 0.614 0.724 0.701 0.695 0.680 0.700 0.717 0.706 0.651 0.614 0.702 
0.922 0.905 0.722 0.912 0.932 0.696 0.925 0.931 0.744 0.891 0.936 0.802 0.906 0.778 0.771 0.813 0.935 0.892 0.756 0.727 1.000 0.768 0.859 0.920 0.885 0.896 0.784 0.924 0.906 0.913 0.869 0.872 0.818 0.885 0.745 0.868 0.933 0.729 0.762 0.916 0.921 0.908 0.870 0.932 0.915 0.890 0.909 0.841 0.881 0.916 0.933 0.965 0.927 0.871 0.910 0.869 0.819 0.862 0.926 0.803 0.939 0.926 0.881 0.887 0.936 0.735 0.882 0.916 0.910 0.923 0.930 0.943 0.922 0.916 0.918 0.976 0.826 0.911 0.925 0.925 0.886 0.884 0.876 0.891 0.748 0.923 0.917 0.911 0.874 0.927 0.918 0.903 0.764 0.719 0.912 
0.756 0.745 0.695 0.751 0.741 0.732 0.761 0.756 0.685 0.734 0.776 0.735 0.763 0.677 0.647 0.763 0.771 0.750 0.657 0.689 0.768 1.000 0.732 0.770 0.762 0.744 0.683 0.758 0.743 0.792 0.730 0.743 0.704 0.736 0.626 0.712 0.754 0.698 0.680 0.753 0.743 0.732 0.714 0.747 0.748 0.729 0.743 0.735 0.754 0.757 0.764 0.770 0.750 0.748 0.746 0.721 0.702 0.698 0.751 0.756 0.772 0.759 0.730 0.752 0.773 0.641 0.736 0.749 0.778 0.771 0.755 0.748 0.758 0.743 0.738 0.761 0.674 0.741 0.756 0.768 0.743 0.729 0.736 0.746 0.634 0.767 0.750 0.753 0.736 0.753 0.758 0.749 0.677 0.642 0.734 
0.855 0.851 0.693 0.853 0.851 0.655 0.864 0.869 0.701 0.830 0.863 0.768 0.852 0.735 0.759 0.747 0.872 0.825 0.724 0.669 0.859 0.732 1.000 0.882 0.821 0.821 0.748 0.863 0.846 0.840 0.819 0.821 0.772 0.829 0.718 0.837 0.865 0.703 0.720 0.855 0.867 0.850 0.838 0.859 0.842 0.846 0.882 0.786 0.823 0.857 0.868 0.875 0.865 0.811 0.846 0.867 0.834 0.796 0.861 0.737 0.864 0.853 0.827 0.828 0.862 0.715 0.826 0.879 0.843 0.850 0.867 0.862 0.819 0.855 0.817 0.868 0.767 0.845 0.860 0.865 0.832 0.870 0.826 0.845 0.738 0.860 0.853 0.880 0.827 0.862 0.855 0.847 0.744 0.696 0.840 
0.926 0.920 0.738 0.915 0.904 0.686 0.935 0.935 0.747 0.889 0.939 0.807 0.911 0.785 0.782 0.812 0.945 0.891 0.776 0.734 0.920 0.770 0.882 1.000 0.890 0.890 0.792 0.927 0.920 0.918 0.877 0.880 0.811 0.877 0.755 0.869 0.937 0.744 0.763 0.928 0.928 0.908 0.870 0.902 0.885 0.889 0.904 0.840 0.875 0.919 0.941 0.940 0.931 0.859 0.910 0.881 0.834 0.861 0.930 0.799 0.945 0.924 0.874 0.890 0.939 0.731 0.899 0.932 0.916 0.913 0.934 0.927 0.877 0.919 0.873 0.931 0.833 0.909 0.926 0.941 0.902 0.880 0.877 0.913 0.759 0.931 0.917 0.916 0.867 0.922 0.923 0.920 0.779 0.723 0.897 
0.909 0.913 0.768 0.902 0.870 0.706 0.893 0.913 0.746 0.892 0.893 0.766 0.886 0.774 0.737 0.804 0.911 0.875 0.758 0.719 0.885 0.762 0.821 0.890 1.000 0.852 0.764 0.909 0.902 0.874 0.857 0.829 0.798 0.841 0.754 0.843 0.917 0.763 0.735 0.929 0.903 0.890 0.860 0.868 0.855 0.866 0.871 0.879 0.830 0.907 0.896 0.906 0.913 0.829 0.892 0.829 0.839 0.857 0.944 0.797 0.894 0.892 0.846 0.883 0.905 0.699 0.883 0.895 0.892 0.860 0.919 0.908 0.864 0.893 0.840 0.897 0.814 0.911 0.884 0.901 0.862 0.841 0.853 0.891 0.713 0.901 0.872 0.874 0.820 0.897 0.900 0.908 0.732 0.686 0.882 
0.887 0.884 0.707 0.878 0.909 0.731 0.891 0.897 0.712 0.874 0.902 0.761 0.869 0.742 0.735 0.810 0.904 0.858 0.727 0.745 0.896 0.744 0.821 0.890 0.852 1.000 0.756 0.889 0.874 0.887 0.826 0.864 0.792 0.872 0.721 0.837 0.901 0.705 0.727 0.894 0.888 0.904 0.842 0.881 0.864 0.863 0.877 0.818 0.826 0.882 0.908 0.908 0.893 0.852 0.876 0.829 0.787 0.824 0.891 0.780 0.906 0.885 0.844 0.849 0.899 0.699 0.864 0.880 0.876 0.884 0.895 0.889 0.846 0.872 0.846 0.900 0.784 0.875 0.889 0.897 0.893 0.849 0.846 0.864 0.727 0.890 0.879 0.877 0.837 0.886 0.883 0.880 0.731 0.696 0.879 
0.792 0.786 0.824 0.804 0.770 0.603 0.790 0.815 0.633 0.756 0.796 0.688 0.782 0.877 0.883 0.704 0.805 0.787 0.789 0.659 0.784 0.683 0.748 0.792 0.764 0.756 1.000 0.815 0.776 0.793 0.744 0.734 0.688 0.742 0.836 0.747 0.820 0.848 0.830 0.796 0.807 0.793 0.761 0.766 0.759 0.775 0.772 0.723 0.751 0.811 0.800 0.805 0.815 0.733 0.804 0.731 0.696 0.733 0.796 0.698 0.796 0.789 0.747 0.766 0.792 0.777 0.762 0.806 0.773 0.764 0.822 0.807 0.762 0.772 0.768 0.794 0.698 0.782 0.788 0.797 0.754 0.741 0.746 0.773 0.857 0.789 0.773 0.778 0.737 0.804 0.777 0.785 0.803 0.829 0.787 
0.931 0.934 0.754 0.977 0.906 0.699 0.931 0.971 0.745 0.902 0.937 0.789 0.929 0.779 0.779 0.806 0.947 0.906 0.775 0.708 0.924 0.758 0.863 0.927 0.909 0.889 0.815 1.000 0.922 0.915 0.879 0.862 0.821 0.881 0.771 0.918 0.988 0.752 0.765 0.946 0.975 0.961 0.907 0.909 0.893 0.927 0.916 0.867 0.867 0.991 0.935 0.944 0.978 0.867 0.964 0.874 0.843 0.892 0.950 0.801 0.934 0.938 0.880 0.901 0.927 0.738 0.916 0.968 0.924 0.898 0.970 0.973 0.880 0.927 0.875 0.936 0.849 0.920 0.928 0.937 0.895 0.886 0.884 0.923 0.751 0.936 0.906 0.918 0.871 0.953 0.929 0.931 0.767 0.716 0.953 
0.945 0.940 0.754 0.911 0.895 0.682 0.937 0.927 0.769 0.904 0.943 0.790 0.910 0.783 0.765 0.809 0.951 0.874 0.767 0.707 0.906 0.743 0.846 0.920 0.902 0.874 0.776 0.922 1.000 0.902 0.870 0.849 0.828 0.866 0.756 0.856 0.928 0.769 0.753 0.942 0.915 0.904 0.877 0.894 0.879 0.883 0.902 0.856 0.855 0.916 0.924 0.926 0.924 0.851 0.904 0.860 0.834 0.882 0.954 0.793 0.923 0.936 0.891 0.910 0.938 0.730 0.923 0.909 0.917 0.889 0.928 0.918 0.864 0.931 0.862 0.921 0.857 0.912 0.918 0.938 0.883 0.867 0.880 0.897 0.735 0.937 0.907 0.908 0.848 0.919 0.935 0.946 0.750 0.719 0.899 
0.909 0.904 0.728 0.904 0.898 0.714 0.919 0.923 0.725 0.876 0.927 0.828 0.898 0.767 0.753 0.838 0.926 0.875 0.738 0.705 0.913 0.792 0.840 0.918 0.874 0.887 0.793 0.915 0.902 1.000 0.853 0.850 0.789 0.869 0.742 0.850 0.926 0.734 0.803 0.914 0.913 0.902 0.861 0.894 0.878 0.882 0.893 0.821 0.848 0.907 0.927 0.934 0.921 0.860 0.900 0.859 0.808 0.844 0.914 0.789 0.928 0.913 0.895 0.870 0.924 0.729 0.880 0.907 0.901 0.899 0.921 0.915 0.869 0.902 0.859 0.922 0.819 0.888 0.907 0.923 0.880 0.862 0.868 0.883 0.744 0.914 0.905 0.894 0.869 0.908 0.911 0.903 0.759 0.726 0.885 
0.875 0.874 0.703 0.866 0.854 0.666 0.877 0.877 0.721 0.845 0.877 0.755 0.859 0.743 0.734 0.763 0.892 0.854 0.783 0.686 0.869 0.730 0.819 0.877 0.857 0.826 0.744 0.879 0.870 0.853 1.000 0.816 0.782 0.836 0.720 0.823 0.884 0.698 0.711 0.876 0.873 0.858 0.847 0.860 0.844 0.852 0.857 0.810 0.863 0.873 0.877 0.888 0.883 0.813 0.863 0.823 0.798 0.830 0.880 0.769 0.872 0.873 0.824 0.846 0.879 0.694 0.852 0.868 0.862 0.847 0.881 0.878 0.828 0.871 0.823 0.878 0.791 0.845 0.872 0.879 0.838 0.827 0.835 0.853 0.704 0.879 0.860 0.865 0.812 0.877 0.869 0.876 0.754 0.674 0.858 
0.867 0.853 0.679 0.858 0.856 0.699 0.868 0.870 0.700 0.845 0.872 0.747 0.852 0.718 0.727 0.759 0.873 0.833 0.747 0.759 0.872 0.743 0.821 0.880 0.829 0.864 0.734 0.862 0.849 0.850 0.816 1.000 0.774 0.816 0.692 0.821 0.872 0.683 0.705 0.861 0.870 0.861 0.811 0.846 0.829 0.828 0.844 0.789 0.841 0.862 0.877 0.880 0.868 0.849 0.849 0.820 0.766 0.794 0.861 0.768 0.873 0.854 0.810 0.832 0.875 0.676 0.831 0.855 0.848 0.862 0.868 0.863 0.824 0.845 0.820 0.870 0.759 0.844 0.859 0.878 0.869 0.832 0.819 0.870 0.708 0.860 0.852 0.860 0.817 0.855 0.856 0.851 0.735 0.666 0.852 
0.861 0.830 0.677 0.815 0.803 0.682 0.831 0.823 0.716 0.812 0.828 0.739 0.812 0.685 0.686 0.748 0.830 0.799 0.685 0.635 0.818 0.704 0.772 0.811 0.798 0.792 0.688 0.821 0.828 0.789 0.782 0.774 1.000 0.784 0.672 0.793 0.823 0.684 0.660 0.832 0.816 0.811 0.792 0.809 0.795 0.799 0.810 0.811 0.770 0.817 0.820 0.821 0.820 0.788 0.808 0.790 0.782 0.793 0.829 0.758 0.820 0.824 0.773 0.911 0.827 0.649 0.807 0.810 0.813 0.817 0.826 0.821 0.775 0.841 0.785 0.824 0.776 0.817 0.816 0.823 0.794 0.796 0.819 0.804 0.662 0.824 0.811 0.810 0.779 0.818 0.832 0.829 0.677 0.637 0.807 
0.882 0.879 0.713 0.877 0.909 0.684 0.885 0.877 0.715 0.859 0.893 0.768 0.871 0.737 0.743 0.788 0.894 0.857 0.722 0.683 0.885 0.736 0.829 0.877 0.841 0.872 0.742 0.881 0.866 0.869 0.836 0.816 0.784 1.000 0.727 0.853 0.880 0.704 0.711 0.889 0.876 0.864 0.903 0.951 0.936 0.925 0.946 0.836 0.816 0.873 0.894 0.898 0.878 0.840 0.871 0.844 0.801 0.821 0.883 0.761 0.887 0.883 0.846 0.851 0.881 0.729 0.870 0.870 0.867 0.863 0.884 0.879 0.841 0.897 0.841 0.895 0.788 0.861 0.902 0.882 0.850 0.868 0.915 0.839 0.716 0.889 0.873 0.891 0.851 0.907 0.877 0.879 0.723 0.705 0.858 
0.775 0.772 0.809 0.755 0.732 0.562 0.758 0.778 0.622 0.734 0.755 0.645 0.742 0.835 0.839 0.658 0.771 0.760 0.759 0.625 0.745 0.626 0.718 0.755 0.754 0.721 0.836 0.771 0.756 0.742 0.720 0.692 0.672 0.727 1.000 0.710 0.777 0.796 0.862 0.782 0.765 0.753 0.741 0.731 0.721 0.739 0.741 0.718 0.718 0.763 0.767 0.764 0.771 0.699 0.756 0.701 0.698 0.718 0.781 0.660 0.757 0.752 0.708 0.751 0.761 0.788 0.745 0.758 0.743 0.726 0.786 0.765 0.716 0.751 0.755 0.762 0.684 0.771 0.759 0.760 0.727 0.713 0.717 0.743 0.811 0.765 0.740 0.737 0.687 0.761 0.765 0.772 0.745 0.776 0.751 
0.872 0.870 0.690 0.909 0.868 0.681 0.874 0.909 0.707 0.843 0.866 0.761 0.863 0.707 0.743 0.765 0.879 0.845 0.716 0.673 0.868 0.712 0.837 0.869 0.843 0.837 0.747 0.918 0.856 0.850 0.823 0.821 0.793 0.853 0.710 1.000 0.920 0.694 0.698 0.881 0.923 0.906 0.876 0.883 0.864 0.896 0.887 0.856 0.815 0.912 0.870 0.878 0.913 0.809 0.901 0.899 0.810 0.839 0.883 0.746 0.879 0.871 0.811 0.848 0.862 0.707 0.844 0.906 0.846 0.858 0.903 0.917 0.824 0.871 0.814 0.878 0.796 0.861 0.866 0.869 0.857 0.965 0.857 0.867 0.738 0.864 0.876 0.866 0.950 0.891 0.866 0.867 0.718 0.713 0.893 
0.938 0.937 0.757 0.974 0.916 0.709 0.936 0.979 0.748 0.906 0.940 0.798 0.921 0.781 0.775 0.815 0.954 0.914 0.777 0.718 0.933 0.754 0.865 0.937 0.917 0.901 0.820 0.988 0.928 0.926 0.884 0.872 0.823 0.880 0.777 0.920 1.000 0.752 0.772 0.949 0.986 0.972 0.905 0.908 0.892 0.926 0.915 0.864 0.875 0.979 0.944 0.953 0.987 0.865 0.970 0.877 0.843 0.903 0.956 0.807 0.942 0.940 0.884 0.907 0.937 0.734 0.918 0.974 0.913 0.906 0.977 0.983 0.889 0.928 0.881 0.946 0.856 0.927 0.928 0.944 0.906 0.888 0.883 0.931 0.758 0.939 0.917 0.917 0.873 0.953 0.936 0.934 0.770 0.720 0.959 
0.756 0.778 0.918 0.748 0.714 0.628 0.755 0.752 0.657 0.740 0.760 0.663 0.742 0.891 0.855 0.699 0.765 0.731 0.783 0.636 0.729 0.698 0.703 0.744 0.763 0.705 0.848 0.752 0.769 0.734 0.698 0.683 0.684 0.704 0.796 0.694 0.752 1.000 0.783 0.781 0.738 0.734 0.726 0.725 0.726 0.728 0.732 0.721 0.704 0.748 0.748 0.744 0.749 0.688 0.738 0.688 0.682 0.708 0.770 0.697 0.741 0.751 0.703 0.748 0.759 0.755 0.751 0.738 0.748 0.714 0.759 0.745 0.725 0.761 0.723 0.739 0.676 0.760 0.753 0.758 0.716 0.696 0.729 0.729 0.823 0.763 0.719 0.749 0.689 0.755 0.761 0.788 0.768 0.831 0.736 
0.770 0.758 0.782 0.760 0.739 0.583 0.765 0.770 0.619 0.730 0.776 0.693 0.764 0.828 0.817 0.695 0.780 0.752 0.745 0.645 0.762 0.680 0.720 0.763 0.735 0.727 0.830 0.765 0.753 0.803 0.711 0.705 0.660 0.711 0.862 0.698 0.772 0.783 1.000 0.766 0.761 0.745 0.722 0.734 0.722 0.730 0.738 0.683 0.738 0.764 0.765 0.772 0.765 0.711 0.757 0.706 0.674 0.695 0.764 0.681 0.771 0.767 0.740 0.734 0.782 0.788 0.732 0.756 0.759 0.748 0.771 0.766 0.733 0.747 0.774 0.771 0.682 0.764 0.760 0.772 0.731 0.709 0.718 0.738 0.800 0.773 0.751 0.740 0.705 0.756 0.773 0.758 0.768 0.792 0.743 
0.950 0.985 0.798 0.936 0.905 0.691 0.937 0.948 0.759 0.926 0.941 0.795 0.923 0.797 0.782 0.810 0.955 0.895 0.790 0.715 0.916 0.753 0.855 0.928 0.929 0.894 0.796 0.946 0.942 0.914 0.876 0.861 0.832 0.889 0.782 0.881 0.949 0.781 0.766 1.000 0.935 0.928 0.900 0.910 0.894 0.909 0.919 0.887 0.855 0.937 0.940 0.938 0.946 0.868 0.923 0.871 0.852 0.885 0.971 0.802 0.933 0.934 0.880 0.913 0.944 0.735 0.925 0.928 0.928 0.898 0.955 0.940 0.873 0.937 0.871 0.930 0.850 0.938 0.934 0.947 0.903 0.883 0.893 0.914 0.746 0.946 0.905 0.925 0.862 0.939 0.945 0.974 0.763 0.726 0.922 
0.925 0.924 0.744 0.962 0.910 0.702 0.926 0.967 0.738 0.893 0.927 0.786 0.908 0.768 0.768 0.802 0.940 0.903 0.764 0.705 0.921 0.743 0.867 0.928 0.903 0.888 0.807 0.975 0.915 0.913 0.873 0.870 0.816 0.876 0.765 0.923 0.986 0.738 0.761 0.935 1.000 0.960 0.901 0.904 0.888 0.921 0.911 0.851 0.864 0.966 0.933 0.941 0.975 0.853 0.959 0.879 0.839 0.892 0.943 0.794 0.929 0.927 0.873 0.897 0.924 0.727 0.905 0.965 0.900 0.893 0.964 0.971 0.877 0.918 0.869 0.934 0.843 0.914 0.918 0.932 0.894 0.891 0.879 0.918 0.761 0.925 0.912 0.909 0.876 0.944 0.924 0.921 0.769 0.712 0.948 
0.911 0.916 0.736 0.952 0.917 0.714 0.911 0.951 0.734 0.892 0.915 0.774 0.897 0.755 0.759 0.803 0.929 0.887 0.754 0.711 0.908 0.732 0.850 0.908 0.890 0.904 0.793 0.961 0.904 0.902 0.858 0.861 0.811 0.864 0.753 0.906 0.972 0.734 0.745 0.928 0.960 1.000 0.888 0.892 0.876 0.909 0.899 0.841 0.850 0.953 0.918 0.927 0.961 0.853 0.943 0.858 0.825 0.886 0.932 0.784 0.914 0.915 0.860 0.880 0.909 0.713 0.893 0.947 0.886 0.886 0.950 0.956 0.862 0.905 0.855 0.919 0.828 0.907 0.903 0.918 0.900 0.874 0.867 0.907 0.742 0.913 0.895 0.903 0.859 0.929 0.910 0.913 0.747 0.712 0.949 
0.883 0.893 0.721 0.901 0.890 0.675 0.879 0.902 0.724 0.863 0.879 0.775 0.871 0.741 0.751 0.771 0.887 0.858 0.752 0.657 0.870 0.714 0.838 0.870 0.860 0.842 0.761 0.907 0.877 0.861 0.847 0.811 0.792 0.903 0.741 0.876 0.905 0.726 0.722 0.900 0.901 0.888 1.000 0.931 0.915 0.949 0.939 0.834 0.822 0.899 0.881 0.883 0.902 0.825 0.888 0.852 0.815 0.847 0.898 0.747 0.874 0.884 0.841 0.856 0.879 0.721 0.860 0.896 0.859 0.846 0.912 0.903 0.830 0.896 0.823 0.882 0.798 0.882 0.889 0.884 0.848 0.863 0.915 0.865 0.722 0.878 0.865 0.889 0.843 0.899 0.883 0.889 0.733 0.710 0.882 
0.910 0.900 0.713 0.907 0.956 0.678 0.913 0.907 0.729 0.888 0.923 0.790 0.901 0.764 0.765 0.808 0.921 0.867 0.744 0.689 0.932 0.747 0.859 0.902 0.868 0.881 0.766 0.909 0.894 0.894 0.860 0.846 0.809 0.951 0.731 0.883 0.908 0.725 0.734 0.910 0.904 0.892 0.931 1.000 0.981 0.951 0.975 0.842 0.855 0.903 0.912 0.945 0.906 0.863 0.890 0.875 0.819 0.845 0.912 0.777 0.915 0.917 0.874 0.874 0.911 0.742 0.867 0.898 0.897 0.893 0.914 0.909 0.888 0.923 0.876 0.941 0.811 0.886 0.921 0.909 0.874 0.897 0.943 0.869 0.736 0.909 0.904 0.919 0.887 0.923 0.899 0.897 0.753 0.733 0.886 
0.894 0.885 0.713 0.889 0.940 0.682 0.897 0.891 0.724 0.871 0.907 0.782 0.885 0.751 0.754 0.801 0.905 0.855 0.731 0.691 0.915 0.748 0.842 0.885 0.855 0.864 0.759 0.893 0.879 0.878 0.844 0.829 0.795 0.936 0.721 0.864 0.892 0.726 0.722 0.894 0.888 0.876 0.915 0.981 1.000 0.935 0.960 0.826 0.838 0.885 0.896 0.928 0.890 0.846 0.874 0.860 0.808 0.834 0.896 0.768 0.897 0.902 0.858 0.861 0.893 0.740 0.852 0.881 0.884 0.875 0.898 0.891 0.880 0.908 0.861 0.925 0.799 0.870 0.905 0.893 0.857 0.881 0.930 0.853 0.724 0.894 0.888 0.903 0.874 0.909 0.884 0.883 0.739 0.721 0.870 
0.895 0.898 0.725 0.922 0.909 0.682 0.898 0.920 0.719 0.867 0.900 0.771 0.888 0.747 0.763 0.788 0.908 0.860 0.749 0.676 0.890 0.729 0.846 0.889 0.866 0.863 0.775 0.927 0.883 0.882 0.852 0.828 0.799 0.925 0.739 0.896 0.926 0.728 0.730 0.909 0.921 0.909 0.949 0.951 0.935 1.000 0.958 0.835 0.843 0.919 0.896 0.902 0.924 0.839 0.910 0.862 0.815 0.852 0.906 0.764 0.894 0.899 0.848 0.863 0.886 0.735 0.870 0.918 0.873 0.867 0.929 0.926 0.844 0.910 0.844 0.901 0.810 0.883 0.905 0.896 0.861 0.882 0.923 0.867 0.733 0.894 0.882 0.901 0.866 0.918 0.890 0.894 0.748 0.720 0.903 
0.911 0.908 0.724 0.912 0.934 0.678 0.915 0.914 0.734 0.885 0.920 0.786 0.902 0.760 0.777 0.800 0.927 0.867 0.749 0.688 0.909 0.743 0.882 0.904 0.871 0.877 0.772 0.916 0.902 0.893 0.857 0.844 0.810 0.946 0.741 0.887 0.915 0.732 0.738 0.919 0.911 0.899 0.939 0.975 0.960 0.958 1.000 0.844 0.844 0.908 0.910 0.923 0.913 0.857 0.896 0.878 0.822 0.851 0.916 0.776 0.909 0.915 0.865 0.876 0.906 0.743 0.877 0.905 0.893 0.888 0.921 0.914 0.864 0.924 0.857 0.920 0.818 0.890 0.918 0.912 0.875 0.921 0.939 0.875 0.732 0.916 0.900 0.921 0.879 0.926 0.906 0.908 0.750 0.734 0.893 
0.861 0.876 0.725 0.859 0.822 0.708 0.844 0.863 0.742 0.856 0.849 0.759 0.848 0.717 0.704 0.766 0.863 0.828 0.720 0.686 0.841 0.735 0.786 0.840 0.879 0.818 0.723 0.867 0.856 0.821 0.810 0.789 0.811 0.836 0.718 0.856 0.864 0.721 0.683 0.887 0.851 0.841 0.834 0.842 0.826 0.835 0.844 1.000 0.782 0.863 0.846 0.855 0.862 0.791 0.858 0.803 0.829 0.826 0.897 0.770 0.842 0.848 0.808 0.870 0.857 0.662 0.849 0.853 0.850 0.824 0.868 0.860 0.806 0.863 0.804 0.848 0.777 0.867 0.849 0.855 0.826 0.852 0.832 0.846 0.664 0.860 0.823 0.847 0.830 0.860 0.857 0.870 0.689 0.685 0.838 
0.861 0.850 0.698 0.855 0.854 0.660 0.866 0.871 0.697 0.834 0.879 0.749 0.846 0.751 0.740 0.764 0.881 0.846 0.763 0.728 0.881 0.754 0.823 0.875 0.830 0.826 0.751 0.867 0.855 0.848 0.863 0.841 0.770 0.816 0.718 0.815 0.875 0.704 0.738 0.855 0.864 0.850 0.822 0.855 0.838 0.843 0.844 0.782 1.000 0.861 0.876 0.886 0.868 0.815 0.858 0.815 0.770 0.804 0.865 0.776 0.871 0.875 0.811 0.834 0.874 0.709 0.828 0.861 0.855 0.857 0.870 0.864 0.822 0.861 0.845 0.885 0.786 0.837 0.870 0.870 0.846 0.821 0.820 0.857 0.722 0.866 0.860 0.850 0.823 0.861 0.856 0.847 0.782 0.691 0.855 
0.924 0.927 0.747 0.985 0.898 0.695 0.922 0.963 0.745 0.900 0.929 0.788 0.934 0.772 0.770 0.801 0.939 0.902 0.769 0.701 0.916 0.757 0.857 0.919 0.907 0.882 0.811 0.991 0.916 0.907 0.873 0.862 0.817 0.873 0.763 0.912 0.979 0.748 0.764 0.937 0.966 0.953 0.899 0.903 0.885 0.919 0.908 0.863 0.861 1.000 0.927 0.935 0.970 0.865 0.965 0.866 0.838 0.884 0.942 0.799 0.927 0.929 0.873 0.896 0.921 0.730 0.907 0.959 0.919 0.892 0.961 0.967 0.878 0.918 0.869 0.928 0.841 0.912 0.922 0.929 0.888 0.878 0.881 0.920 0.750 0.927 0.897 0.910 0.865 0.947 0.921 0.923 0.764 0.707 0.945 
0.933 0.934 0.744 0.923 0.916 0.690 0.939 0.942 0.752 0.911 0.950 0.815 0.920 0.790 0.783 0.824 0.947 0.901 0.768 0.719 0.933 0.764 0.868 0.941 0.896 0.908 0.800 0.935 0.924 0.927 0.877 0.877 0.820 0.894 0.767 0.870 0.944 0.748 0.765 0.940 0.933 0.918 0.881 0.912 0.896 0.896 0.910 0.846 0.876 0.927 1.000 0.967 0.953 0.879 0.916 0.887 0.831 0.872 0.936 0.811 0.947 0.932 0.888 0.904 0.959 0.738 0.906 0.925 0.923 0.916 0.942 0.933 0.892 0.925 0.892 0.954 0.841 0.908 0.960 0.953 0.903 0.883 0.886 0.901 0.763 0.937 0.922 0.923 0.869 0.932 0.935 0.926 0.777 0.719 0.906 
0.942 0.927 0.740 0.932 0.948 0.697 0.945 0.951 0.748 0.911 0.957 0.815 0.927 0.797 0.780 0.829 0.956 0.908 0.770 0.726 0.965 0.770 0.875 0.940 0.906 0.908 0.805 0.944 0.926 0.934 0.888 0.880 0.821 0.898 0.764 0.878 0.953 0.744 0.772 0.938 0.941 0.927 0.883 0.945 0.928 0.902 0.923 0.855 0.886 0.935 0.967 1.000 0.961 0.879 0.925 0.880 0.834 0.877 0.946 0.813 0.952 0.947 0.901 0.905 0.952 0.745 0.902 0.934 0.929 0.923 0.951 0.942 0.922 0.931 0.912 0.976 0.841 0.917 0.937 0.947 0.905 0.895 0.890 0.909 0.763 0.944 0.931 0.927 0.885 0.939 0.932 0.925 0.786 0.729 0.915 
0.933 0.934 0.753 0.966 0.910 0.705 0.931 0.972 0.744 0.902 0.935 0.795 0.920 0.777 0.771 0.810 0.947 0.914 0.773 0.711 0.927 0.750 0.865 0.931 0.913 0.893 0.815 0.978 0.924 0.921 0.883 0.868 0.820 0.878 0.771 0.913 0.987 0.749 0.765 0.946 0.975 0.961 0.902 0.906 0.890 0.924 0.913 0.862 0.868 0.970 0.953 0.961 1.000 0.862 0.959 0.872 0.842 0.899 0.952 0.801 0.936 0.935 0.879 0.903 0.931 0.731 0.914 0.963 0.908 0.901 0.971 0.980 0.883 0.924 0.876 0.939 0.850 0.922 0.923 0.938 0.901 0.886 0.881 0.925 0.752 0.934 0.910 0.915 0.870 0.949 0.930 0.931 0.771 0.716 0.948 
0.857 0.862 0.680 0.879 0.853 0.705 0.860 0.862 0.695 0.890 0.873 0.762 0.858 0.722 0.726 0.772 0.870 0.835 0.724 0.708 0.871 0.748 0.811 0.859 0.829 0.852 0.733 0.867 0.851 0.860 0.813 0.849 0.788 0.840 0.699 0.809 0.865 0.688 0.711 0.868 0.853 0.853 0.825 0.863 0.846 0.839 0.857 0.791 0.815 0.865 0.879 0.879 0.862 1.000 0.847 0.812 0.785 0.797 0.867 0.762 0.868 0.858 0.832 0.827 0.877 0.685 0.835 0.851 0.854 0.864 0.865 0.860 0.823 0.852 0.820 0.871 0.765 0.861 0.876 0.871 0.848 0.820 0.832 0.851 0.695 0.865 0.846 0.859 0.806 0.868 0.861 0.854 0.709 0.678 0.847 
0.912 0.913 0.736 0.958 0.888 0.699 0.916 0.952 0.742 0.887 0.917 0.784 0.909 0.763 0.758 0.794 0.928 0.899 0.756 0.704 0.910 0.746 0.846 0.910 0.892 0.876 0.804 0.964 0.904 0.900 0.863 0.849 0.808 0.871 0.756 0.901 0.970 0.738 0.757 0.923 0.959 0.943 0.888 0.890 0.874 0.910 0.896 0.858 0.858 0.965 0.916 0.925 0.959 0.847 1.000 0.856 0.829 0.877 0.932 0.789 0.913 0.918 0.867 0.887 0.911 0.717 0.897 0.949 0.893 0.878 0.949 0.957 0.867 0.908 0.865 0.919 0.831 0.904 0.911 0.922 0.882 0.868 0.869 0.912 0.746 0.918 0.892 0.897 0.853 0.935 0.912 0.909 0.749 0.709 0.936 
0.875 0.866 0.679 0.862 0.865 0.666 0.882 0.883 0.713 0.846 0.875 0.780 0.860 0.723 0.751 0.762 0.882 0.829 0.712 0.671 0.869 0.721 0.867 0.881 0.829 0.829 0.731 0.874 0.860 0.859 0.823 0.820 0.790 0.844 0.701 0.899 0.877 0.688 0.706 0.871 0.879 0.858 0.852 0.875 0.860 0.862 0.878 0.803 0.815 0.866 0.887 0.880 0.872 0.812 0.856 1.000 0.821 0.810 0.871 0.746 0.884 0.877 0.815 0.846 0.893 0.705 0.833 0.874 0.862 0.865 0.877 0.876 0.827 0.870 0.815 0.881 0.788 0.852 0.878 0.888 0.848 0.908 0.850 0.843 0.737 0.868 0.884 0.865 0.896 0.870 0.876 0.861 0.730 0.691 0.848 
0.843 0.849 0.687 0.835 0.808 0.702 0.830 0.843 0.726 0.826 0.825 0.762 0.828 0.689 0.690 0.743 0.833 0.803 0.691 0.630 0.819 0.702 0.834 0.834 0.839 0.787 0.696 0.843 0.834 0.808 0.798 0.766 0.782 0.801 0.698 0.810 0.843 0.682 0.674 0.852 0.839 0.825 0.815 0.819 0.808 0.815 0.822 0.829 0.770 0.838 0.831 0.834 0.842 0.785 0.829 0.821 1.000 0.820 0.864 0.732 0.828 0.827 0.796 0.833 0.832 0.666 0.824 0.846 0.820 0.813 0.844 0.840 0.787 0.840 0.784 0.836 0.803 0.844 0.826 0.832 0.799 0.806 0.807 0.822 0.677 0.832 0.827 0.819 0.787 0.833 0.840 0.839 0.684 0.636 0.814 
0.877 0.882 0.704 0.881 0.845 0.674 0.875 0.897 0.729 0.851 0.883 0.785 0.854 0.719 0.710 0.767 0.884 0.844 0.723 0.656 0.862 0.698 0.796 0.861 0.857 0.824 0.733 0.892 0.882 0.844 0.830 0.794 0.793 0.821 0.718 0.839 0.903 0.708 0.695 0.885 0.892 0.886 0.847 0.845 0.834 0.852 0.851 0.826 0.804 0.884 0.872 0.877 0.899 0.797 0.877 0.810 0.820 1.000 0.898 0.751 0.866 0.881 0.834 0.869 0.868 0.683 0.863 0.882 0.839 0.833 0.897 0.901 0.821 0.880 0.820 0.881 0.858 0.868 0.871 0.871 0.836 0.822 0.845 0.862 0.693 0.877 0.853 0.853 0.804 0.887 0.878 0.881 0.704 0.665 0.876 
0.946 0.956 0.768 0.937 0.913 0.692 0.936 0.956 0.759 0.938 0.938 0.794 0.920 0.795 0.777 0.809 0.965 0.900 0.784 0.714 0.926 0.751 0.861 0.930 0.944 0.891 0.796 0.950 0.954 0.914 0.880 0.861 0.829 0.883 0.781 0.883 0.956 0.770 0.764 0.971 0.943 0.932 0.898 0.912 0.896 0.906 0.916 0.897 0.865 0.942 0.936 0.946 0.952 0.867 0.932 0.871 0.864 0.898 1.000 0.802 0.933 0.936 0.892 0.911 0.946 0.729 0.923 0.935 0.927 0.898 0.957 0.947 0.883 0.940 0.880 0.939 0.857 0.952 0.933 0.946 0.901 0.882 0.888 0.927 0.743 0.942 0.907 0.917 0.860 0.944 0.942 0.948 0.758 0.720 0.927 
0.804 0.796 0.706 0.794 0.782 0.696 0.805 0.804 0.736 0.789 0.816 0.726 0.791 0.715 0.674 0.761 0.821 0.787 0.685 0.696 0.803 0.756 0.737 0.799 0.797 0.780 0.698 0.801 0.793 0.789 0.769 0.768 0.758 0.761 0.660 0.746 0.807 0.697 0.681 0.802 0.794 0.784 0.747 0.777 0.768 0.764 0.776 0.770 0.776 0.799 0.811 0.813 0.801 0.762 0.789 0.746 0.732 0.751 0.802 1.000 0.807 0.806 0.759 0.816 0.817 0.650 0.789 0.788 0.807 0.792 0.802 0.801 0.777 0.794 0.794 0.813 0.729 0.782 0.801 0.812 0.796 0.758 0.770 0.791 0.653 0.814 0.792 0.786 0.747 0.796 0.799 0.794 0.683 0.633 0.777 
0.937 0.924 0.738 0.924 0.919 0.694 0.938 0.940 0.751 0.893 0.950 0.826 0.917 0.783 0.776 0.830 0.951 0.893 0.766 0.722 0.939 0.772 0.864 0.945 0.894 0.906 0.796 0.934 0.923 0.928 0.872 0.873 0.820 0.887 0.757 0.879 0.942 0.741 0.771 0.933 0.929 0.914 0.874 0.915 0.897 0.894 0.909 0.842 0.871 0.927 0.947 0.952 0.936 0.868 0.913 0.884 0.828 0.866 0.933 0.807 1.000 0.936 0.874 0.899 0.951 0.745 0.902 0.924 0.925 0.945 0.937 0.940 0.897 0.921 0.893 0.952 0.857 0.916 0.933 0.947 0.896 0.889 0.885 0.900 0.765 0.936 0.932 0.921 0.881 0.931 0.932 0.923 0.775 0.724 0.904 
0.937 0.926 0.743 0.926 0.915 0.687 0.935 0.936 0.759 0.905 0.971 0.803 0.921 0.797 0.771 0.819 0.950 0.887 0.766 0.720 0.926 0.759 0.853 0.924 0.892 0.885 0.789 0.938 0.936 0.913 0.873 0.854 0.824 0.883 0.752 0.871 0.940 0.751 0.767 0.934 0.927 0.915 0.884 0.917 0.902 0.899 0.915 0.848 0.875 0.929 0.932 0.947 0.935 0.858 0.918 0.877 0.827 0.881 0.936 0.806 0.936 1.000 0.903 0.900 0.941 0.740 0.915 0.923 0.922 0.908 0.936 0.930 0.883 0.931 0.878 0.939 0.849 0.906 0.926 0.940 0.891 0.880 0.887 0.896 0.744 0.954 0.923 0.916 0.872 0.932 0.932 0.926 0.771 0.731 0.907 
0.881 0.881 0.692 0.869 0.872 0.669 0.888 0.881 0.727 0.867 0.912 0.781 0.870 0.750 0.718 0.795 0.895 0.836 0.718 0.672 0.881 0.730 0.827 0.874 0.846 0.844 0.747 0.880 0.891 0.895 0.824 0.810 0.773 0.846 0.708 0.811 0.884 0.703 0.740 0.880 0.873 0.860 0.841 0.874 0.858 0.848 0.865 0.808 0.811 0.873 0.888 0.901 0.879 0.832 0.867 0.815 0.796 0.834 0.892 0.759 0.874 0.903 1.000 0.850 0.894 0.704 0.875 0.868 0.870 0.843 0.879 0.874 0.841 0.881 0.835 0.893 0.803 0.863 0.880 0.894 0.838 0.824 0.850 0.852 0.705 0.901 0.866 0.887 0.817 0.880 0.877 0.875 0.713 0.692 0.852 
0.951 0.910 0.749 0.890 0.870 0.695 0.909 0.908 0.781 0.868 0.904 0.794 0.886 0.756 0.745 0.818 0.912 0.869 0.742 0.693 0.887 0.752 0.828 0.890 0.883 0.849 0.766 0.901 0.910 0.870 0.846 0.832 0.911 0.851 0.751 0.848 0.907 0.748 0.734 0.913 0.897 0.880 0.856 0.874 0.861 0.863 0.876 0.870 0.834 0.896 0.904 0.905 0.903 0.827 0.887 0.846 0.833 0.869 0.911 0.816 0.899 0.900 0.850 1.000 0.907 0.714 0.880 0.889 0.892 0.869 0.912 0.899 0.852 0.911 0.853 0.903 0.856 0.885 0.890 0.904 0.860 0.852 0.885 0.871 0.726 0.900 0.886 0.880 0.835 0.892 0.909 0.909 0.738 0.683 0.873 
0.946 0.939 0.752 0.917 0.913 0.690 0.944 0.936 0.771 0.923 0.955 0.820 0.925 0.815 0.781 0.828 0.955 0.894 0.775 0.731 0.936 0.773 0.862 0.939 0.905 0.899 0.792 0.927 0.938 0.924 0.879 0.875 0.827 0.881 0.761 0.862 0.937 0.759 0.782 0.944 0.924 0.909 0.879 0.911 0.893 0.886 0.906 0.857 0.874 0.921 0.959 0.952 0.931 0.877 0.911 0.893 0.832 0.868 0.946 0.817 0.951 0.941 0.894 0.907 1.000 0.739 0.913 0.918 0.953 0.923 0.934 0.932 0.897 0.931 0.889 0.949 0.848 0.927 0.943 0.967 0.904 0.879 0.889 0.903 0.753 0.951 0.923 0.921 0.870 0.929 0.952 0.935 0.777 0.724 0.899 
0.738 0.730 0.772 0.725 0.721 0.569 0.747 0.740 0.593 0.701 0.749 0.648 0.740 0.792 0.801 0.659 0.744 0.720 0.707 0.617 0.735 0.641 0.715 0.731 0.699 0.699 0.777 0.738 0.730 0.729 0.694 0.676 0.649 0.729 0.788 0.707 0.734 0.755 0.788 0.735 0.727 0.713 0.721 0.742 0.740 0.735 0.743 0.662 0.709 0.730 0.738 0.745 0.731 0.685 0.717 0.705 0.666 0.683 0.729 0.650 0.745 0.740 0.704 0.714 0.739 1.000 0.724 0.725 0.727 0.718 0.740 0.734 0.712 0.739 0.733 0.749 0.669 0.725 0.743 0.737 0.708 0.723 0.724 0.699 0.781 0.738 0.739 0.728 0.717 0.739 0.732 0.729 0.743 0.758 0.715 
0.910 0.924 0.770 0.904 0.866 0.694 0.914 0.912 0.754 0.884 0.928 0.776 0.892 0.766 0.745 0.784 0.921 0.868 0.757 0.700 0.882 0.736 0.826 0.899 0.883 0.864 0.762 0.916 0.923 0.880 0.852 0.831 0.807 0.870 0.745 0.844 0.918 0.751 0.732 0.925 0.905 0.893 0.860 0.867 0.852 0.870 0.877 0.849 0.828 0.907 0.906 0.902 0.914 0.835 0.897 0.833 0.824 0.863 0.923 0.789 0.902 0.915 0.875 0.880 0.913 0.724 1.000 0.900 0.893 0.866 0.911 0.909 0.840 0.910 0.842 0.896 0.832 0.896 0.899 0.920 0.871 0.842 0.857 0.880 0.718 0.938 0.885 0.892 0.823 0.908 0.915 0.936 0.730 0.695 0.885 
0.919 0.918 0.740 0.955 0.897 0.696 0.918 0.956 0.737 0.886 0.924 0.795 0.912 0.768 0.764 0.800 0.936 0.896 0.766 0.705 0.916 0.749 0.879 0.932 0.895 0.880 0.806 0.968 0.909 0.907 0.868 0.855 0.810 0.870 0.758 0.906 0.974 0.738 0.756 0.928 0.965 0.947 0.896 0.898 0.881 0.918 0.905 0.853 0.861 0.959 0.925 0.934 0.963 0.851 0.949 0.874 0.846 0.882 0.935 0.788 0.924 0.923 0.868 0.889 0.918 0.725 0.900 1.000 0.897 0.894 0.959 0.960 0.871 0.916 0.872 0.927 0.837 0.913 0.917 0.924 0.888 0.878 0.872 0.910 0.750 0.922 0.897 0.906 0.863 0.938 0.918 0.916 0.768 0.715 0.936 
0.926 0.920 0.742 0.904 0.891 0.678 0.926 0.916 0.761 0.894 0.936 0.790 0.917 0.796 0.764 0.814 0.935 0.876 0.756 0.717 0.910 0.778 0.843 0.916 0.892 0.876 0.773 0.924 0.917 0.901 0.862 0.848 0.813 0.867 0.743 0.846 0.913 0.748 0.759 0.928 0.900 0.886 0.859 0.897 0.884 0.873 0.893 0.850 0.855 0.919 0.923 0.929 0.908 0.854 0.893 0.862 0.820 0.839 0.927 0.807 0.925 0.922 0.870 0.892 0.953 0.727 0.893 0.897 1.000 0.900 0.914 0.905 0.879 0.913 0.868 0.922 0.822 0.900 0.914 0.931 0.881 0.863 0.872 0.881 0.730 0.932 0.899 0.903 0.855 0.910 0.921 0.918 0.759 0.707 0.879 
0.908 0.890 0.707 0.892 0.895 0.703 0.909 0.904 0.741 0.864 0.923 0.817 0.897 0.758 0.760 0.816 0.920 0.867 0.740 0.729 0.923 0.771 0.850 0.913 0.860 0.884 0.764 0.898 0.889 0.899 0.847 0.862 0.817 0.863 0.726 0.858 0.906 0.714 0.748 0.898 0.893 0.886 0.846 0.893 0.875 0.867 0.888 0.824 0.857 0.892 0.916 0.923 0.901 0.864 0.878 0.865 0.813 0.833 0.898 0.792 0.945 0.908 0.843 0.869 0.923 0.718 0.866 0.894 0.900 1.000 0.902 0.901 0.865 0.897 0.869 0.918 0.821 0.891 0.902 0.914 0.869 0.875 0.862 0.867 0.733 0.908 0.908 0.889 0.866 0.897 0.904 0.890 0.759 0.709 0.888 
0.948 0.944 0.763 0.957 0.915 0.703 0.938 0.985 0.743 0.904 0.937 0.798 0.923 0.786 0.786 0.812 0.953 0.909 0.783 0.714 0.930 0.755 0.867 0.934 0.919 0.895 0.822 0.970 0.928 0.921 0.881 0.868 0.826 0.884 0.786 0.903 0.977 0.759 0.771 0.955 0.964 0.950 0.912 0.914 0.898 0.929 0.921 0.868 0.870 0.961 0.942 0.951 0.971 0.865 0.949 0.877 0.844 0.897 0.957 0.802 0.937 0.936 0.879 0.912 0.934 0.740 0.911 0.959 0.914 0.902 1.000 0.966 0.886 0.929 0.883 0.942 0.850 0.928 0.931 0.942 0.904 0.889 0.887 0.920 0.756 0.934 0.914 0.922 0.870 0.946 0.932 0.939 0.772 0.721 0.942 
0.930 0.929 0.747 0.963 0.908 0.702 0.928 0.967 0.750 0.900 0.930 0.795 0.915 0.771 0.770 0.807 0.942 0.908 0.771 0.707 0.943 0.748 0.862 0.927 0.908 0.889 0.807 0.973 0.918 0.915 0.878 0.863 0.821 0.879 0.765 0.917 0.983 0.745 0.766 0.940 0.971 0.956 0.903 0.909 0.891 0.926 0.914 0.860 0.864 0.967 0.933 0.942 0.980 0.860 0.957 0.876 0.840 0.901 0.947 0.801 0.940 0.930 0.874 0.899 0.932 0.734 0.909 0.960 0.905 0.901 0.966 1.000 0.901 0.925 0.882 0.956 0.852 0.927 0.927 0.932 0.897 0.888 0.884 0.922 0.749 0.928 0.910 0.911 0.872 0.954 0.929 0.925 0.762 0.716 0.948 
0.879 0.862 0.718 0.874 0.887 0.679 0.883 0.887 0.727 0.854 0.893 0.777 0.868 0.761 0.738 0.790 0.892 0.848 0.721 0.722 0.922 0.758 0.819 0.877 0.864 0.846 0.762 0.880 0.864 0.869 0.828 0.824 0.775 0.841 0.716 0.824 0.889 0.725 0.733 0.873 0.877 0.862 0.830 0.888 0.880 0.844 0.864 0.806 0.822 0.878 0.892 0.922 0.883 0.823 0.867 0.827 0.787 0.821 0.883 0.777 0.897 0.883 0.841 0.852 0.897 0.712 0.840 0.871 0.879 0.865 0.886 0.901 1.000 0.872 0.862 0.934 0.783 0.866 0.885 0.885 0.843 0.839 0.839 0.854 0.721 0.879 0.878 0.871 0.833 0.885 0.875 0.861 0.729 0.694 0.855 
0.931 0.931 0.747 0.919 0.900 0.680 0.931 0.925 0.760 0.899 0.939 0.802 0.917 0.784 0.771 0.810 0.943 0.876 0.765 0.700 0.916 0.743 0.855 0.919 0.893 0.872 0.772 0.927 0.931 0.902 0.871 0.845 0.841 0.897 0.751 0.871 0.928 0.761 0.747 0.937 0.918 0.905 0.896 0.923 0.908 0.910 0.924 0.863 0.861 0.918 0.925 0.931 0.924 0.852 0.908 0.870 0.840 0.880 0.940 0.794 0.921 0.931 0.881 0.911 0.931 0.739 0.910 0.916 0.913 0.897 0.929 0.925 0.872 1.000 0.873 0.932 0.861 0.913 0.941 0.930 0.883 0.878 0.927 0.888 0.738 0.935 0.904 0.918 0.864 0.944 0.926 0.930 0.760 0.724 0.902 
0.872 0.862 0.718 0.866 0.872 0.653 0.874 0.881 0.725 0.846 0.890 0.777 0.864 0.769 0.756 0.778 0.888 0.857 0.748 0.692 0.918 0.738 0.817 0.873 0.840 0.846 0.768 0.875 0.862 0.859 0.823 0.820 0.785 0.841 0.755 0.814 0.881 0.723 0.774 0.871 0.869 0.855 0.823 0.876 0.861 0.844 0.857 0.804 0.845 0.869 0.892 0.912 0.876 0.820 0.865 0.815 0.784 0.820 0.880 0.794 0.893 0.878 0.835 0.853 0.889 0.733 0.842 0.872 0.868 0.869 0.883 0.882 0.862 0.873 1.000 0.921 0.799 0.886 0.893 0.879 0.839 0.830 0.828 0.842 0.732 0.876 0.864 0.863 0.818 0.883 0.872 0.858 0.758 0.709 0.860 
0.934 0.919 0.733 0.924 0.942 0.691 0.938 0.943 0.752 0.903 0.949 0.813 0.918 0.789 0.777 0.823 0.948 0.899 0.764 0.718 0.976 0.761 0.868 0.931 0.897 0.900 0.794 0.936 0.921 0.922 0.878 0.870 0.824 0.895 0.762 0.878 0.946 0.739 0.771 0.930 0.934 0.919 0.882 0.941 0.925 0.901 0.920 0.848 0.885 0.928 0.954 0.976 0.939 0.871 0.919 0.881 0.836 0.881 0.939 0.813 0.952 0.939 0.893 0.903 0.949 0.749 0.896 0.927 0.922 0.918 0.942 0.956 0.934 0.932 0.921 1.000 0.850 0.921 0.946 0.938 0.897 0.895 0.889 0.903 0.756 0.936 0.929 0.920 0.884 0.939 0.929 0.917 0.773 0.726 0.910 
0.859 0.847 0.670 0.838 0.808 0.652 0.843 0.851 0.703 0.808 0.847 0.781 0.826 0.696 0.678 0.754 0.851 0.800 0.680 0.630 0.826 0.674 0.767 0.833 0.814 0.784 0.698 0.849 0.857 0.819 0.791 0.759 0.776 0.788 0.684 0.796 0.856 0.676 0.682 0.850 0.843 0.828 0.798 0.811 0.799 0.810 0.818 0.777 0.786 0.841 0.841 0.841 0.850 0.765 0.831 0.788 0.803 0.858 0.857 0.729 0.857 0.849 0.803 0.856 0.848 0.669 0.832 0.837 0.822 0.821 0.850 0.852 0.783 0.861 0.799 0.850 1.000 0.843 0.839 0.845 0.793 0.794 0.820 0.816 0.657 0.847 0.832 0.816 0.781 0.844 0.852 0.851 0.678 0.631 0.822 
0.918 0.926 0.756 0.909 0.885 0.688 0.907 0.925 0.750 0.902 0.909 0.800 0.896 0.779 0.767 0.793 0.922 0.890 0.764 0.710 0.911 0.741 0.845 0.909 0.911 0.875 0.782 0.920 0.912 0.888 0.845 0.844 0.817 0.861 0.771 0.861 0.927 0.760 0.764 0.938 0.914 0.907 0.882 0.886 0.870 0.883 0.890 0.867 0.837 0.912 0.908 0.917 0.922 0.861 0.904 0.852 0.844 0.868 0.952 0.782 0.916 0.906 0.863 0.885 0.927 0.725 0.896 0.913 0.900 0.891 0.928 0.927 0.866 0.913 0.886 0.921 0.843 1.000 0.907 0.917 0.878 0.861 0.863 0.900 0.732 0.913 0.883 0.889 0.840 0.916 0.925 0.918 0.744 0.715 0.900 
0.919 0.928 0.742 0.919 0.905 0.675 0.928 0.927 0.751 0.909 0.944 0.806 0.915 0.786 0.785 0.809 0.943 0.891 0.770 0.705 0.925 0.756 0.860 0.926 0.884 0.889 0.788 0.928 0.918 0.907 0.872 0.859 0.816 0.902 0.759 0.866 0.928 0.753 0.760 0.934 0.918 0.903 0.889 0.921 0.905 0.905 0.918 0.849 0.870 0.922 0.960 0.937 0.923 0.876 0.911 0.878 0.826 0.871 0.933 0.801 0.933 0.926 0.880 0.890 0.943 0.743 0.899 0.917 0.914 0.902 0.931 0.927 0.885 0.941 0.893 0.946 0.839 0.907 1.000 0.938 0.889 0.877 0.894 0.887 0.750 0.931 0.912 0.926 0.866 0.959 0.925 0.921 0.764 0.722 0.904 
0.942 0.941 0.753 0.924 0.910 0.691 0.951 0.944 0.767 0.915 0.954 0.814 0.923 0.798 0.793 0.816 0.964 0.891 0.777 0.726 0.925 0.768 0.865 0.941 0.901 0.897 0.797 0.937 0.938 0.923 0.879 0.878 0.823 0.882 0.760 0.869 0.944 0.758 0.772 0.947 0.932 0.918 0.884 0.909 0.893 0.896 0.912 0.855 0.870 0.929 0.953 0.947 0.938 0.871 0.922 0.888 0.832 0.871 0.946 0.812 0.947 0.940 0.894 0.904 0.967 0.737 0.920 0.924 0.931 0.914 0.942 0.932 0.885 0.930 0.879 0.938 0.845 0.917 0.938 1.000 0.900 0.882 0.888 0.906 0.755 0.954 0.921 0.931 0.866 0.932 0.945 0.936 0.770 0.728 0.908 
0.895 0.894 0.715 0.887 0.888 0.722 0.900 0.906 0.727 0.888 0.900 0.763 0.878 0.750 0.739 0.787 0.909 0.862 0.760 0.752 0.886 0.743 0.832 0.902 0.862 0.893 0.754 0.895 0.883 0.880 0.838 0.869 0.794 0.850 0.727 0.857 0.906 0.716 0.731 0.903 0.894 0.900 0.848 0.874 0.857 0.861 0.875 0.826 0.846 0.888 0.903 0.905 0.901 0.848 0.882 0.848 0.799 0.836 0.901 0.796 0.896 0.891 0.838 0.860 0.904 0.708 0.871 0.888 0.881 0.869 0.904 0.897 0.843 0.883 0.839 0.897 0.793 0.878 0.889 0.900 1.000 0.861 0.846 0.892 0.720 0.893 0.879 0.877 0.849 0.889 0.894 0.890 0.751 0.703 0.879 
0.881 0.872 0.688 0.875 0.885 0.674 0.889 0.896 0.717 0.851 0.885 0.777 0.870 0.723 0.764 0.777 0.893 0.841 0.718 0.688 0.884 0.729 0.870 0.880 0.841 0.849 0.741 0.886 0.867 0.862 0.827 0.832 0.796 0.868 0.713 0.965 0.888 0.696 0.709 0.883 0.891 0.874 0.863 0.897 0.881 0.882 0.921 0.852 0.821 0.878 0.883 0.895 0.886 0.820 0.868 0.908 0.806 0.822 0.882 0.758 0.889 0.880 0.824 0.852 0.879 0.723 0.842 0.878 0.863 0.875 0.889 0.888 0.839 0.878 0.830 0.895 0.794 0.861 0.877 0.882 0.861 1.000 0.861 0.857 0.741 0.881 0.892 0.881 0.956 0.884 0.875 0.872 0.729 0.727 0.861 
0.888 0.888 0.717 0.885 0.900 0.682 0.891 0.879 0.736 0.862 0.895 0.792 0.882 0.745 0.741 0.795 0.894 0.839 0.724 0.672 0.876 0.736 0.826 0.877 0.853 0.846 0.746 0.884 0.880 0.868 0.835 0.819 0.819 0.915 0.717 0.857 0.883 0.729 0.718 0.893 0.879 0.867 0.915 0.943 0.930 0.923 0.939 0.832 0.820 0.881 0.886 0.890 0.881 0.832 0.869 0.850 0.807 0.845 0.888 0.770 0.885 0.887 0.850 0.885 0.889 0.724 0.857 0.872 0.872 0.862 0.887 0.884 0.839 0.927 0.828 0.889 0.820 0.863 0.894 0.888 0.846 0.861 1.000 0.849 0.712 0.890 0.872 0.889 0.855 0.895 0.883 0.886 0.728 0.713 0.862 
0.898 0.907 0.727 0.913 0.876 0.691 0.896 0.926 0.734 0.894 0.896 0.774 0.886 0.752 0.744 0.781 0.911 0.872 0.774 0.714 0.891 0.746 0.845 0.913 0.891 0.864 0.773 0.923 0.897 0.883 0.853 0.870 0.804 0.839 0.743 0.867 0.931 0.729 0.738 0.914 0.918 0.907 0.865 0.869 0.853 0.867 0.875 0.846 0.857 0.920 0.901 0.909 0.925 0.851 0.912 0.843 0.822 0.862 0.927 0.791 0.900 0.896 0.852 0.871 0.903 0.699 0.880 0.910 0.881 0.867 0.920 0.922 0.854 0.888 0.842 0.903 0.816 0.900 0.887 0.906 0.892 0.857 0.849 1.000 0.726 0.895 0.877 0.882 0.837 0.902 0.901 0.901 0.753 0.691 0.897 
0.747 0.745 0.798 0.744 0.739 0.554 0.767 0.759 0.599 0.717 0.761 0.659 0.739 0.866 0.888 0.657 0.757 0.730 0.775 0.614 0.748 0.634 0.738 0.759 0.713 0.727 0.857 0.751 0.735 0.744 0.704 0.708 0.662 0.716 0.811 0.738 0.758 0.823 0.800 0.746 0.761 0.742 0.722 0.736 0.724 0.733 0.732 0.664 0.722 0.750 0.763 0.763 0.752 0.695 0.746 0.737 0.677 0.693 0.743 0.653 0.765 0.744 0.705 0.726 0.753 0.781 0.718 0.750 0.730 0.733 0.756 0.749 0.721 0.738 0.732 0.756 0.657 0.732 0.750 0.755 0.720 0.741 0.712 0.726 1.000 0.749 0.756 0.737 0.739 0.745 0.749 0.742 0.814 0.831 0.737 
0.937 0.941 0.757 0.924 0.907 0.690 0.944 0.934 0.767 0.911 0.966 0.812 0.925 0.806 0.784 0.814 0.964 0.890 0.778 0.724 0.923 0.767 0.860 0.931 0.901 0.890 0.789 0.936 0.937 0.914 0.879 0.860 0.824 0.889 0.765 0.864 0.939 0.763 0.773 0.946 0.925 0.913 0.878 0.909 0.894 0.894 0.916 0.860 0.866 0.927 0.937 0.944 0.934 0.865 0.918 0.868 0.832 0.877 0.942 0.814 0.936 0.954 0.901 0.900 0.951 0.738 0.938 0.922 0.932 0.908 0.934 0.928 0.879 0.935 0.876 0.936 0.847 0.913 0.931 0.954 0.893 0.881 0.890 0.895 0.749 1.000 0.915 0.924 0.863 0.935 0.945 0.947 0.768 0.732 0.906 
0.919 0.899 0.719 0.892 0.908 0.684 0.931 0.917 0.741 0.872 0.936 0.803 0.889 0.765 0.771 0.811 0.927 0.871 0.737 0.701 0.917 0.750 0.853 0.917 0.872 0.879 0.773 0.906 0.907 0.905 0.860 0.852 0.811 0.873 0.740 0.876 0.917 0.719 0.751 0.905 0.912 0.895 0.865 0.904 0.888 0.882 0.900 0.823 0.860 0.897 0.922 0.931 0.910 0.846 0.892 0.884 0.827 0.853 0.907 0.792 0.932 0.923 0.866 0.886 0.923 0.739 0.885 0.897 0.899 0.908 0.914 0.910 0.878 0.904 0.864 0.929 0.832 0.883 0.912 0.921 0.879 0.892 0.872 0.877 0.756 0.915 1.000 0.894 0.886 0.908 0.912 0.900 0.760 0.714 0.884 
0.914 0.922 0.731 0.913 0.898 0.676 0.921 0.915 0.754 0.887 0.931 0.802 0.902 0.771 0.778 0.799 0.935 0.867 0.766 0.695 0.911 0.753 0.880 0.916 0.874 0.877 0.778 0.918 0.908 0.894 0.865 0.860 0.810 0.891 0.737 0.866 0.917 0.749 0.740 0.925 0.909 0.903 0.889 0.919 0.903 0.901 0.921 0.847 0.850 0.910 0.923 0.927 0.915 0.859 0.897 0.865 0.819 0.853 0.917 0.786 0.921 0.916 0.887 0.880 0.921 0.728 0.892 0.906 0.903 0.889 0.922 0.911 0.871 0.918 0.863 0.920 0.816 0.889 0.926 0.931 0.877 0.881 0.889 0.882 0.737 0.924 0.894 1.000 0.860 0.923 0.910 0.917 0.752 0.730 0.894 
0.864 0.853 0.677 0.862 0.875 0.674 0.877 0.877 0.702 0.833 0.875 0.781 0.857 0.716 0.739 0.784 0.872 0.826 0.697 0.680 0.874 0.736 0.827 0.867 0.820 0.837 0.737 0.871 0.848 0.869 0.812 0.817 0.779 0.851 0.687 0.950 0.873 0.689 0.705 0.862 0.876 0.859 0.843 0.887 0.874 0.866 0.879 0.830 0.823 0.865 0.869 0.885 0.870 0.806 0.853 0.896 0.787 0.804 0.860 0.747 0.881 0.872 0.817 0.835 0.870 0.717 0.823 0.863 0.855 0.866 0.870 0.872 0.833 0.864 0.818 0.884 0.781 0.840 0.866 0.866 0.849 0.956 0.855 0.837 0.739 0.863 0.886 0.860 1.000 0.869 0.858 0.853 0.726 0.724 0.846 
0.924 0.928 0.747 0.946 0.906 0.686 0.928 0.943 0.749 0.905 0.939 0.800 0.920 0.781 0.780 0.807 0.947 0.922 0.772 0.700 0.927 0.753 0.862 0.922 0.897 0.886 0.804 0.953 0.919 0.908 0.877 0.855 0.818 0.907 0.761 0.891 0.953 0.755 0.756 0.939 0.944 0.929 0.899 0.923 0.909 0.918 0.926 0.860 0.861 0.947 0.932 0.939 0.949 0.868 0.935 0.870 0.833 0.887 0.944 0.796 0.931 0.932 0.880 0.892 0.929 0.739 0.908 0.938 0.910 0.897 0.946 0.954 0.885 0.944 0.883 0.939 0.844 0.916 0.959 0.932 0.889 0.884 0.895 0.902 0.745 0.935 0.908 0.923 0.869 1.000 0.920 0.928 0.763 0.724 0.928 
0.945 0.942 0.753 0.917 0.898 0.686 0.940 0.934 0.778 0.907 0.942 0.807 0.915 0.786 0.767 0.814 0.944 0.882 0.775 0.717 0.918 0.758 0.855 0.923 0.900 0.883 0.777 0.929 0.935 0.911 0.869 0.856 0.832 0.877 0.765 0.866 0.936 0.761 0.773 0.945 0.924 0.910 0.883 0.899 0.884 0.890 0.906 0.857 0.856 0.921 0.935 0.932 0.930 0.861 0.912 0.876 0.840 0.878 0.942 0.799 0.932 0.932 0.877 0.909 0.952 0.732 0.915 0.918 0.921 0.904 0.932 0.929 0.875 0.926 0.872 0.929 0.852 0.925 0.925 0.945 0.894 0.875 0.883 0.901 0.749 0.945 0.912 0.910 0.858 0.920 1.000 0.941 0.757 0.722 0.903 
0.945 0.980 0.794 0.921 0.892 0.686 0.934 0.933 0.769 0.908 0.936 0.795 0.914 0.790 0.776 0.805 0.944 0.883 0.784 0.706 0.903 0.749 0.847 0.920 0.908 0.880 0.785 0.931 0.946 0.903 0.876 0.851 0.829 0.879 0.772 0.867 0.934 0.788 0.758 0.974 0.921 0.913 0.889 0.897 0.883 0.894 0.908 0.870 0.847 0.923 0.926 0.925 0.931 0.854 0.909 0.861 0.839 0.881 0.948 0.794 0.923 0.926 0.875 0.909 0.935 0.729 0.936 0.916 0.918 0.890 0.939 0.925 0.861 0.930 0.858 0.917 0.851 0.918 0.921 0.936 0.890 0.872 0.886 0.901 0.742 0.947 0.900 0.917 0.853 0.928 0.941 1.000 0.756 0.720 0.907 
0.763 0.758 0.751 0.759 0.746 0.578 0.769 0.768 0.622 0.734 0.780 0.681 0.763 0.822 0.817 0.681 0.778 0.755 0.848 0.651 0.764 0.677 0.744 0.779 0.732 0.731 0.803 0.767 0.750 0.759 0.754 0.735 0.677 0.723 0.745 0.718 0.770 0.768 0.768 0.763 0.769 0.747 0.733 0.753 0.739 0.748 0.750 0.689 0.782 0.764 0.777 0.786 0.771 0.709 0.749 0.730 0.684 0.704 0.758 0.683 0.775 0.771 0.713 0.738 0.777 0.743 0.730 0.768 0.759 0.759 0.772 0.762 0.729 0.760 0.758 0.773 0.678 0.744 0.764 0.770 0.751 0.729 0.728 0.753 0.814 0.768 0.760 0.752 0.726 0.763 0.757 0.756 1.000 0.774 0.744 
0.716 0.717 0.788 0.713 0.718 0.561 0.727 0.715 0.599 0.698 0.743 0.659 0.706 0.852 0.856 0.663 0.738 0.700 0.754 0.614 0.719 0.642 0.696 0.723 0.686 0.696 0.829 0.716 0.719 0.726 0.674 0.666 0.637 0.705 0.776 0.713 0.720 0.831 0.792 0.726 0.712 0.712 0.710 0.733 0.721 0.720 0.734 0.685 0.691 0.707 0.719 0.729 0.716 0.678 0.709 0.691 0.636 0.665 0.720 0.633 0.724 0.731 0.692 0.683 0.724 0.758 0.695 0.715 0.707 0.709 0.721 0.716 0.694 0.724 0.709 0.726 0.631 0.715 0.722 0.728 0.703 0.727 0.713 0.691 0.831 0.732 0.714 0.730 0.724 0.724 0.722 0.720 0.774 1.000 0.708 
0.903 0.910 0.737 0.942 0.893 0.702 0.905 0.941 0.732 0.885 0.907 0.762 0.889 0.756 0.759 0.786 0.924 0.881 0.759 0.702 0.912 0.734 0.840 0.897 0.882 0.879 0.787 0.953 0.899 0.885 0.858 0.852 0.807 0.858 0.751 0.893 0.959 0.736 0.743 0.922 0.948 0.949 0.882 0.886 0.870 0.903 0.893 0.838 0.855 0.945 0.906 0.915 0.948 0.847 0.936 0.848 0.814 0.876 0.927 0.777 0.904 0.907 0.852 0.873 0.899 0.715 0.885 0.936 0.879 0.888 0.942 0.948 0.855 0.902 0.860 0.910 0.822 0.900 0.904 0.908 0.879 0.861 0.862 0.897 0.737 0.906 0.884 0.894 0.846 0.928 0.903 0.907 0.744 0.708 1.000 
