0 0.000 0.010 0.024 0.014 0.016 0.031 0.020 0.013 0.016 0.013 0.008 0.020 0.020 0.014 0.014 0.018 0.012 0.013 0.020 0.040 0.012 0.027 0.018 0.017 0.013 0.016 0.014 0.013 0.010 0.013 0.016 0.022 0.019 0.020 0.012 0.011 0.011 0.023 0.014 0.010 0.008 0.014 0.015 0.015 0.018 0.014 0.015 0.018 0.022 0.009 0.012 0.012 0.012 0.021 0.011 0.015 0.014 0.017 0.012 0.021 0.011 0.020 0.014 0.000 0.010 0.020 0.013 0.016 0.014 0.012 0.007 0.012 0.015 0.018 0.017 0.013 0.018 0.013 0.012 0.011 0.017 0.013 0.022 0.020 0.014 0.009 0.013 0.012 0.013 0.011 0.013 0.013 0.018 0.016 0.013 
1 0.010 0.000 0.023 0.013 0.018 0.031 0.019 0.011 0.015 0.013 0.011 0.020 0.019 0.015 0.013 0.019 0.012 0.014 0.022 0.040 0.013 0.027 0.016 0.018 0.015 0.017 0.014 0.011 0.010 0.014 0.016 0.022 0.019 0.020 0.012 0.009 0.011 0.022 0.014 0.006 0.009 0.015 0.014 0.016 0.019 0.014 0.016 0.015 0.022 0.009 0.013 0.014 0.012 0.021 0.012 0.016 0.013 0.018 0.011 0.022 0.014 0.019 0.014 0.010 0.010 0.020 0.015 0.016 0.017 0.014 0.009 0.012 0.015 0.017 0.018 0.014 0.019 0.013 0.011 0.010 0.017 0.013 0.022 0.020 0.012 0.009 0.015 0.011 0.013 0.011 0.014 0.011 0.020 0.016 0.013 
2 0.024 0.023 0.000 0.024 0.027 0.023 0.019 0.024 0.024 0.025 0.024 0.024 0.018 0.025 0.025 0.023 0.025 0.025 0.030 0.040 0.024 0.020 0.022 0.027 0.021 0.026 0.024 0.024 0.024 0.024 0.024 0.031 0.030 0.026 0.026 0.024 0.024 0.013 0.024 0.023 0.023 0.026 0.025 0.025 0.026 0.025 0.025 0.025 0.028 0.023 0.025 0.025 0.024 0.028 0.025 0.023 0.020 0.024 0.025 0.028 0.025 0.018 0.025 0.024 0.024 0.023 0.023 0.026 0.025 0.025 0.023 0.024 0.026 0.027 0.027 0.024 0.024 0.024 0.024 0.024 0.027 0.024 0.023 0.028 0.024 0.024 0.025 0.024 0.024 0.024 0.025 0.024 0.028 0.025 0.025 
3 0.014 0.013 0.024 0.000 0.018 0.030 0.020 0.013 0.017 0.016 0.014 0.018 0.019 0.017 0.015 0.020 0.012 0.015 0.022 0.040 0.014 0.025 0.018 0.019 0.017 0.017 0.015 0.012 0.012 0.012 0.018 0.023 0.022 0.020 0.016 0.014 0.013 0.023 0.013 0.012 0.013 0.016 0.015 0.017 0.019 0.015 0.016 0.019 0.023 0.014 0.014 0.014 0.013 0.022 0.013 0.014 0.015 0.014 0.013 0.023 0.014 0.020 0.016 0.014 0.014 0.021 0.017 0.017 0.017 0.015 0.013 0.013 0.019 0.019 0.018 0.014 0.020 0.017 0.013 0.014 0.019 0.015 0.021 0.021 0.015 0.013 0.016 0.015 0.011 0.013 0.011 0.013 0.021 0.016 0.014 
4 0.016 0.018 0.027 0.018 0.000 0.028 0.023 0.015 0.020 0.019 0.017 0.022 0.023 0.020 0.019 0.022 0.015 0.013 0.022 0.038 0.014 0.030 0.020 0.014 0.018 0.011 0.019 0.016 0.016 0.016 0.019 0.022 0.022 0.023 0.017 0.018 0.014 0.026 0.017 0.017 0.017 0.010 0.014 0.013 0.015 0.013 0.014 0.022 0.022 0.016 0.012 0.011 0.013 0.024 0.016 0.019 0.017 0.019 0.015 0.020 0.015 0.022 0.016 0.016 0.018 0.023 0.018 0.014 0.019 0.015 0.016 0.015 0.020 0.020 0.017 0.013 0.020 0.018 0.016 0.017 0.017 0.018 0.023 0.019 0.017 0.017 0.016 0.017 0.018 0.016 0.016 0.017 0.020 0.014 0.013 
5 0.031 0.031 0.023 0.030 0.028 0.000 0.027 0.030 0.030 0.030 0.031 0.028 0.026 0.032 0.031 0.030 0.030 0.030 0.031 0.035 0.031 0.023 0.028 0.028 0.027 0.027 0.030 0.031 0.030 0.030 0.031 0.030 0.034 0.030 0.032 0.031 0.029 0.024 0.029 0.031 0.030 0.027 0.029 0.030 0.031 0.029 0.030 0.032 0.029 0.030 0.029 0.030 0.029 0.031 0.030 0.028 0.027 0.028 0.030 0.030 0.031 0.026 0.030 0.031 0.032 0.030 0.030 0.029 0.031 0.030 0.030 0.030 0.033 0.033 0.032 0.030 0.030 0.030 0.030 0.030 0.029 0.031 0.030 0.030 0.031 0.030 0.031 0.031 0.030 0.030 0.030 0.031 0.030 0.029 0.028 
6 0.020 0.019 0.019 0.020 0.023 0.027 0.000 0.019 0.022 0.022 0.020 0.022 0.013 0.022 0.021 0.021 0.020 0.021 0.027 0.040 0.020 0.024 0.020 0.023 0.018 0.023 0.021 0.020 0.020 0.021 0.021 0.027 0.025 0.023 0.021 0.020 0.020 0.014 0.022 0.020 0.020 0.022 0.021 0.022 0.024 0.022 0.022 0.023 0.027 0.021 0.020 0.021 0.020 0.025 0.020 0.020 0.019 0.021 0.019 0.025 0.022 0.012 0.021 0.020 0.020 0.022 0.023 0.023 0.022 0.022 0.020 0.020 0.023 0.021 0.022 0.020 0.021 0.022 0.020 0.020 0.022 0.020 0.018 0.026 0.020 0.020 0.021 0.020 0.020 0.020 0.022 0.020 0.024 0.022 0.021 
7 0.013 0.011 0.024 0.013 0.015 0.030 0.019 0.000 0.017 0.015 0.013 0.020 0.019 0.017 0.015 0.020 0.007 0.011 0.021 0.039 0.011 0.027 0.015 0.016 0.016 0.015 0.014 0.009 0.010 0.013 0.017 0.021 0.021 0.020 0.014 0.012 0.006 0.022 0.014 0.010 0.011 0.012 0.014 0.016 0.018 0.013 0.015 0.018 0.022 0.012 0.010 0.010 0.008 0.021 0.011 0.016 0.012 0.016 0.004 0.020 0.013 0.018 0.015 0.013 0.014 0.020 0.015 0.015 0.017 0.014 0.012 0.009 0.017 0.017 0.016 0.011 0.019 0.015 0.011 0.012 0.015 0.013 0.021 0.019 0.013 0.012 0.013 0.013 0.013 0.010 0.013 0.008 0.020 0.016 0.009 
8 0.016 0.015 0.024 0.017 0.020 0.030 0.022 0.017 0.000 0.018 0.016 0.021 0.022 0.018 0.017 0.021 0.017 0.017 0.023 0.038 0.019 0.027 0.017 0.020 0.019 0.020 0.018 0.017 0.015 0.019 0.019 0.023 0.022 0.023 0.015 0.015 0.015 0.023 0.016 0.015 0.015 0.018 0.018 0.019 0.021 0.018 0.019 0.018 0.024 0.015 0.017 0.018 0.016 0.025 0.015 0.019 0.015 0.020 0.016 0.023 0.017 0.021 0.017 0.016 0.016 0.023 0.018 0.019 0.018 0.018 0.015 0.017 0.018 0.020 0.020 0.019 0.021 0.017 0.017 0.015 0.020 0.017 0.024 0.022 0.017 0.016 0.018 0.017 0.017 0.015 0.017 0.017 0.022 0.019 0.017 
9 0.013 0.013 0.025 0.016 0.019 0.030 0.022 0.015 0.018 0.000 0.013 0.022 0.022 0.016 0.014 0.020 0.016 0.016 0.022 0.039 0.016 0.027 0.020 0.018 0.017 0.018 0.017 0.015 0.013 0.016 0.018 0.022 0.020 0.022 0.014 0.013 0.014 0.025 0.015 0.013 0.011 0.017 0.017 0.017 0.020 0.016 0.017 0.019 0.021 0.012 0.016 0.016 0.015 0.021 0.014 0.018 0.016 0.019 0.015 0.023 0.015 0.022 0.016 0.013 0.013 0.021 0.016 0.018 0.017 0.015 0.010 0.015 0.017 0.020 0.020 0.016 0.020 0.008 0.015 0.014 0.019 0.016 0.024 0.019 0.016 0.013 0.017 0.015 0.016 0.015 0.015 0.015 0.019 0.018 0.015 
10 0.008 0.011 0.024 0.014 0.017 0.031 0.020 0.013 0.016 0.013 0.000 0.021 0.020 0.013 0.014 0.018 0.012 0.013 0.021 0.040 0.013 0.027 0.017 0.017 0.014 0.016 0.015 0.013 0.011 0.013 0.016 0.023 0.020 0.020 0.012 0.011 0.012 0.023 0.013 0.010 0.009 0.015 0.015 0.015 0.018 0.015 0.016 0.018 0.022 0.010 0.012 0.012 0.012 0.021 0.011 0.014 0.015 0.017 0.013 0.021 0.011 0.020 0.014 0.008 0.009 0.020 0.014 0.016 0.014 0.011 0.008 0.013 0.014 0.019 0.017 0.013 0.019 0.013 0.012 0.011 0.017 0.013 0.023 0.020 0.013 0.009 0.014 0.012 0.014 0.012 0.013 0.014 0.019 0.016 0.013 
11 0.020 0.020 0.024 0.018 0.022 0.028 0.022 0.020 0.021 0.022 0.021 0.000 0.021 0.022 0.021 0.023 0.020 0.021 0.026 0.041 0.021 0.027 0.020 0.022 0.021 0.021 0.020 0.020 0.020 0.019 0.020 0.026 0.024 0.020 0.021 0.020 0.020 0.023 0.019 0.020 0.020 0.020 0.019 0.020 0.022 0.019 0.020 0.023 0.027 0.020 0.020 0.021 0.020 0.024 0.020 0.018 0.019 0.013 0.020 0.026 0.019 0.022 0.020 0.020 0.021 0.023 0.021 0.021 0.020 0.020 0.020 0.020 0.024 0.021 0.023 0.021 0.019 0.022 0.020 0.021 0.022 0.020 0.021 0.024 0.020 0.020 0.021 0.020 0.019 0.020 0.018 0.020 0.022 0.019 0.020 
12 0.020 0.019 0.018 0.019 0.023 0.026 0.013 0.019 0.022 0.022 0.020 0.021 0.000 0.022 0.022 0.021 0.019 0.020 0.027 0.039 0.019 0.023 0.019 0.023 0.018 0.022 0.020 0.018 0.019 0.020 0.020 0.026 0.026 0.022 0.021 0.020 0.019 0.016 0.020 0.019 0.020 0.022 0.021 0.021 0.023 0.021 0.021 0.022 0.027 0.021 0.019 0.020 0.019 0.025 0.020 0.019 0.018 0.020 0.019 0.024 0.021 0.011 0.021 0.020 0.020 0.022 0.023 0.022 0.021 0.021 0.020 0.019 0.023 0.021 0.022 0.019 0.021 0.022 0.019 0.020 0.022 0.019 0.019 0.025 0.019 0.020 0.021 0.020 0.020 0.019 0.020 0.018 0.025 0.021 0.020 
13 0.014 0.015 0.025 0.017 0.020 0.032 0.022 0.017 0.018 0.016 0.013 0.022 0.022 0.000 0.017 0.020 0.017 0.017 0.023 0.038 0.017 0.028 0.020 0.020 0.017 0.019 0.018 0.017 0.015 0.017 0.019 0.025 0.023 0.022 0.017 0.015 0.016 0.024 0.016 0.014 0.014 0.019 0.018 0.019 0.015 0.018 0.019 0.016 0.024 0.015 0.017 0.017 0.016 0.024 0.016 0.018 0.017 0.020 0.017 0.023 0.015 0.022 0.017 0.014 0.014 0.021 0.018 0.019 0.015 0.016 0.014 0.017 0.016 0.021 0.020 0.018 0.021 0.017 0.017 0.015 0.020 0.017 0.024 0.023 0.017 0.015 0.018 0.016 0.017 0.016 0.017 0.017 0.022 0.019 0.017 
14 0.014 0.013 0.025 0.015 0.019 0.031 0.021 0.015 0.017 0.014 0.014 0.021 0.022 0.017 0.000 0.021 0.016 0.016 0.021 0.039 0.016 0.027 0.018 0.018 0.018 0.018 0.017 0.015 0.013 0.016 0.019 0.021 0.021 0.022 0.016 0.011 0.014 0.024 0.015 0.012 0.013 0.017 0.016 0.017 0.020 0.015 0.016 0.019 0.023 0.014 0.016 0.016 0.015 0.023 0.014 0.017 0.017 0.019 0.015 0.023 0.016 0.022 0.017 0.014 0.013 0.022 0.018 0.019 0.019 0.016 0.013 0.014 0.018 0.019 0.020 0.016 0.021 0.015 0.014 0.014 0.019 0.013 0.023 0.020 0.015 0.013 0.017 0.014 0.013 0.014 0.015 0.015 0.020 0.017 0.015 
15 0.018 0.019 0.023 0.020 0.022 0.030 0.021 0.020 0.021 0.020 0.018 0.023 0.021 0.020 0.021 0.000 0.019 0.019 0.025 0.037 0.018 0.027 0.023 0.022 0.016 0.021 0.021 0.019 0.019 0.019 0.021 0.027 0.026 0.024 0.021 0.019 0.019 0.023 0.020 0.019 0.018 0.021 0.020 0.020 0.021 0.020 0.020 0.023 0.026 0.018 0.019 0.019 0.019 0.026 0.020 0.020 0.020 0.021 0.019 0.023 0.018 0.021 0.020 0.018 0.019 0.024 0.019 0.021 0.019 0.019 0.018 0.019 0.019 0.022 0.021 0.019 0.021 0.020 0.019 0.019 0.023 0.020 0.021 0.024 0.021 0.019 0.019 0.020 0.020 0.019 0.020 0.020 0.024 0.020 0.020 
16 0.012 0.012 0.025 0.012 0.015 0.030 0.020 0.007 0.017 0.016 0.012 0.020 0.019 0.017 0.016 0.019 0.000 0.011 0.020 0.039 0.010 0.027 0.016 0.016 0.015 0.014 0.015 0.010 0.011 0.013 0.017 0.020 0.021 0.020 0.014 0.014 0.009 0.023 0.014 0.012 0.012 0.013 0.015 0.015 0.018 0.014 0.015 0.019 0.022 0.012 0.008 0.009 0.009 0.021 0.011 0.016 0.013 0.016 0.006 0.020 0.012 0.018 0.015 0.012 0.014 0.020 0.014 0.014 0.016 0.013 0.012 0.010 0.017 0.017 0.015 0.010 0.020 0.016 0.011 0.013 0.016 0.014 0.021 0.019 0.014 0.013 0.012 0.014 0.013 0.011 0.012 0.009 0.019 0.015 0.011 
17 0.013 0.014 0.025 0.015 0.013 0.030 0.021 0.011 0.017 0.016 0.013 0.021 0.020 0.017 0.016 0.019 0.011 0.000 0.020 0.039 0.010 0.028 0.017 0.015 0.016 0.014 0.015 0.011 0.012 0.013 0.017 0.021 0.021 0.021 0.014 0.014 0.009 0.024 0.014 0.013 0.013 0.012 0.013 0.013 0.017 0.013 0.014 0.019 0.021 0.013 0.009 0.008 0.008 0.022 0.012 0.016 0.014 0.017 0.011 0.019 0.012 0.019 0.014 0.013 0.015 0.021 0.015 0.014 0.016 0.014 0.013 0.010 0.018 0.018 0.015 0.010 0.018 0.015 0.012 0.013 0.017 0.014 0.021 0.019 0.014 0.013 0.013 0.015 0.014 0.012 0.013 0.013 0.020 0.015 0.012 
18 0.020 0.022 0.030 0.022 0.022 0.031 0.027 0.021 0.023 0.022 0.021 0.026 0.027 0.023 0.021 0.025 0.020 0.020 0.000 0.034 0.021 0.030 0.023 0.021 0.022 0.023 0.022 0.021 0.021 0.021 0.024 0.019 0.026 0.026 0.021 0.021 0.020 0.030 0.022 0.022 0.020 0.022 0.022 0.022 0.024 0.022 0.023 0.025 0.022 0.020 0.020 0.020 0.020 0.022 0.021 0.022 0.022 0.023 0.021 0.023 0.019 0.027 0.022 0.020 0.022 0.027 0.021 0.021 0.021 0.019 0.020 0.021 0.024 0.024 0.023 0.021 0.025 0.021 0.021 0.021 0.023 0.022 0.027 0.020 0.023 0.021 0.021 0.022 0.022 0.021 0.021 0.022 0.023 0.022 0.021 
19 0.040 0.040 0.040 0.040 0.038 0.035 0.040 0.039 0.038 0.039 0.040 0.041 0.039 0.038 0.039 0.037 0.039 0.039 0.034 0.000 0.040 0.037 0.040 0.038 0.038 0.038 0.039 0.039 0.039 0.039 0.041 0.035 0.044 0.043 0.041 0.040 0.039 0.041 0.040 0.040 0.040 0.038 0.040 0.040 0.038 0.039 0.040 0.039 0.035 0.040 0.039 0.039 0.039 0.039 0.040 0.039 0.039 0.040 0.039 0.035 0.040 0.039 0.040 0.040 0.041 0.041 0.039 0.038 0.039 0.040 0.040 0.039 0.038 0.042 0.039 0.039 0.041 0.039 0.039 0.040 0.039 0.040 0.040 0.036 0.040 0.040 0.040 0.040 0.040 0.039 0.040 0.039 0.039 0.040 0.038 
20 0.012 0.013 0.024 0.014 0.014 0.031 0.020 0.011 0.019 0.016 0.013 0.021 0.019 0.017 0.016 0.018 0.010 0.010 0.021 0.040 0.000 0.028 0.017 0.016 0.015 0.015 0.016 0.011 0.012 0.012 0.016 0.021 0.021 0.020 0.014 0.014 0.011 0.023 0.015 0.013 0.012 0.014 0.014 0.013 0.017 0.014 0.015 0.019 0.021 0.013 0.009 0.008 0.010 0.021 0.014 0.016 0.014 0.017 0.011 0.019 0.013 0.019 0.015 0.013 0.014 0.020 0.015 0.015 0.016 0.014 0.013 0.009 0.018 0.017 0.013 0.006 0.019 0.016 0.012 0.014 0.017 0.014 0.020 0.019 0.014 0.014 0.013 0.014 0.014 0.013 0.014 0.011 0.020 0.016 0.013 
21 0.027 0.027 0.020 0.025 0.030 0.023 0.024 0.027 0.027 0.027 0.027 0.027 0.023 0.028 0.027 0.027 0.027 0.028 0.030 0.037 0.028 0.000 0.025 0.029 0.025 0.028 0.028 0.027 0.028 0.027 0.028 0.028 0.032 0.027 0.029 0.028 0.028 0.021 0.027 0.027 0.027 0.029 0.029 0.029 0.030 0.029 0.029 0.029 0.026 0.027 0.028 0.028 0.028 0.028 0.027 0.026 0.025 0.027 0.027 0.030 0.028 0.023 0.028 0.027 0.027 0.027 0.028 0.029 0.027 0.027 0.027 0.028 0.030 0.030 0.029 0.028 0.030 0.027 0.028 0.028 0.029 0.028 0.027 0.028 0.028 0.028 0.028 0.028 0.027 0.028 0.027 0.027 0.028 0.028 0.028 
22 0.018 0.016 0.022 0.018 0.020 0.028 0.020 0.015 0.017 0.020 0.017 0.020 0.019 0.020 0.018 0.023 0.016 0.017 0.023 0.040 0.017 0.025 0.000 0.019 0.020 0.020 0.019 0.017 0.016 0.018 0.018 0.022 0.023 0.022 0.018 0.017 0.016 0.020 0.018 0.017 0.017 0.019 0.019 0.020 0.022 0.019 0.020 0.021 0.024 0.017 0.016 0.017 0.016 0.023 0.017 0.018 0.012 0.020 0.015 0.023 0.019 0.017 0.017 0.018 0.017 0.021 0.020 0.018 0.020 0.019 0.017 0.017 0.020 0.020 0.020 0.017 0.019 0.019 0.016 0.017 0.016 0.015 0.023 0.022 0.015 0.017 0.018 0.017 0.018 0.017 0.018 0.015 0.021 0.020 0.017 
23 0.017 0.018 0.027 0.019 0.014 0.028 0.023 0.016 0.020 0.018 0.017 0.022 0.023 0.020 0.018 0.022 0.016 0.015 0.021 0.038 0.016 0.029 0.019 0.000 0.019 0.014 0.018 0.017 0.016 0.017 0.020 0.021 0.023 0.024 0.017 0.018 0.015 0.026 0.017 0.018 0.017 0.014 0.016 0.016 0.020 0.016 0.017 0.022 0.021 0.016 0.015 0.015 0.014 0.023 0.017 0.018 0.017 0.019 0.016 0.022 0.016 0.022 0.018 0.017 0.018 0.024 0.018 0.012 0.019 0.017 0.017 0.016 0.020 0.022 0.020 0.016 0.021 0.018 0.016 0.017 0.018 0.018 0.024 0.018 0.018 0.017 0.016 0.018 0.018 0.017 0.017 0.017 0.016 0.017 0.015 
24 0.013 0.015 0.021 0.017 0.018 0.027 0.018 0.016 0.019 0.017 0.014 0.021 0.018 0.017 0.018 0.016 0.015 0.016 0.022 0.038 0.015 0.025 0.020 0.019 0.000 0.018 0.017 0.016 0.015 0.017 0.019 0.024 0.023 0.021 0.017 0.016 0.015 0.020 0.017 0.015 0.014 0.017 0.017 0.018 0.019 0.017 0.018 0.021 0.024 0.014 0.015 0.015 0.015 0.023 0.016 0.018 0.016 0.018 0.016 0.022 0.014 0.018 0.017 0.013 0.016 0.021 0.015 0.018 0.016 0.015 0.013 0.015 0.019 0.020 0.020 0.016 0.020 0.017 0.016 0.015 0.020 0.018 0.021 0.022 0.018 0.015 0.015 0.017 0.017 0.015 0.016 0.017 0.021 0.018 0.016 
25 0.016 0.017 0.026 0.017 0.011 0.027 0.023 0.015 0.020 0.018 0.016 0.021 0.022 0.019 0.018 0.021 0.014 0.014 0.023 0.038 0.015 0.028 0.020 0.014 0.018 0.000 0.018 0.016 0.015 0.014 0.020 0.022 0.023 0.023 0.017 0.017 0.014 0.026 0.015 0.016 0.016 0.011 0.015 0.015 0.018 0.014 0.016 0.022 0.022 0.016 0.013 0.013 0.013 0.024 0.016 0.018 0.017 0.018 0.015 0.021 0.016 0.022 0.016 0.016 0.017 0.023 0.017 0.014 0.019 0.015 0.016 0.015 0.020 0.022 0.019 0.015 0.022 0.018 0.016 0.017 0.017 0.017 0.024 0.020 0.017 0.017 0.016 0.017 0.017 0.016 0.015 0.016 0.020 0.015 0.013 
26 0.014 0.014 0.024 0.015 0.019 0.030 0.021 0.014 0.018 0.017 0.015 0.020 0.020 0.018 0.017 0.021 0.015 0.015 0.022 0.039 0.016 0.028 0.019 0.018 0.017 0.018 0.000 0.015 0.011 0.014 0.018 0.023 0.023 0.020 0.016 0.015 0.013 0.023 0.015 0.013 0.014 0.016 0.016 0.017 0.020 0.016 0.017 0.020 0.023 0.014 0.015 0.015 0.014 0.022 0.015 0.016 0.015 0.016 0.014 0.022 0.016 0.020 0.016 0.014 0.015 0.021 0.018 0.018 0.018 0.016 0.013 0.014 0.019 0.019 0.019 0.016 0.020 0.017 0.014 0.015 0.018 0.016 0.023 0.021 0.015 0.013 0.016 0.015 0.014 0.014 0.015 0.014 0.021 0.017 0.015 
27 0.013 0.011 0.024 0.012 0.016 0.031 0.020 0.009 0.017 0.015 0.013 0.020 0.018 0.017 0.015 0.019 0.010 0.011 0.021 0.039 0.011 0.027 0.017 0.017 0.016 0.016 0.015 0.000 0.010 0.012 0.016 0.021 0.021 0.020 0.014 0.013 0.009 0.023 0.014 0.010 0.012 0.013 0.012 0.014 0.017 0.011 0.014 0.018 0.022 0.013 0.011 0.010 0.008 0.021 0.013 0.016 0.013 0.017 0.009 0.020 0.013 0.019 0.015 0.013 0.013 0.020 0.015 0.015 0.017 0.014 0.012 0.008 0.018 0.017 0.016 0.010 0.019 0.015 0.011 0.013 0.017 0.013 0.021 0.019 0.013 0.012 0.014 0.014 0.013 0.011 0.013 0.009 0.020 0.015 0.011 
28 0.010 0.010 0.024 0.012 0.016 0.030 0.020 0.010 0.015 0.013 0.011 0.020 0.019 0.015 0.013 0.019 0.011 0.012 0.021 0.039 0.012 0.028 0.016 0.016 0.015 0.015 0.011 0.010 0.000 0.012 0.015 0.021 0.020 0.020 0.012 0.011 0.008 0.022 0.013 0.008 0.009 0.013 0.013 0.015 0.018 0.013 0.015 0.017 0.022 0.010 0.011 0.011 0.009 0.021 0.011 0.016 0.011 0.016 0.010 0.021 0.013 0.019 0.013 0.010 0.011 0.020 0.015 0.015 0.016 0.014 0.009 0.009 0.016 0.018 0.017 0.012 0.019 0.013 0.009 0.011 0.015 0.012 0.022 0.019 0.012 0.008 0.014 0.011 0.012 0.010 0.012 0.009 0.019 0.015 0.010 
29 0.013 0.014 0.024 0.012 0.016 0.030 0.021 0.013 0.019 0.016 0.013 0.019 0.020 0.017 0.016 0.019 0.013 0.013 0.021 0.039 0.012 0.027 0.018 0.017 0.017 0.014 0.014 0.012 0.012 0.000 0.017 0.023 0.023 0.020 0.015 0.014 0.012 0.024 0.013 0.013 0.013 0.015 0.014 0.014 0.017 0.014 0.015 0.020 0.022 0.014 0.012 0.011 0.011 0.021 0.015 0.014 0.015 0.015 0.013 0.021 0.014 0.020 0.016 0.013 0.014 0.021 0.016 0.015 0.017 0.014 0.013 0.012 0.018 0.020 0.017 0.012 0.020 0.016 0.013 0.015 0.018 0.015 0.022 0.019 0.015 0.014 0.014 0.015 0.013 0.014 0.011 0.014 0.020 0.015 0.014 
30 0.016 0.016 0.024 0.018 0.019 0.031 0.021 0.017 0.019 0.018 0.016 0.020 0.020 0.019 0.019 0.021 0.017 0.017 0.024 0.041 0.016 0.028 0.018 0.020 0.019 0.020 0.018 0.016 0.015 0.017 0.000 0.024 0.022 0.021 0.016 0.017 0.016 0.023 0.017 0.016 0.017 0.019 0.018 0.018 0.020 0.018 0.017 0.020 0.024 0.016 0.016 0.016 0.016 0.024 0.017 0.019 0.016 0.020 0.017 0.023 0.017 0.020 0.016 0.016 0.015 0.022 0.019 0.019 0.019 0.018 0.016 0.017 0.019 0.020 0.020 0.017 0.018 0.018 0.015 0.016 0.019 0.016 0.023 0.022 0.016 0.016 0.018 0.016 0.017 0.016 0.017 0.017 0.022 0.019 0.017 
31 0.022 0.022 0.031 0.023 0.022 0.030 0.027 0.021 0.023 0.022 0.023 0.026 0.026 0.025 0.021 0.027 0.020 0.021 0.019 0.035 0.021 0.028 0.022 0.021 0.024 0.022 0.023 0.021 0.021 0.023 0.024 0.000 0.027 0.027 0.023 0.023 0.020 0.029 0.023 0.022 0.022 0.022 0.023 0.023 0.025 0.023 0.023 0.026 0.020 0.022 0.020 0.021 0.020 0.023 0.022 0.024 0.022 0.024 0.021 0.025 0.022 0.026 0.023 0.022 0.023 0.027 0.024 0.022 0.024 0.022 0.022 0.021 0.025 0.025 0.024 0.021 0.026 0.022 0.021 0.022 0.021 0.023 0.028 0.020 0.022 0.022 0.022 0.023 0.022 0.021 0.022 0.021 0.022 0.023 0.021 
32 0.019 0.019 0.030 0.022 0.022 0.034 0.025 0.021 0.022 0.020 0.020 0.024 0.026 0.023 0.021 0.026 0.021 0.021 0.026 0.044 0.021 0.032 0.023 0.023 0.023 0.023 0.023 0.021 0.020 0.023 0.022 0.027 0.000 0.025 0.018 0.019 0.021 0.029 0.022 0.020 0.020 0.022 0.022 0.022 0.025 0.022 0.022 0.021 0.025 0.020 0.021 0.021 0.021 0.025 0.020 0.023 0.022 0.024 0.021 0.027 0.020 0.026 0.021 0.019 0.020 0.024 0.021 0.023 0.023 0.021 0.020 0.021 0.023 0.020 0.022 0.021 0.022 0.019 0.020 0.020 0.022 0.020 0.025 0.025 0.021 0.020 0.021 0.020 0.021 0.021 0.022 0.020 0.023 0.023 0.021 
33 0.020 0.020 0.026 0.020 0.023 0.030 0.023 0.020 0.023 0.022 0.020 0.020 0.022 0.022 0.022 0.024 0.020 0.021 0.026 0.043 0.020 0.027 0.022 0.024 0.021 0.023 0.020 0.020 0.020 0.020 0.021 0.027 0.025 0.000 0.021 0.020 0.021 0.024 0.020 0.020 0.020 0.022 0.022 0.022 0.024 0.021 0.022 0.024 0.026 0.020 0.020 0.021 0.021 0.023 0.019 0.020 0.021 0.019 0.020 0.026 0.019 0.023 0.020 0.020 0.020 0.021 0.021 0.023 0.021 0.019 0.020 0.020 0.023 0.020 0.022 0.020 0.022 0.022 0.020 0.020 0.023 0.021 0.022 0.025 0.021 0.020 0.020 0.021 0.020 0.021 0.020 0.019 0.023 0.022 0.022 
34 0.012 0.012 0.026 0.016 0.017 0.032 0.021 0.014 0.015 0.014 0.012 0.021 0.021 0.017 0.016 0.021 0.014 0.014 0.021 0.041 0.014 0.029 0.018 0.017 0.017 0.017 0.016 0.014 0.012 0.015 0.016 0.023 0.018 0.021 0.000 0.013 0.012 0.025 0.014 0.013 0.011 0.015 0.015 0.016 0.019 0.015 0.017 0.016 0.022 0.010 0.014 0.014 0.013 0.022 0.013 0.018 0.014 0.019 0.014 0.022 0.013 0.021 0.014 0.012 0.013 0.021 0.015 0.016 0.016 0.014 0.011 0.014 0.016 0.017 0.018 0.015 0.018 0.013 0.013 0.012 0.017 0.015 0.023 0.020 0.015 0.012 0.014 0.014 0.016 0.013 0.014 0.014 0.020 0.017 0.014 
35 0.011 0.009 0.024 0.014 0.018 0.031 0.020 0.012 0.015 0.013 0.011 0.020 0.020 0.015 0.011 0.019 0.014 0.014 0.021 0.040 0.014 0.028 0.017 0.018 0.016 0.017 0.015 0.013 0.011 0.014 0.017 0.023 0.019 0.020 0.013 0.000 0.012 0.022 0.014 0.008 0.010 0.015 0.013 0.015 0.018 0.013 0.015 0.016 0.023 0.011 0.013 0.014 0.013 0.023 0.012 0.015 0.015 0.017 0.013 0.022 0.014 0.021 0.014 0.011 0.011 0.020 0.015 0.017 0.017 0.014 0.010 0.012 0.016 0.018 0.018 0.015 0.019 0.013 0.012 0.011 0.017 0.009 0.022 0.021 0.012 0.011 0.015 0.011 0.009 0.011 0.013 0.013 0.020 0.014 0.013 
36 0.011 0.011 0.024 0.013 0.014 0.029 0.020 0.006 0.015 0.014 0.012 0.020 0.019 0.016 0.014 0.019 0.009 0.009 0.020 0.039 0.011 0.028 0.016 0.015 0.015 0.014 0.013 0.009 0.008 0.012 0.016 0.020 0.021 0.021 0.012 0.012 0.000 0.023 0.012 0.010 0.010 0.010 0.013 0.015 0.017 0.012 0.014 0.018 0.021 0.010 0.008 0.009 0.006 0.022 0.011 0.016 0.011 0.015 0.006 0.020 0.012 0.018 0.013 0.011 0.013 0.021 0.014 0.013 0.016 0.013 0.010 0.009 0.017 0.018 0.016 0.011 0.018 0.014 0.010 0.011 0.015 0.012 0.022 0.018 0.013 0.010 0.013 0.013 0.012 0.009 0.012 0.009 0.019 0.014 0.007 
37 0.023 0.022 0.013 0.023 0.026 0.024 0.014 0.022 0.023 0.025 0.023 0.023 0.016 0.024 0.024 0.023 0.023 0.024 0.030 0.041 0.023 0.021 0.020 0.026 0.020 0.026 0.023 0.023 0.022 0.024 0.023 0.029 0.029 0.024 0.025 0.022 0.023 0.000 0.023 0.022 0.022 0.025 0.024 0.025 0.026 0.024 0.024 0.026 0.029 0.023 0.023 0.024 0.023 0.027 0.023 0.022 0.018 0.022 0.022 0.027 0.025 0.016 0.024 0.023 0.023 0.023 0.025 0.025 0.024 0.025 0.023 0.022 0.026 0.025 0.025 0.023 0.023 0.024 0.023 0.023 0.025 0.023 0.021 0.028 0.023 0.023 0.024 0.023 0.023 0.023 0.024 0.022 0.027 0.024 0.023 
38 0.014 0.014 0.024 0.013 0.017 0.029 0.022 0.014 0.016 0.015 0.013 0.019 0.020 0.016 0.015 0.020 0.014 0.014 0.022 0.040 0.015 0.027 0.018 0.017 0.017 0.015 0.015 0.014 0.013 0.013 0.017 0.023 0.022 0.020 0.014 0.014 0.012 0.023 0.000 0.013 0.012 0.015 0.015 0.015 0.019 0.015 0.016 0.019 0.022 0.012 0.014 0.014 0.013 0.022 0.012 0.015 0.015 0.016 0.014 0.022 0.013 0.020 0.013 0.014 0.013 0.021 0.015 0.017 0.016 0.014 0.012 0.014 0.017 0.020 0.019 0.015 0.020 0.015 0.014 0.012 0.017 0.015 0.023 0.020 0.015 0.013 0.015 0.014 0.015 0.013 0.011 0.014 0.020 0.015 0.014 
39 0.010 0.006 0.023 0.012 0.017 0.031 0.020 0.010 0.015 0.013 0.010 0.020 0.019 0.014 0.012 0.019 0.012 0.013 0.022 0.040 0.013 0.027 0.017 0.018 0.015 0.016 0.013 0.010 0.008 0.013 0.016 0.022 0.020 0.020 0.013 0.008 0.010 0.022 0.013 0.000 0.008 0.014 0.014 0.015 0.018 0.013 0.015 0.016 0.023 0.010 0.012 0.013 0.011 0.022 0.011 0.015 0.013 0.017 0.011 0.022 0.013 0.019 0.013 0.010 0.010 0.020 0.015 0.016 0.016 0.014 0.009 0.010 0.016 0.018 0.017 0.013 0.019 0.013 0.010 0.010 0.016 0.011 0.022 0.020 0.011 0.009 0.015 0.010 0.011 0.009 0.012 0.011 0.020 0.015 0.011 
40 0.008 0.009 0.023 0.013 0.017 0.030 0.020 0.011 0.015 0.011 0.009 0.020 0.020 0.014 0.013 0.018 0.012 0.013 0.020 0.040 0.012 0.027 0.017 0.017 0.014 0.016 0.014 0.012 0.009 0.013 0.017 0.022 0.020 0.020 0.011 0.010 0.010 0.022 0.012 0.008 0.000 0.014 0.015 0.015 0.019 0.014 0.016 0.017 0.022 0.008 0.012 0.013 0.011 0.021 0.011 0.014 0.013 0.017 0.011 0.022 0.012 0.020 0.014 0.008 0.011 0.020 0.014 0.016 0.015 0.012 0.004 0.012 0.015 0.018 0.017 0.013 0.019 0.012 0.012 0.011 0.017 0.013 0.022 0.020 0.013 0.009 0.013 0.012 0.013 0.011 0.013 0.012 0.019 0.016 0.012 
41 0.014 0.015 0.026 0.016 0.010 0.027 0.022 0.012 0.018 0.017 0.015 0.020 0.022 0.019 0.017 0.021 0.013 0.012 0.022 0.038 0.014 0.029 0.019 0.014 0.017 0.011 0.016 0.013 0.013 0.015 0.019 0.022 0.022 0.022 0.015 0.015 0.010 0.025 0.015 0.014 0.014 0.000 0.012 0.014 0.017 0.011 0.014 0.020 0.022 0.014 0.012 0.012 0.010 0.023 0.014 0.018 0.015 0.017 0.012 0.021 0.014 0.021 0.015 0.015 0.017 0.022 0.016 0.015 0.017 0.013 0.014 0.013 0.019 0.020 0.018 0.014 0.020 0.016 0.014 0.014 0.016 0.016 0.023 0.019 0.015 0.014 0.015 0.016 0.016 0.013 0.015 0.014 0.019 0.014 0.009 
42 0.015 0.014 0.025 0.015 0.014 0.029 0.021 0.014 0.018 0.017 0.015 0.019 0.021 0.018 0.016 0.020 0.015 0.013 0.022 0.040 0.014 0.029 0.019 0.016 0.017 0.015 0.016 0.012 0.013 0.014 0.018 0.023 0.022 0.022 0.015 0.013 0.013 0.024 0.015 0.014 0.015 0.012 0.000 0.007 0.013 0.004 0.009 0.020 0.022 0.014 0.013 0.013 0.012 0.022 0.015 0.017 0.016 0.016 0.014 0.021 0.014 0.021 0.015 0.015 0.015 0.021 0.016 0.015 0.017 0.014 0.014 0.012 0.019 0.017 0.018 0.014 0.019 0.016 0.013 0.014 0.018 0.014 0.021 0.020 0.014 0.015 0.015 0.014 0.014 0.013 0.014 0.015 0.020 0.011 0.013 
43 0.015 0.016 0.025 0.017 0.013 0.030 0.022 0.016 0.019 0.017 0.015 0.020 0.021 0.019 0.017 0.020 0.015 0.013 0.022 0.040 0.013 0.029 0.020 0.016 0.018 0.015 0.017 0.014 0.015 0.014 0.018 0.023 0.022 0.022 0.016 0.015 0.015 0.025 0.015 0.015 0.015 0.014 0.007 0.000 0.013 0.008 0.009 0.020 0.021 0.015 0.014 0.013 0.014 0.022 0.016 0.017 0.017 0.018 0.016 0.021 0.014 0.022 0.016 0.015 0.015 0.021 0.017 0.016 0.018 0.014 0.015 0.014 0.019 0.018 0.018 0.014 0.019 0.016 0.015 0.015 0.018 0.015 0.021 0.020 0.015 0.016 0.015 0.014 0.015 0.015 0.014 0.016 0.020 0.013 0.015 
44 0.018 0.019 0.026 0.019 0.015 0.031 0.024 0.018 0.021 0.020 0.018 0.022 0.023 0.015 0.020 0.021 0.018 0.017 0.024 0.038 0.017 0.030 0.022 0.020 0.019 0.018 0.020 0.017 0.018 0.017 0.020 0.025 0.025 0.024 0.019 0.018 0.017 0.026 0.019 0.018 0.019 0.017 0.013 0.013 0.000 0.013 0.013 0.019 0.025 0.019 0.016 0.015 0.016 0.025 0.019 0.019 0.019 0.020 0.019 0.021 0.017 0.023 0.018 0.018 0.018 0.022 0.020 0.019 0.018 0.018 0.018 0.017 0.021 0.020 0.018 0.016 0.021 0.020 0.018 0.018 0.021 0.017 0.021 0.023 0.017 0.019 0.019 0.017 0.018 0.017 0.018 0.019 0.023 0.016 0.017 
45 0.014 0.014 0.025 0.015 0.013 0.029 0.022 0.013 0.018 0.016 0.015 0.019 0.021 0.018 0.015 0.020 0.014 0.013 0.022 0.039 0.014 0.029 0.019 0.016 0.017 0.014 0.016 0.011 0.013 0.014 0.018 0.023 0.022 0.021 0.015 0.013 0.012 0.024 0.015 0.013 0.014 0.011 0.004 0.008 0.013 0.000 0.008 0.019 0.023 0.014 0.013 0.013 0.011 0.023 0.015 0.017 0.016 0.016 0.014 0.021 0.014 0.022 0.015 0.014 0.015 0.021 0.016 0.016 0.017 0.014 0.014 0.011 0.019 0.017 0.018 0.014 0.019 0.016 0.013 0.014 0.017 0.013 0.021 0.020 0.013 0.014 0.015 0.014 0.013 0.012 0.014 0.014 0.021 0.011 0.012 
46 0.015 0.016 0.025 0.016 0.014 0.030 0.022 0.015 0.019 0.017 0.016 0.020 0.021 0.019 0.016 0.020 0.015 0.014 0.023 0.040 0.015 0.029 0.020 0.017 0.018 0.016 0.017 0.014 0.015 0.015 0.017 0.023 0.022 0.022 0.017 0.015 0.014 0.024 0.016 0.015 0.016 0.014 0.009 0.009 0.013 0.008 0.000 0.021 0.023 0.016 0.013 0.013 0.013 0.023 0.016 0.017 0.017 0.017 0.016 0.021 0.015 0.022 0.016 0.015 0.015 0.021 0.017 0.017 0.018 0.015 0.015 0.014 0.019 0.018 0.018 0.014 0.018 0.017 0.014 0.014 0.019 0.015 0.021 0.021 0.015 0.015 0.016 0.014 0.014 0.014 0.015 0.016 0.021 0.012 0.014 
47 0.018 0.015 0.025 0.019 0.022 0.032 0.023 0.018 0.018 0.019 0.018 0.023 0.022 0.016 0.019 0.023 0.019 0.019 0.025 0.039 0.019 0.029 0.021 0.022 0.021 0.022 0.020 0.018 0.017 0.020 0.020 0.026 0.021 0.024 0.016 0.016 0.018 0.026 0.019 0.016 0.017 0.020 0.020 0.020 0.019 0.019 0.021 0.000 0.025 0.017 0.019 0.019 0.018 0.025 0.018 0.021 0.018 0.022 0.018 0.025 0.019 0.023 0.019 0.018 0.017 0.020 0.018 0.021 0.020 0.020 0.017 0.018 0.020 0.019 0.021 0.019 0.021 0.018 0.018 0.017 0.021 0.018 0.024 0.023 0.018 0.017 0.020 0.018 0.018 0.018 0.019 0.018 0.024 0.021 0.019 
48 0.022 0.022 0.028 0.023 0.022 0.029 0.027 0.022 0.024 0.021 0.022 0.027 0.027 0.024 0.023 0.026 0.022 0.021 0.022 0.035 0.021 0.026 0.024 0.021 0.024 0.022 0.023 0.022 0.022 0.022 0.024 0.020 0.025 0.026 0.022 0.023 0.021 0.029 0.022 0.023 0.022 0.022 0.022 0.021 0.025 0.023 0.023 0.025 0.000 0.021 0.021 0.021 0.021 0.022 0.022 0.024 0.022 0.024 0.022 0.025 0.021 0.026 0.023 0.022 0.023 0.025 0.021 0.022 0.023 0.021 0.022 0.022 0.025 0.025 0.023 0.022 0.025 0.020 0.022 0.022 0.023 0.024 0.027 0.018 0.023 0.022 0.022 0.023 0.024 0.022 0.022 0.022 0.021 0.024 0.021 
49 0.009 0.009 0.023 0.014 0.016 0.030 0.021 0.012 0.015 0.012 0.010 0.020 0.021 0.015 0.014 0.018 0.012 0.013 0.020 0.040 0.013 0.027 0.017 0.016 0.014 0.016 0.014 0.013 0.010 0.014 0.016 0.022 0.020 0.020 0.010 0.011 0.010 0.023 0.012 0.010 0.008 0.014 0.014 0.015 0.019 0.014 0.016 0.017 0.021 0.000 0.013 0.013 0.011 0.021 0.011 0.016 0.013 0.016 0.012 0.022 0.011 0.020 0.012 0.009 0.010 0.020 0.013 0.015 0.014 0.011 0.008 0.013 0.015 0.018 0.018 0.014 0.018 0.011 0.012 0.010 0.017 0.014 0.023 0.019 0.014 0.009 0.013 0.012 0.014 0.011 0.013 0.013 0.018 0.016 0.012 
50 0.012 0.013 0.025 0.014 0.012 0.029 0.020 0.010 0.017 0.016 0.012 0.020 0.019 0.017 0.016 0.019 0.008 0.009 0.020 0.039 0.009 0.028 0.016 0.015 0.015 0.013 0.015 0.011 0.011 0.012 0.016 0.020 0.021 0.020 0.014 0.013 0.008 0.023 0.014 0.012 0.012 0.012 0.013 0.014 0.016 0.013 0.013 0.019 0.021 0.013 0.000 0.006 0.008 0.022 0.012 0.015 0.013 0.016 0.009 0.018 0.012 0.019 0.013 0.012 0.014 0.020 0.014 0.014 0.016 0.013 0.012 0.010 0.017 0.018 0.014 0.008 0.018 0.015 0.010 0.012 0.016 0.013 0.021 0.018 0.013 0.012 0.013 0.013 0.013 0.010 0.012 0.011 0.019 0.014 0.010 
51 0.012 0.014 0.025 0.014 0.011 0.030 0.021 0.010 0.018 0.016 0.012 0.021 0.020 0.017 0.016 0.019 0.009 0.008 0.020 0.039 0.008 0.028 0.017 0.015 0.015 0.013 0.015 0.010 0.011 0.011 0.016 0.021 0.021 0.021 0.014 0.014 0.009 0.024 0.014 0.013 0.013 0.012 0.013 0.013 0.015 0.013 0.013 0.019 0.021 0.013 0.006 0.000 0.007 0.021 0.012 0.016 0.013 0.017 0.010 0.018 0.012 0.019 0.014 0.012 0.014 0.021 0.014 0.013 0.016 0.014 0.013 0.010 0.017 0.018 0.014 0.007 0.018 0.016 0.011 0.013 0.016 0.014 0.021 0.018 0.014 0.013 0.012 0.014 0.014 0.011 0.012 0.012 0.019 0.015 0.011 
52 0.012 0.012 0.024 0.013 0.013 0.029 0.020 0.008 0.016 0.015 0.012 0.020 0.019 0.016 0.015 0.019 0.009 0.008 0.020 0.039 0.010 0.028 0.016 0.014 0.015 0.013 0.014 0.008 0.009 0.011 0.016 0.020 0.021 0.021 0.013 0.013 0.006 0.023 0.013 0.011 0.011 0.010 0.012 0.014 0.016 0.011 0.013 0.018 0.021 0.011 0.008 0.007 0.000 0.021 0.011 0.016 0.012 0.016 0.008 0.019 0.012 0.019 0.014 0.012 0.014 0.021 0.014 0.013 0.016 0.013 0.011 0.007 0.017 0.018 0.015 0.010 0.018 0.015 0.010 0.011 0.016 0.013 0.022 0.018 0.013 0.011 0.012 0.014 0.013 0.010 0.012 0.010 0.019 0.014 0.009 
53 0.021 0.021 0.028 0.022 0.024 0.031 0.025 0.021 0.025 0.021 0.021 0.024 0.025 0.024 0.023 0.026 0.021 0.022 0.022 0.039 0.021 0.028 0.023 0.023 0.023 0.024 0.022 0.021 0.021 0.021 0.024 0.023 0.025 0.023 0.022 0.023 0.022 0.027 0.022 0.022 0.021 0.023 0.022 0.022 0.025 0.023 0.023 0.025 0.022 0.021 0.022 0.021 0.021 0.000 0.021 0.022 0.022 0.022 0.021 0.026 0.021 0.025 0.022 0.021 0.021 0.023 0.023 0.022 0.023 0.021 0.022 0.021 0.023 0.023 0.024 0.021 0.024 0.021 0.021 0.022 0.023 0.023 0.025 0.021 0.022 0.021 0.021 0.022 0.022 0.022 0.022 0.021 0.020 0.023 0.022 
54 0.011 0.012 0.025 0.013 0.016 0.030 0.020 0.011 0.015 0.014 0.011 0.020 0.020 0.016 0.014 0.020 0.011 0.012 0.021 0.040 0.014 0.027 0.017 0.017 0.016 0.016 0.015 0.013 0.011 0.015 0.017 0.022 0.020 0.019 0.013 0.012 0.011 0.023 0.012 0.011 0.011 0.014 0.015 0.016 0.019 0.015 0.016 0.018 0.022 0.011 0.012 0.012 0.011 0.021 0.000 0.016 0.014 0.017 0.011 0.021 0.012 0.019 0.013 0.011 0.012 0.020 0.014 0.016 0.015 0.013 0.011 0.013 0.016 0.018 0.017 0.013 0.019 0.014 0.012 0.010 0.017 0.014 0.022 0.020 0.014 0.010 0.014 0.013 0.013 0.011 0.012 0.012 0.019 0.016 0.013 
55 0.015 0.016 0.023 0.014 0.019 0.028 0.020 0.016 0.019 0.018 0.014 0.018 0.019 0.018 0.017 0.020 0.016 0.016 0.022 0.039 0.016 0.026 0.018 0.018 0.018 0.018 0.016 0.016 0.016 0.014 0.019 0.024 0.023 0.020 0.018 0.015 0.016 0.022 0.015 0.015 0.014 0.018 0.017 0.017 0.019 0.017 0.017 0.021 0.024 0.016 0.015 0.016 0.016 0.022 0.016 0.000 0.018 0.014 0.017 0.023 0.016 0.020 0.016 0.015 0.015 0.021 0.018 0.017 0.018 0.016 0.014 0.015 0.019 0.021 0.020 0.016 0.020 0.018 0.016 0.016 0.019 0.016 0.021 0.022 0.017 0.015 0.017 0.016 0.014 0.015 0.014 0.017 0.021 0.016 0.017 
56 0.014 0.013 0.020 0.015 0.017 0.027 0.019 0.012 0.015 0.016 0.015 0.019 0.018 0.017 0.017 0.020 0.013 0.014 0.022 0.039 0.014 0.025 0.012 0.017 0.016 0.017 0.015 0.013 0.011 0.015 0.016 0.022 0.022 0.021 0.014 0.015 0.011 0.018 0.015 0.013 0.013 0.015 0.016 0.017 0.019 0.016 0.017 0.018 0.022 0.013 0.013 0.013 0.012 0.022 0.014 0.018 0.000 0.017 0.012 0.021 0.015 0.017 0.015 0.014 0.015 0.020 0.017 0.016 0.017 0.016 0.013 0.013 0.018 0.019 0.018 0.014 0.018 0.016 0.013 0.013 0.017 0.015 0.022 0.020 0.015 0.013 0.015 0.014 0.016 0.013 0.015 0.013 0.020 0.018 0.013 
57 0.017 0.018 0.024 0.014 0.019 0.028 0.021 0.016 0.020 0.019 0.017 0.013 0.020 0.020 0.019 0.021 0.016 0.017 0.023 0.040 0.017 0.027 0.020 0.019 0.018 0.018 0.016 0.017 0.016 0.015 0.020 0.024 0.024 0.019 0.019 0.017 0.015 0.022 0.016 0.017 0.017 0.017 0.016 0.018 0.020 0.016 0.017 0.022 0.024 0.016 0.016 0.017 0.016 0.022 0.017 0.014 0.017 0.000 0.016 0.024 0.015 0.020 0.016 0.017 0.018 0.021 0.018 0.019 0.018 0.016 0.017 0.017 0.021 0.020 0.021 0.017 0.017 0.019 0.017 0.017 0.020 0.017 0.021 0.022 0.018 0.017 0.017 0.018 0.016 0.016 0.015 0.017 0.021 0.017 0.017 
58 0.012 0.011 0.025 0.013 0.015 0.030 0.019 0.004 0.016 0.015 0.013 0.020 0.019 0.017 0.015 0.019 0.006 0.011 0.021 0.039 0.011 0.027 0.015 0.016 0.016 0.015 0.014 0.009 0.010 0.013 0.017 0.021 0.021 0.020 0.014 0.013 0.006 0.022 0.014 0.011 0.011 0.012 0.014 0.016 0.019 0.014 0.016 0.018 0.022 0.012 0.009 0.010 0.008 0.021 0.011 0.017 0.012 0.016 0.000 0.020 0.013 0.018 0.014 0.012 0.014 0.020 0.015 0.015 0.017 0.014 0.012 0.009 0.018 0.017 0.016 0.011 0.019 0.015 0.011 0.012 0.015 0.013 0.021 0.019 0.013 0.012 0.013 0.014 0.013 0.010 0.013 0.008 0.020 0.016 0.009 
59 0.021 0.022 0.028 0.023 0.020 0.030 0.025 0.020 0.023 0.023 0.021 0.026 0.024 0.023 0.023 0.023 0.020 0.019 0.023 0.035 0.019 0.030 0.023 0.022 0.022 0.021 0.022 0.020 0.021 0.021 0.023 0.025 0.027 0.026 0.022 0.022 0.020 0.027 0.022 0.022 0.022 0.021 0.021 0.021 0.021 0.021 0.021 0.025 0.025 0.022 0.018 0.018 0.019 0.026 0.021 0.023 0.021 0.024 0.020 0.000 0.021 0.024 0.022 0.021 0.022 0.027 0.022 0.022 0.023 0.022 0.022 0.020 0.023 0.024 0.020 0.018 0.024 0.023 0.020 0.021 0.023 0.022 0.024 0.023 0.022 0.022 0.021 0.022 0.022 0.021 0.021 0.021 0.025 0.022 0.020 
60 0.011 0.014 0.025 0.014 0.015 0.031 0.022 0.013 0.017 0.015 0.011 0.019 0.021 0.015 0.016 0.018 0.012 0.012 0.019 0.040 0.013 0.028 0.019 0.016 0.014 0.016 0.016 0.013 0.013 0.014 0.017 0.022 0.020 0.019 0.013 0.014 0.012 0.025 0.013 0.013 0.012 0.014 0.014 0.014 0.017 0.014 0.015 0.019 0.021 0.011 0.012 0.012 0.012 0.021 0.012 0.016 0.015 0.015 0.013 0.021 0.000 0.021 0.012 0.011 0.013 0.020 0.012 0.015 0.011 0.008 0.012 0.013 0.017 0.017 0.018 0.013 0.018 0.014 0.013 0.012 0.018 0.015 0.022 0.019 0.015 0.013 0.012 0.015 0.015 0.012 0.012 0.014 0.018 0.015 0.014 
61 0.020 0.019 0.018 0.020 0.022 0.026 0.012 0.018 0.021 0.022 0.020 0.022 0.011 0.022 0.022 0.021 0.018 0.019 0.027 0.039 0.019 0.023 0.017 0.022 0.018 0.022 0.020 0.019 0.019 0.020 0.020 0.026 0.026 0.023 0.021 0.021 0.018 0.016 0.020 0.019 0.020 0.021 0.021 0.022 0.023 0.022 0.022 0.023 0.026 0.020 0.019 0.019 0.019 0.025 0.019 0.020 0.017 0.020 0.018 0.024 0.021 0.000 0.020 0.020 0.020 0.022 0.023 0.021 0.021 0.021 0.020 0.020 0.022 0.022 0.022 0.019 0.020 0.022 0.019 0.020 0.020 0.019 0.020 0.025 0.018 0.019 0.021 0.020 0.021 0.019 0.021 0.019 0.024 0.022 0.020 
62 0.014 0.014 0.025 0.016 0.016 0.030 0.021 0.015 0.017 0.016 0.014 0.020 0.021 0.017 0.017 0.020 0.015 0.014 0.022 0.040 0.015 0.028 0.017 0.018 0.017 0.016 0.016 0.015 0.013 0.016 0.016 0.023 0.021 0.020 0.014 0.014 0.013 0.024 0.013 0.013 0.014 0.015 0.015 0.016 0.018 0.015 0.016 0.019 0.023 0.012 0.013 0.014 0.014 0.022 0.013 0.016 0.015 0.016 0.014 0.022 0.012 0.020 0.000 0.014 0.013 0.020 0.015 0.018 0.016 0.013 0.014 0.015 0.017 0.019 0.019 0.015 0.017 0.015 0.013 0.013 0.016 0.014 0.022 0.021 0.014 0.013 0.016 0.014 0.015 0.013 0.014 0.015 0.021 0.016 0.014 
63 0.000 0.010 0.024 0.014 0.016 0.031 0.020 0.013 0.016 0.013 0.008 0.020 0.020 0.014 0.014 0.018 0.012 0.013 0.020 0.040 0.013 0.027 0.018 0.017 0.013 0.016 0.014 0.013 0.010 0.013 0.016 0.022 0.019 0.020 0.012 0.011 0.011 0.023 0.014 0.010 0.008 0.015 0.015 0.015 0.018 0.014 0.015 0.018 0.022 0.009 0.012 0.012 0.012 0.021 0.011 0.015 0.014 0.017 0.012 0.021 0.011 0.020 0.014 0.000 0.010 0.020 0.013 0.016 0.014 0.012 0.007 0.012 0.015 0.018 0.017 0.013 0.018 0.013 0.012 0.011 0.017 0.013 0.022 0.020 0.014 0.009 0.013 0.012 0.013 0.011 0.013 0.013 0.018 0.016 0.013 
64 0.010 0.010 0.024 0.014 0.018 0.032 0.020 0.014 0.016 0.013 0.009 0.021 0.020 0.014 0.013 0.019 0.014 0.015 0.022 0.041 0.014 0.027 0.017 0.018 0.016 0.017 0.015 0.013 0.011 0.014 0.015 0.023 0.020 0.020 0.013 0.011 0.013 0.023 0.013 0.010 0.011 0.017 0.015 0.015 0.018 0.015 0.015 0.017 0.023 0.010 0.014 0.014 0.014 0.021 0.012 0.015 0.015 0.018 0.014 0.022 0.013 0.020 0.013 0.010 0.000 0.020 0.015 0.017 0.016 0.013 0.010 0.013 0.013 0.018 0.018 0.014 0.018 0.013 0.011 0.010 0.017 0.012 0.023 0.020 0.012 0.010 0.015 0.010 0.014 0.012 0.014 0.014 0.019 0.016 0.014 
65 0.020 0.020 0.023 0.021 0.023 0.030 0.022 0.020 0.023 0.021 0.020 0.023 0.022 0.021 0.022 0.024 0.020 0.021 0.027 0.041 0.020 0.027 0.021 0.024 0.021 0.023 0.021 0.020 0.020 0.021 0.022 0.027 0.024 0.021 0.021 0.020 0.021 0.023 0.021 0.020 0.020 0.022 0.021 0.021 0.022 0.021 0.021 0.020 0.025 0.020 0.020 0.021 0.021 0.023 0.020 0.021 0.020 0.021 0.020 0.027 0.020 0.022 0.020 0.020 0.020 0.000 0.020 0.023 0.021 0.021 0.020 0.020 0.023 0.021 0.022 0.020 0.022 0.021 0.020 0.020 0.023 0.021 0.022 0.024 0.021 0.020 0.021 0.020 0.021 0.021 0.021 0.020 0.024 0.022 0.021 
66 0.013 0.015 0.023 0.017 0.018 0.030 0.023 0.015 0.018 0.016 0.014 0.021 0.023 0.018 0.018 0.019 0.014 0.015 0.021 0.039 0.015 0.028 0.020 0.018 0.015 0.017 0.018 0.015 0.015 0.016 0.019 0.024 0.021 0.021 0.015 0.015 0.014 0.025 0.015 0.015 0.014 0.016 0.016 0.017 0.020 0.016 0.017 0.018 0.021 0.013 0.014 0.014 0.014 0.023 0.014 0.018 0.017 0.018 0.015 0.022 0.012 0.023 0.015 0.013 0.015 0.020 0.000 0.017 0.016 0.014 0.014 0.015 0.019 0.019 0.019 0.015 0.020 0.016 0.016 0.014 0.019 0.017 0.023 0.019 0.017 0.015 0.014 0.016 0.017 0.014 0.015 0.016 0.021 0.018 0.016 
67 0.016 0.016 0.026 0.017 0.014 0.029 0.023 0.015 0.019 0.018 0.016 0.021 0.022 0.019 0.019 0.021 0.014 0.014 0.021 0.038 0.015 0.029 0.018 0.012 0.018 0.014 0.018 0.015 0.015 0.015 0.019 0.022 0.023 0.023 0.016 0.017 0.013 0.025 0.017 0.016 0.016 0.015 0.015 0.016 0.019 0.016 0.017 0.021 0.022 0.015 0.014 0.013 0.013 0.022 0.016 0.017 0.016 0.019 0.015 0.022 0.015 0.021 0.018 0.016 0.017 0.023 0.017 0.000 0.018 0.016 0.016 0.014 0.019 0.021 0.019 0.015 0.021 0.018 0.016 0.016 0.017 0.017 0.023 0.019 0.017 0.016 0.015 0.017 0.017 0.016 0.016 0.016 0.018 0.017 0.015 
68 0.014 0.017 0.025 0.017 0.019 0.031 0.022 0.017 0.018 0.017 0.014 0.020 0.021 0.015 0.019 0.019 0.016 0.016 0.021 0.039 0.016 0.027 0.020 0.019 0.016 0.019 0.018 0.017 0.016 0.017 0.019 0.024 0.023 0.021 0.016 0.017 0.016 0.024 0.016 0.016 0.015 0.017 0.017 0.018 0.018 0.017 0.018 0.020 0.023 0.014 0.016 0.016 0.016 0.023 0.015 0.018 0.017 0.018 0.017 0.023 0.011 0.021 0.016 0.014 0.016 0.021 0.016 0.018 0.000 0.012 0.015 0.017 0.018 0.020 0.019 0.017 0.020 0.017 0.017 0.016 0.020 0.018 0.022 0.021 0.018 0.016 0.016 0.018 0.018 0.016 0.016 0.017 0.020 0.018 0.017 
69 0.012 0.014 0.025 0.015 0.015 0.030 0.022 0.014 0.018 0.015 0.011 0.020 0.021 0.016 0.016 0.019 0.013 0.014 0.019 0.040 0.014 0.027 0.019 0.017 0.015 0.015 0.016 0.014 0.014 0.014 0.018 0.022 0.021 0.019 0.014 0.014 0.013 0.025 0.014 0.014 0.012 0.013 0.014 0.014 0.018 0.014 0.015 0.020 0.021 0.011 0.013 0.014 0.013 0.021 0.013 0.016 0.016 0.016 0.014 0.022 0.008 0.021 0.013 0.012 0.013 0.021 0.014 0.016 0.012 0.000 0.012 0.014 0.017 0.019 0.018 0.014 0.020 0.015 0.014 0.013 0.017 0.016 0.022 0.020 0.016 0.013 0.013 0.015 0.015 0.013 0.013 0.015 0.019 0.015 0.013 
70 0.007 0.009 0.023 0.013 0.016 0.030 0.020 0.012 0.015 0.010 0.008 0.020 0.020 0.014 0.013 0.018 0.012 0.013 0.020 0.040 0.013 0.027 0.017 0.017 0.013 0.016 0.013 0.012 0.009 0.013 0.016 0.022 0.020 0.020 0.011 0.010 0.010 0.023 0.012 0.009 0.004 0.014 0.014 0.015 0.018 0.014 0.015 0.017 0.022 0.008 0.012 0.013 0.011 0.022 0.011 0.014 0.013 0.017 0.012 0.022 0.012 0.020 0.014 0.007 0.010 0.020 0.014 0.016 0.015 0.012 0.000 0.011 0.015 0.018 0.017 0.013 0.019 0.012 0.012 0.010 0.017 0.013 0.022 0.020 0.013 0.009 0.013 0.012 0.013 0.011 0.013 0.012 0.019 0.015 0.012 
71 0.012 0.012 0.024 0.013 0.015 0.030 0.020 0.009 0.017 0.015 0.013 0.020 0.019 0.017 0.014 0.019 0.010 0.010 0.021 0.039 0.009 0.028 0.017 0.016 0.015 0.015 0.014 0.008 0.009 0.012 0.017 0.021 0.021 0.020 0.014 0.012 0.009 0.022 0.014 0.010 0.012 0.013 0.012 0.014 0.017 0.011 0.014 0.018 0.022 0.013 0.010 0.010 0.007 0.021 0.013 0.015 0.013 0.017 0.009 0.020 0.013 0.020 0.015 0.012 0.013 0.020 0.015 0.014 0.017 0.014 0.011 0.000 0.017 0.017 0.015 0.009 0.019 0.015 0.010 0.012 0.016 0.012 0.021 0.019 0.013 0.012 0.012 0.013 0.012 0.011 0.013 0.010 0.020 0.015 0.011 
72 0.015 0.015 0.026 0.019 0.020 0.033 0.023 0.017 0.018 0.017 0.014 0.024 0.023 0.016 0.018 0.019 0.017 0.018 0.024 0.038 0.018 0.030 0.020 0.020 0.019 0.020 0.019 0.018 0.016 0.018 0.019 0.025 0.023 0.023 0.016 0.016 0.017 0.026 0.017 0.016 0.015 0.019 0.019 0.019 0.021 0.019 0.019 0.020 0.025 0.015 0.017 0.017 0.017 0.023 0.016 0.019 0.018 0.021 0.018 0.023 0.017 0.022 0.017 0.015 0.013 0.023 0.019 0.019 0.018 0.017 0.015 0.017 0.000 0.021 0.019 0.018 0.022 0.017 0.015 0.015 0.020 0.017 0.025 0.023 0.017 0.014 0.018 0.016 0.018 0.016 0.018 0.018 0.022 0.020 0.018 
73 0.018 0.017 0.027 0.019 0.020 0.033 0.021 0.017 0.020 0.020 0.019 0.021 0.021 0.021 0.019 0.022 0.017 0.018 0.024 0.042 0.017 0.030 0.020 0.022 0.020 0.022 0.019 0.017 0.018 0.020 0.020 0.025 0.020 0.020 0.017 0.018 0.018 0.025 0.020 0.018 0.018 0.020 0.017 0.018 0.020 0.017 0.018 0.019 0.025 0.018 0.018 0.018 0.018 0.023 0.018 0.021 0.019 0.020 0.017 0.024 0.017 0.022 0.019 0.018 0.018 0.021 0.019 0.021 0.020 0.019 0.018 0.017 0.021 0.000 0.019 0.017 0.019 0.019 0.017 0.018 0.021 0.018 0.016 0.023 0.018 0.018 0.017 0.018 0.018 0.018 0.019 0.016 0.022 0.020 0.019 
74 0.017 0.018 0.027 0.018 0.017 0.032 0.022 0.016 0.020 0.020 0.017 0.023 0.022 0.020 0.020 0.021 0.015 0.015 0.023 0.039 0.013 0.029 0.020 0.020 0.020 0.019 0.019 0.016 0.017 0.017 0.020 0.024 0.022 0.022 0.018 0.018 0.016 0.025 0.019 0.017 0.017 0.018 0.018 0.018 0.018 0.018 0.018 0.021 0.023 0.018 0.014 0.014 0.015 0.024 0.017 0.020 0.018 0.021 0.016 0.020 0.018 0.022 0.019 0.017 0.018 0.022 0.019 0.019 0.019 0.018 0.017 0.015 0.019 0.019 0.000 0.012 0.021 0.019 0.016 0.018 0.019 0.018 0.022 0.022 0.018 0.018 0.017 0.018 0.018 0.017 0.018 0.016 0.023 0.020 0.017 
75 0.013 0.014 0.024 0.014 0.013 0.030 0.020 0.011 0.019 0.016 0.013 0.021 0.019 0.018 0.016 0.019 0.010 0.010 0.021 0.039 0.006 0.028 0.017 0.016 0.016 0.015 0.016 0.010 0.012 0.012 0.017 0.021 0.021 0.020 0.015 0.015 0.011 0.023 0.015 0.013 0.013 0.014 0.014 0.014 0.016 0.014 0.014 0.019 0.022 0.014 0.008 0.007 0.010 0.021 0.013 0.016 0.014 0.017 0.011 0.018 0.013 0.019 0.015 0.013 0.014 0.020 0.015 0.015 0.017 0.014 0.013 0.009 0.018 0.017 0.012 0.000 0.018 0.016 0.011 0.014 0.017 0.014 0.020 0.019 0.014 0.014 0.013 0.014 0.014 0.013 0.014 0.011 0.020 0.016 0.013 
76 0.018 0.019 0.024 0.020 0.020 0.030 0.021 0.019 0.021 0.020 0.019 0.019 0.021 0.021 0.021 0.021 0.020 0.018 0.025 0.041 0.019 0.030 0.019 0.021 0.020 0.022 0.020 0.019 0.019 0.020 0.018 0.026 0.022 0.022 0.018 0.019 0.018 0.023 0.020 0.019 0.019 0.020 0.019 0.019 0.021 0.019 0.018 0.021 0.025 0.018 0.018 0.018 0.018 0.024 0.019 0.020 0.018 0.017 0.019 0.024 0.018 0.020 0.017 0.018 0.018 0.022 0.020 0.021 0.020 0.020 0.019 0.019 0.022 0.019 0.021 0.018 0.000 0.020 0.018 0.018 0.021 0.019 0.021 0.024 0.019 0.018 0.019 0.019 0.020 0.018 0.020 0.020 0.023 0.020 0.019 
77 0.013 0.013 0.024 0.017 0.018 0.030 0.022 0.015 0.017 0.008 0.013 0.022 0.022 0.017 0.015 0.020 0.016 0.015 0.021 0.039 0.016 0.027 0.019 0.018 0.017 0.018 0.017 0.015 0.013 0.016 0.018 0.022 0.019 0.022 0.013 0.013 0.014 0.024 0.015 0.013 0.012 0.016 0.016 0.016 0.020 0.016 0.017 0.018 0.020 0.011 0.015 0.016 0.015 0.021 0.014 0.018 0.016 0.019 0.015 0.023 0.014 0.022 0.015 0.013 0.013 0.021 0.016 0.018 0.017 0.015 0.012 0.015 0.017 0.019 0.019 0.016 0.020 0.000 0.014 0.013 0.018 0.016 0.024 0.018 0.015 0.013 0.016 0.014 0.016 0.014 0.015 0.016 0.018 0.017 0.015 
78 0.012 0.011 0.024 0.013 0.016 0.030 0.020 0.011 0.017 0.015 0.012 0.020 0.019 0.017 0.014 0.019 0.011 0.012 0.021 0.039 0.012 0.028 0.016 0.016 0.016 0.016 0.014 0.011 0.009 0.013 0.015 0.021 0.020 0.020 0.013 0.012 0.010 0.023 0.014 0.010 0.012 0.014 0.013 0.015 0.018 0.013 0.014 0.018 0.022 0.012 0.010 0.011 0.010 0.021 0.012 0.016 0.013 0.017 0.011 0.020 0.013 0.019 0.013 0.012 0.011 0.020 0.016 0.016 0.017 0.014 0.012 0.010 0.015 0.017 0.016 0.011 0.018 0.014 0.000 0.011 0.015 0.012 0.022 0.020 0.012 0.009 0.014 0.011 0.012 0.009 0.013 0.011 0.019 0.015 0.012 
79 0.011 0.010 0.024 0.014 0.017 0.030 0.020 0.012 0.015 0.014 0.011 0.021 0.020 0.015 0.014 0.019 0.013 0.013 0.021 0.040 0.014 0.028 0.017 0.017 0.015 0.017 0.015 0.013 0.011 0.015 0.016 0.022 0.020 0.020 0.012 0.011 0.011 0.023 0.012 0.010 0.011 0.014 0.014 0.015 0.018 0.014 0.014 0.017 0.022 0.010 0.012 0.013 0.011 0.022 0.010 0.016 0.013 0.017 0.012 0.021 0.012 0.020 0.013 0.011 0.010 0.020 0.014 0.016 0.016 0.013 0.010 0.012 0.015 0.018 0.018 0.014 0.018 0.013 0.011 0.000 0.017 0.013 0.023 0.020 0.013 0.008 0.014 0.011 0.013 0.008 0.013 0.013 0.020 0.016 0.012 
80 0.017 0.017 0.027 0.019 0.017 0.029 0.022 0.015 0.020 0.019 0.017 0.022 0.022 0.020 0.019 0.023 0.016 0.017 0.023 0.039 0.017 0.029 0.016 0.018 0.020 0.017 0.018 0.017 0.015 0.018 0.019 0.021 0.022 0.023 0.017 0.017 0.015 0.025 0.017 0.016 0.017 0.016 0.018 0.018 0.021 0.017 0.019 0.021 0.023 0.017 0.016 0.016 0.016 0.023 0.017 0.019 0.017 0.020 0.015 0.023 0.018 0.020 0.016 0.017 0.017 0.023 0.019 0.017 0.020 0.017 0.017 0.016 0.020 0.021 0.019 0.017 0.021 0.018 0.015 0.017 0.000 0.014 0.024 0.023 0.013 0.016 0.018 0.016 0.017 0.016 0.018 0.016 0.022 0.018 0.014 
81 0.013 0.013 0.024 0.015 0.018 0.031 0.020 0.013 0.017 0.016 0.013 0.020 0.019 0.017 0.013 0.020 0.014 0.014 0.022 0.040 0.014 0.028 0.015 0.018 0.018 0.017 0.016 0.013 0.012 0.015 0.016 0.023 0.020 0.021 0.015 0.009 0.012 0.023 0.015 0.011 0.013 0.016 0.014 0.015 0.017 0.013 0.015 0.018 0.024 0.014 0.013 0.014 0.013 0.023 0.014 0.016 0.015 0.017 0.013 0.022 0.015 0.019 0.014 0.013 0.012 0.021 0.017 0.017 0.018 0.016 0.013 0.012 0.017 0.018 0.018 0.014 0.019 0.016 0.012 0.013 0.014 0.000 0.022 0.021 0.008 0.013 0.016 0.012 0.011 0.012 0.014 0.013 0.021 0.015 0.013 
82 0.022 0.022 0.023 0.021 0.023 0.030 0.018 0.021 0.024 0.024 0.023 0.021 0.019 0.024 0.023 0.021 0.021 0.021 0.027 0.040 0.020 0.027 0.023 0.024 0.021 0.024 0.023 0.021 0.022 0.022 0.023 0.028 0.025 0.022 0.023 0.022 0.022 0.021 0.023 0.022 0.022 0.023 0.021 0.021 0.021 0.021 0.021 0.024 0.027 0.023 0.021 0.021 0.022 0.025 0.022 0.021 0.022 0.021 0.021 0.024 0.022 0.020 0.022 0.022 0.023 0.022 0.023 0.023 0.022 0.022 0.022 0.021 0.025 0.016 0.022 0.020 0.021 0.024 0.022 0.023 0.024 0.022 0.000 0.026 0.022 0.023 0.021 0.022 0.021 0.022 0.022 0.021 0.025 0.021 0.023 
83 0.020 0.020 0.028 0.021 0.019 0.030 0.026 0.019 0.022 0.019 0.020 0.024 0.025 0.023 0.020 0.024 0.019 0.019 0.020 0.036 0.019 0.028 0.022 0.018 0.022 0.020 0.021 0.019 0.019 0.019 0.022 0.020 0.025 0.025 0.020 0.021 0.018 0.028 0.020 0.020 0.020 0.019 0.020 0.020 0.023 0.020 0.021 0.023 0.018 0.019 0.018 0.018 0.018 0.021 0.020 0.022 0.020 0.022 0.019 0.023 0.019 0.025 0.021 0.020 0.020 0.024 0.019 0.019 0.021 0.020 0.020 0.019 0.023 0.023 0.022 0.019 0.024 0.018 0.020 0.020 0.023 0.021 0.026 0.000 0.021 0.020 0.019 0.021 0.021 0.020 0.020 0.020 0.018 0.021 0.019 
84 0.014 0.012 0.024 0.015 0.017 0.031 0.020 0.013 0.017 0.016 0.013 0.020 0.019 0.017 0.015 0.021 0.014 0.014 0.023 0.040 0.014 0.028 0.015 0.018 0.018 0.017 0.015 0.013 0.012 0.015 0.016 0.022 0.021 0.021 0.015 0.012 0.013 0.023 0.015 0.011 0.013 0.015 0.014 0.015 0.017 0.013 0.015 0.018 0.023 0.014 0.013 0.014 0.013 0.022 0.014 0.017 0.015 0.018 0.013 0.022 0.015 0.018 0.014 0.014 0.012 0.021 0.017 0.017 0.018 0.016 0.013 0.013 0.017 0.018 0.018 0.014 0.019 0.015 0.012 0.013 0.013 0.008 0.022 0.021 0.000 0.013 0.016 0.009 0.013 0.012 0.014 0.013 0.020 0.015 0.013 
85 0.009 0.009 0.024 0.013 0.017 0.030 0.020 0.012 0.016 0.013 0.009 0.020 0.020 0.015 0.013 0.019 0.013 0.013 0.021 0.040 0.014 0.028 0.017 0.017 0.015 0.017 0.013 0.012 0.008 0.014 0.016 0.022 0.020 0.020 0.012 0.011 0.010 0.023 0.013 0.009 0.009 0.014 0.015 0.016 0.019 0.014 0.015 0.017 0.022 0.009 0.012 0.013 0.011 0.021 0.010 0.015 0.013 0.017 0.012 0.022 0.013 0.019 0.013 0.009 0.010 0.020 0.015 0.016 0.016 0.013 0.009 0.012 0.014 0.018 0.018 0.014 0.018 0.013 0.009 0.008 0.016 0.013 0.023 0.020 0.013 0.000 0.014 0.011 0.013 0.011 0.013 0.012 0.019 0.016 0.012 
86 0.013 0.015 0.025 0.016 0.016 0.031 0.021 0.013 0.018 0.017 0.014 0.021 0.021 0.018 0.017 0.019 0.012 0.013 0.021 0.040 0.013 0.028 0.018 0.016 0.015 0.016 0.016 0.014 0.014 0.014 0.018 0.022 0.021 0.020 0.014 0.015 0.013 0.024 0.015 0.015 0.013 0.015 0.015 0.015 0.019 0.015 0.016 0.020 0.022 0.013 0.013 0.012 0.012 0.021 0.014 0.017 0.015 0.017 0.013 0.021 0.012 0.021 0.016 0.013 0.015 0.021 0.014 0.015 0.016 0.013 0.013 0.012 0.018 0.017 0.017 0.013 0.019 0.016 0.014 0.014 0.018 0.016 0.021 0.019 0.016 0.014 0.000 0.015 0.016 0.014 0.015 0.014 0.018 0.017 0.014 
87 0.012 0.011 0.024 0.015 0.017 0.031 0.020 0.013 0.017 0.015 0.012 0.020 0.020 0.016 0.014 0.020 0.014 0.015 0.022 0.040 0.014 0.028 0.017 0.018 0.017 0.017 0.015 0.014 0.011 0.015 0.016 0.023 0.020 0.021 0.014 0.011 0.013 0.023 0.014 0.010 0.012 0.016 0.014 0.014 0.017 0.014 0.014 0.018 0.023 0.012 0.013 0.014 0.014 0.022 0.013 0.016 0.014 0.018 0.014 0.022 0.015 0.020 0.014 0.012 0.010 0.020 0.016 0.017 0.018 0.015 0.012 0.013 0.016 0.018 0.018 0.014 0.019 0.014 0.011 0.011 0.016 0.012 0.022 0.021 0.009 0.011 0.015 0.000 0.013 0.012 0.014 0.014 0.019 0.015 0.013 
88 0.013 0.013 0.024 0.011 0.018 0.030 0.020 0.013 0.017 0.016 0.014 0.019 0.020 0.017 0.013 0.020 0.013 0.014 0.022 0.040 0.014 0.027 0.018 0.018 0.017 0.017 0.014 0.013 0.012 0.013 0.017 0.022 0.021 0.020 0.016 0.009 0.012 0.023 0.015 0.011 0.013 0.016 0.014 0.015 0.018 0.013 0.014 0.018 0.024 0.014 0.013 0.014 0.013 0.022 0.013 0.014 0.016 0.016 0.013 0.022 0.015 0.021 0.015 0.013 0.014 0.021 0.017 0.017 0.018 0.015 0.013 0.012 0.018 0.018 0.018 0.014 0.020 0.016 0.012 0.013 0.017 0.011 0.021 0.021 0.013 0.013 0.016 0.013 0.000 0.012 0.012 0.013 0.021 0.014 0.013 
89 0.011 0.011 0.024 0.013 0.016 0.030 0.020 0.010 0.015 0.015 0.012 0.020 0.019 0.016 0.014 0.019 0.011 0.012 0.021 0.039 0.013 0.028 0.017 0.017 0.015 0.016 0.014 0.011 0.010 0.014 0.016 0.021 0.021 0.021 0.013 0.011 0.009 0.023 0.013 0.009 0.011 0.013 0.013 0.015 0.017 0.012 0.014 0.018 0.022 0.011 0.010 0.011 0.010 0.022 0.011 0.015 0.013 0.016 0.010 0.021 0.012 0.019 0.013 0.011 0.012 0.021 0.014 0.016 0.016 0.013 0.011 0.011 0.016 0.018 0.017 0.013 0.018 0.014 0.009 0.008 0.016 0.012 0.022 0.020 0.012 0.011 0.014 0.012 0.012 0.000 0.012 0.012 0.020 0.014 0.011 
90 0.013 0.014 0.025 0.011 0.016 0.030 0.022 0.013 0.017 0.015 0.013 0.018 0.020 0.017 0.015 0.020 0.012 0.013 0.021 0.040 0.014 0.027 0.018 0.017 0.016 0.015 0.015 0.013 0.012 0.011 0.017 0.022 0.022 0.020 0.014 0.013 0.012 0.024 0.011 0.012 0.013 0.015 0.014 0.014 0.018 0.014 0.015 0.019 0.022 0.013 0.012 0.012 0.012 0.022 0.012 0.014 0.015 0.015 0.013 0.021 0.012 0.021 0.014 0.013 0.014 0.021 0.015 0.016 0.016 0.013 0.013 0.013 0.018 0.019 0.018 0.014 0.020 0.015 0.013 0.013 0.018 0.014 0.022 0.020 0.014 0.013 0.015 0.014 0.012 0.012 0.000 0.014 0.020 0.015 0.013 
91 0.013 0.011 0.024 0.013 0.017 0.031 0.020 0.008 0.017 0.015 0.014 0.020 0.018 0.017 0.015 0.020 0.009 0.013 0.022 0.039 0.011 0.027 0.015 0.017 0.017 0.016 0.014 0.009 0.009 0.014 0.017 0.021 0.020 0.019 0.014 0.013 0.009 0.022 0.014 0.011 0.012 0.014 0.015 0.016 0.019 0.014 0.016 0.018 0.022 0.013 0.011 0.012 0.010 0.021 0.012 0.017 0.013 0.017 0.008 0.021 0.014 0.019 0.015 0.013 0.014 0.020 0.016 0.016 0.017 0.015 0.012 0.010 0.018 0.016 0.016 0.011 0.020 0.016 0.011 0.013 0.016 0.013 0.021 0.020 0.013 0.012 0.014 0.014 0.013 0.012 0.014 0.000 0.020 0.016 0.011 
92 0.018 0.020 0.028 0.021 0.020 0.030 0.024 0.020 0.022 0.019 0.019 0.022 0.025 0.022 0.020 0.024 0.019 0.020 0.023 0.039 0.020 0.028 0.021 0.016 0.021 0.020 0.021 0.020 0.019 0.020 0.022 0.022 0.023 0.023 0.020 0.020 0.019 0.027 0.020 0.020 0.019 0.019 0.020 0.020 0.023 0.021 0.021 0.024 0.021 0.018 0.019 0.019 0.019 0.020 0.019 0.021 0.020 0.021 0.020 0.025 0.018 0.024 0.021 0.018 0.019 0.024 0.021 0.018 0.020 0.019 0.019 0.020 0.022 0.022 0.023 0.020 0.023 0.018 0.019 0.020 0.022 0.021 0.025 0.018 0.020 0.019 0.018 0.019 0.021 0.020 0.020 0.020 0.000 0.021 0.020 
93 0.016 0.016 0.025 0.016 0.014 0.029 0.022 0.016 0.019 0.018 0.016 0.019 0.021 0.019 0.017 0.020 0.015 0.015 0.022 0.040 0.016 0.028 0.020 0.017 0.018 0.015 0.017 0.015 0.015 0.015 0.019 0.023 0.023 0.022 0.017 0.014 0.014 0.024 0.015 0.015 0.016 0.014 0.011 0.013 0.016 0.011 0.012 0.021 0.024 0.016 0.014 0.015 0.014 0.023 0.016 0.016 0.018 0.017 0.016 0.022 0.015 0.022 0.016 0.016 0.016 0.022 0.018 0.017 0.018 0.015 0.015 0.015 0.020 0.020 0.020 0.016 0.020 0.017 0.015 0.016 0.018 0.015 0.021 0.021 0.015 0.016 0.017 0.015 0.014 0.014 0.015 0.016 0.021 0.000 0.014 
94 0.013 0.013 0.025 0.014 0.013 0.028 0.021 0.009 0.017 0.015 0.013 0.020 0.020 0.017 0.015 0.020 0.011 0.012 0.021 0.038 0.013 0.028 0.017 0.015 0.016 0.013 0.015 0.011 0.010 0.014 0.017 0.021 0.021 0.022 0.014 0.013 0.007 0.023 0.014 0.011 0.012 0.009 0.013 0.015 0.017 0.012 0.014 0.019 0.021 0.012 0.010 0.011 0.009 0.022 0.013 0.017 0.013 0.017 0.009 0.020 0.014 0.020 0.014 0.013 0.014 0.021 0.016 0.015 0.017 0.013 0.012 0.011 0.018 0.019 0.017 0.013 0.019 0.015 0.012 0.012 0.014 0.013 0.023 0.019 0.013 0.012 0.014 0.013 0.013 0.011 0.013 0.011 0.020 0.014 0.000 
