0 1.000 0.929 0.788 0.897 0.879 0.647 0.817 0.919 0.849 0.909 0.962 0.812 0.818 0.906 0.898 0.828 0.921 0.908 0.831 0.598 0.919 0.702 0.845 0.878 0.901 0.878 0.894 0.916 0.940 0.923 0.866 0.800 0.767 0.821 0.887 0.924 0.938 0.792 0.897 0.940 0.955 0.900 0.891 0.886 0.847 0.895 0.882 0.810 0.782 0.942 0.926 0.925 0.931 0.791 0.920 0.891 0.902 0.868 0.920 0.771 0.927 0.823 0.888 1.000 0.930 0.811 0.908 0.891 0.884 0.924 0.966 0.924 0.876 0.828 0.835 0.911 0.846 0.903 0.920 0.926 0.852 0.896 0.776 0.834 0.893 0.945 0.909 0.912 0.899 0.928 0.909 0.910 0.845 0.870 0.907 
1 0.929 1.000 0.806 0.908 0.857 0.644 0.833 0.934 0.865 0.911 0.933 0.799 0.846 0.894 0.902 0.806 0.925 0.897 0.806 0.591 0.906 0.709 0.866 0.871 0.875 0.862 0.895 0.933 0.939 0.903 0.862 0.806 0.744 0.817 0.888 0.947 0.933 0.819 0.893 0.969 0.945 0.892 0.894 0.881 0.836 0.895 0.879 0.857 0.776 0.951 0.909 0.907 0.925 0.790 0.912 0.879 0.915 0.853 0.931 0.754 0.903 0.839 0.892 0.929 0.945 0.813 0.888 0.884 0.857 0.901 0.944 0.925 0.884 0.843 0.826 0.902 0.828 0.911 0.937 0.934 0.861 0.904 0.783 0.828 0.911 0.947 0.893 0.929 0.904 0.930 0.900 0.924 0.832 0.864 0.907 
2 0.788 0.806 1.000 0.781 0.730 0.762 0.821 0.775 0.741 0.769 0.791 0.734 0.829 0.768 0.754 0.765 0.769 0.765 0.671 0.595 0.775 0.814 0.764 0.741 0.817 0.742 0.761 0.785 0.785 0.784 0.741 0.652 0.607 0.720 0.751 0.786 0.786 0.903 0.772 0.818 0.809 0.751 0.764 0.759 0.730 0.763 0.746 0.742 0.678 0.802 0.770 0.774 0.784 0.669 0.768 0.786 0.818 0.764 0.773 0.668 0.765 0.827 0.754 0.788 0.787 0.748 0.802 0.749 0.752 0.763 0.805 0.783 0.733 0.691 0.707 0.772 0.751 0.780 0.773 0.781 0.709 0.763 0.731 0.717 0.768 0.786 0.758 0.779 0.770 0.781 0.772 0.768 0.703 0.745 0.759 
3 0.897 0.908 0.781 1.000 0.848 0.657 0.813 0.909 0.826 0.866 0.898 0.835 0.838 0.860 0.872 0.796 0.915 0.881 0.794 0.595 0.891 0.735 0.827 0.854 0.850 0.863 0.880 0.922 0.914 0.917 0.841 0.790 0.716 0.809 0.852 0.892 0.912 0.790 0.897 0.918 0.912 0.873 0.878 0.866 0.827 0.880 0.865 0.806 0.752 0.899 0.903 0.897 0.909 0.773 0.901 0.887 0.884 0.892 0.908 0.745 0.892 0.831 0.864 0.897 0.891 0.796 0.868 0.865 0.845 0.890 0.909 0.904 0.826 0.816 0.815 0.889 0.807 0.859 0.901 0.890 0.828 0.878 0.786 0.813 0.872 0.901 0.872 0.880 0.921 0.907 0.925 0.905 0.804 0.863 0.883 
4 0.879 0.857 0.730 0.848 1.000 0.693 0.773 0.892 0.797 0.844 0.881 0.793 0.782 0.834 0.841 0.779 0.902 0.914 0.807 0.632 0.914 0.666 0.822 0.907 0.841 0.930 0.839 0.896 0.884 0.891 0.827 0.809 0.709 0.783 0.840 0.857 0.912 0.741 0.867 0.874 0.886 0.937 0.914 0.915 0.903 0.921 0.909 0.756 0.788 0.880 0.931 0.948 0.923 0.752 0.875 0.843 0.873 0.837 0.893 0.805 0.890 0.796 0.870 0.879 0.857 0.780 0.865 0.902 0.837 0.901 0.886 0.901 0.812 0.812 0.852 0.926 0.815 0.851 0.884 0.871 0.856 0.856 0.777 0.838 0.865 0.871 0.886 0.871 0.857 0.888 0.876 0.875 0.831 0.901 0.909 
5 0.647 0.644 0.762 0.657 0.693 1.000 0.679 0.682 0.637 0.657 0.649 0.657 0.703 0.626 0.646 0.631 0.666 0.671 0.664 0.700 0.648 0.769 0.685 0.711 0.698 0.716 0.655 0.661 0.664 0.671 0.611 0.681 0.542 0.625 0.617 0.655 0.700 0.752 0.668 0.658 0.660 0.730 0.668 0.649 0.633 0.673 0.653 0.604 0.689 0.657 0.683 0.669 0.686 0.624 0.658 0.685 0.707 0.681 0.683 0.636 0.652 0.715 0.658 0.647 0.625 0.627 0.666 0.690 0.635 0.669 0.661 0.666 0.592 0.573 0.615 0.653 0.633 0.660 0.660 0.650 0.677 0.643 0.607 0.676 0.637 0.654 0.647 0.632 0.660 0.667 0.662 0.656 0.651 0.679 0.708 
6 0.817 0.833 0.821 0.813 0.773 0.679 1.000 0.835 0.772 0.779 0.835 0.751 0.897 0.802 0.798 0.780 0.836 0.810 0.707 0.589 0.824 0.732 0.793 0.778 0.842 0.780 0.804 0.821 0.830 0.815 0.779 0.715 0.674 0.767 0.791 0.819 0.828 0.890 0.795 0.831 0.831 0.789 0.798 0.790 0.760 0.796 0.783 0.755 0.684 0.817 0.820 0.815 0.826 0.718 0.819 0.807 0.834 0.798 0.835 0.703 0.799 0.907 0.792 0.817 0.818 0.764 0.783 0.784 0.784 0.798 0.825 0.832 0.774 0.785 0.768 0.828 0.780 0.783 0.823 0.818 0.784 0.807 0.807 0.729 0.802 0.828 0.807 0.807 0.810 0.822 0.801 0.832 0.749 0.774 0.802 
7 0.919 0.934 0.775 0.909 0.892 0.682 0.835 1.000 0.848 0.884 0.921 0.810 0.848 0.879 0.890 0.808 0.969 0.932 0.825 0.625 0.936 0.705 0.881 0.892 0.877 0.897 0.893 0.951 0.942 0.913 0.857 0.828 0.730 0.824 0.871 0.914 0.981 0.814 0.901 0.941 0.938 0.933 0.903 0.882 0.849 0.911 0.884 0.816 0.787 0.926 0.948 0.943 0.962 0.792 0.926 0.873 0.927 0.875 0.990 0.791 0.916 0.863 0.886 0.919 0.900 0.811 0.898 0.904 0.866 0.911 0.932 0.952 0.852 0.841 0.856 0.934 0.838 0.884 0.927 0.921 0.878 0.905 0.790 0.846 0.903 0.925 0.919 0.901 0.903 0.943 0.910 0.956 0.835 0.873 0.951 
8 0.849 0.865 0.741 0.826 0.797 0.637 0.772 0.848 1.000 0.829 0.852 0.764 0.770 0.831 0.833 0.782 0.843 0.836 0.770 0.627 0.821 0.686 0.826 0.808 0.811 0.803 0.817 0.839 0.861 0.819 0.801 0.768 0.701 0.748 0.834 0.870 0.867 0.762 0.845 0.870 0.863 0.829 0.825 0.812 0.792 0.830 0.810 0.801 0.733 0.868 0.846 0.840 0.857 0.709 0.862 0.803 0.859 0.791 0.850 0.741 0.838 0.787 0.826 0.849 0.846 0.738 0.830 0.814 0.823 0.837 0.864 0.834 0.827 0.790 0.785 0.817 0.770 0.831 0.833 0.857 0.795 0.826 0.735 0.778 0.826 0.856 0.829 0.834 0.827 0.862 0.845 0.838 0.770 0.800 0.840 
9 0.909 0.911 0.769 0.866 0.844 0.657 0.779 0.884 0.829 1.000 0.912 0.776 0.787 0.881 0.892 0.794 0.882 0.875 0.813 0.606 0.875 0.714 0.819 0.857 0.861 0.847 0.860 0.885 0.908 0.880 0.835 0.803 0.742 0.783 0.869 0.896 0.902 0.760 0.881 0.910 0.935 0.869 0.865 0.857 0.814 0.868 0.851 0.796 0.793 0.924 0.883 0.883 0.895 0.787 0.886 0.852 0.875 0.833 0.885 0.742 0.887 0.793 0.869 0.909 0.903 0.785 0.878 0.856 0.844 0.884 0.943 0.890 0.849 0.799 0.796 0.870 0.808 0.951 0.893 0.896 0.825 0.865 0.744 0.846 0.872 0.913 0.869 0.886 0.867 0.894 0.878 0.879 0.836 0.841 0.876 
10 0.962 0.933 0.791 0.898 0.881 0.649 0.835 0.921 0.852 0.912 1.000 0.801 0.834 0.922 0.902 0.828 0.929 0.916 0.832 0.598 0.923 0.711 0.857 0.886 0.895 0.886 0.893 0.921 0.942 0.929 0.876 0.804 0.734 0.829 0.886 0.927 0.939 0.798 0.904 0.942 0.958 0.901 0.895 0.892 0.852 0.899 0.882 0.811 0.788 0.940 0.931 0.931 0.935 0.796 0.929 0.901 0.903 0.862 0.922 0.777 0.929 0.836 0.895 0.962 0.951 0.810 0.906 0.897 0.889 0.933 0.969 0.929 0.897 0.817 0.842 0.918 0.845 0.904 0.926 0.932 0.866 0.910 0.775 0.841 0.907 0.951 0.910 0.916 0.901 0.933 0.913 0.911 0.847 0.873 0.909 
11 0.812 0.799 0.734 0.835 0.793 0.657 0.751 0.810 0.764 0.776 0.801 1.000 0.780 0.778 0.784 0.738 0.812 0.799 0.725 0.547 0.797 0.669 0.774 0.793 0.784 0.801 0.800 0.808 0.816 0.820 0.779 0.715 0.662 0.779 0.764 0.800 0.824 0.743 0.805 0.811 0.809 0.811 0.814 0.797 0.769 0.814 0.798 0.713 0.682 0.810 0.820 0.807 0.822 0.718 0.802 0.816 0.808 0.902 0.808 0.678 0.824 0.769 0.800 0.812 0.794 0.736 0.791 0.800 0.794 0.821 0.811 0.809 0.738 0.777 0.730 0.793 0.801 0.776 0.807 0.797 0.759 0.794 0.761 0.741 0.799 0.801 0.800 0.795 0.820 0.819 0.830 0.807 0.766 0.808 0.812 
12 0.818 0.846 0.829 0.838 0.782 0.703 0.897 0.848 0.770 0.787 0.834 0.780 1.000 0.802 0.795 0.785 0.842 0.821 0.718 0.602 0.831 0.755 0.816 0.789 0.857 0.794 0.807 0.849 0.841 0.834 0.792 0.722 0.656 0.772 0.794 0.815 0.844 0.854 0.812 0.845 0.831 0.806 0.806 0.794 0.773 0.810 0.791 0.764 0.691 0.814 0.836 0.831 0.842 0.713 0.819 0.824 0.839 0.808 0.843 0.715 0.812 0.926 0.792 0.818 0.823 0.755 0.788 0.799 0.798 0.806 0.830 0.844 0.775 0.781 0.770 0.831 0.776 0.783 0.840 0.825 0.787 0.827 0.800 0.741 0.828 0.828 0.805 0.811 0.819 0.837 0.826 0.846 0.740 0.791 0.818 
13 0.906 0.894 0.768 0.860 0.834 0.626 0.802 0.879 0.831 0.881 0.922 0.778 0.802 1.000 0.863 0.815 0.882 0.870 0.792 0.628 0.874 0.687 0.818 0.840 0.865 0.839 0.851 0.880 0.897 0.879 0.839 0.757 0.695 0.786 0.846 0.885 0.898 0.768 0.873 0.905 0.909 0.856 0.853 0.850 0.892 0.858 0.839 0.839 0.745 0.899 0.880 0.882 0.891 0.751 0.885 0.853 0.868 0.827 0.880 0.755 0.895 0.811 0.856 0.906 0.905 0.791 0.861 0.851 0.893 0.893 0.916 0.885 0.876 0.792 0.816 0.866 0.811 0.862 0.875 0.890 0.822 0.870 0.761 0.796 0.868 0.898 0.860 0.876 0.859 0.890 0.872 0.867 0.802 0.832 0.867 
14 0.898 0.902 0.754 0.872 0.841 0.646 0.798 0.890 0.833 0.892 0.902 0.784 0.795 0.863 1.000 0.777 0.884 0.871 0.816 0.613 0.873 0.706 0.840 0.866 0.842 0.847 0.859 0.891 0.909 0.878 0.833 0.809 0.722 0.797 0.837 0.936 0.902 0.773 0.874 0.918 0.913 0.862 0.883 0.872 0.830 0.888 0.872 0.796 0.772 0.894 0.883 0.879 0.895 0.767 0.889 0.866 0.869 0.835 0.886 0.746 0.872 0.785 0.846 0.898 0.904 0.780 0.855 0.855 0.828 0.874 0.917 0.899 0.834 0.817 0.796 0.869 0.802 0.882 0.889 0.896 0.830 0.911 0.764 0.831 0.880 0.904 0.862 0.894 0.915 0.901 0.879 0.885 0.831 0.859 0.879 
15 0.828 0.806 0.765 0.796 0.779 0.631 0.780 0.808 0.782 0.794 0.828 0.738 0.785 0.815 0.777 1.000 0.817 0.811 0.732 0.639 0.822 0.687 0.746 0.777 0.867 0.778 0.780 0.821 0.814 0.814 0.774 0.701 0.633 0.731 0.774 0.807 0.825 0.763 0.800 0.819 0.827 0.793 0.798 0.797 0.789 0.801 0.785 0.736 0.688 0.831 0.817 0.823 0.828 0.680 0.807 0.796 0.803 0.780 0.812 0.733 0.826 0.788 0.785 0.828 0.812 0.719 0.831 0.787 0.824 0.820 0.834 0.824 0.803 0.753 0.762 0.815 0.768 0.790 0.805 0.811 0.739 0.786 0.771 0.733 0.779 0.811 0.817 0.790 0.789 0.815 0.803 0.793 0.729 0.780 0.796 
16 0.921 0.925 0.769 0.915 0.902 0.666 0.836 0.969 0.843 0.882 0.929 0.812 0.842 0.882 0.884 0.817 1.000 0.936 0.833 0.623 0.945 0.715 0.880 0.897 0.886 0.904 0.887 0.947 0.937 0.923 0.858 0.841 0.729 0.837 0.867 0.903 0.961 0.807 0.900 0.933 0.935 0.921 0.898 0.888 0.855 0.903 0.885 0.804 0.793 0.925 0.957 0.953 0.959 0.805 0.928 0.876 0.922 0.878 0.978 0.801 0.925 0.863 0.892 0.920 0.902 0.815 0.909 0.910 0.876 0.921 0.931 0.947 0.855 0.841 0.866 0.943 0.833 0.880 0.929 0.914 0.877 0.899 0.800 0.855 0.900 0.919 0.924 0.895 0.903 0.941 0.916 0.945 0.848 0.878 0.929 
17 0.908 0.897 0.765 0.881 0.914 0.671 0.810 0.932 0.836 0.875 0.916 0.799 0.821 0.870 0.871 0.811 0.936 1.000 0.832 0.620 0.940 0.693 0.850 0.900 0.874 0.899 0.878 0.932 0.921 0.915 0.855 0.818 0.726 0.810 0.867 0.892 0.949 0.781 0.897 0.914 0.921 0.921 0.907 0.903 0.869 0.913 0.893 0.793 0.802 0.914 0.953 0.959 0.961 0.780 0.918 0.868 0.906 0.862 0.933 0.814 0.917 0.833 0.887 0.907 0.888 0.796 0.897 0.906 0.866 0.908 0.921 0.939 0.845 0.825 0.872 0.942 0.840 0.881 0.917 0.909 0.856 0.888 0.784 0.848 0.887 0.907 0.916 0.885 0.885 0.924 0.907 0.910 0.831 0.877 0.919 
18 0.831 0.806 0.671 0.794 0.807 0.664 0.707 0.825 0.770 0.813 0.832 0.725 0.718 0.792 0.816 0.732 0.833 0.832 1.000 0.690 0.827 0.672 0.789 0.827 0.792 0.796 0.798 0.825 0.825 0.819 0.765 0.839 0.663 0.729 0.789 0.816 0.844 0.673 0.804 0.818 0.837 0.814 0.808 0.810 0.764 0.811 0.792 0.726 0.805 0.840 0.835 0.842 0.846 0.791 0.829 0.804 0.807 0.785 0.827 0.765 0.866 0.729 0.798 0.831 0.808 0.711 0.827 0.832 0.811 0.850 0.837 0.825 0.756 0.746 0.774 0.820 0.748 0.822 0.811 0.830 0.783 0.805 0.694 0.830 0.786 0.819 0.833 0.795 0.806 0.825 0.818 0.807 0.794 0.796 0.813 
19 0.598 0.591 0.595 0.595 0.632 0.700 0.589 0.625 0.627 0.606 0.598 0.547 0.602 0.628 0.613 0.639 0.623 0.620 0.690 1.000 0.606 0.639 0.597 0.649 0.630 0.654 0.596 0.618 0.618 0.611 0.543 0.687 0.475 0.514 0.560 0.601 0.641 0.571 0.600 0.608 0.609 0.644 0.603 0.583 0.626 0.610 0.588 0.599 0.680 0.602 0.633 0.626 0.641 0.589 0.609 0.604 0.622 0.588 0.626 0.681 0.597 0.611 0.589 0.597 0.575 0.546 0.620 0.635 0.606 0.610 0.609 0.624 0.625 0.537 0.616 0.611 0.546 0.613 0.611 0.598 0.614 0.589 0.568 0.660 0.578 0.602 0.597 0.579 0.606 0.617 0.601 0.613 0.601 0.597 0.645 
20 0.919 0.906 0.775 0.891 0.914 0.648 0.824 0.936 0.821 0.875 0.923 0.797 0.831 0.874 0.873 0.822 0.945 0.940 0.827 0.606 1.000 0.695 0.855 0.890 0.879 0.896 0.876 0.936 0.924 0.923 0.861 0.821 0.726 0.827 0.865 0.893 0.941 0.796 0.885 0.922 0.929 0.907 0.895 0.906 0.874 0.900 0.891 0.801 0.790 0.911 0.945 0.963 0.947 0.790 0.906 0.876 0.902 0.856 0.937 0.811 0.916 0.833 0.879 0.919 0.897 0.813 0.901 0.901 0.865 0.907 0.926 0.947 0.846 0.840 0.896 0.976 0.838 0.874 0.916 0.897 0.863 0.892 0.807 0.846 0.893 0.909 0.919 0.895 0.889 0.913 0.903 0.926 0.831 0.866 0.912 
21 0.702 0.709 0.814 0.735 0.666 0.769 0.732 0.705 0.686 0.714 0.711 0.669 0.755 0.687 0.706 0.687 0.715 0.693 0.672 0.639 0.695 1.000 0.710 0.686 0.738 0.695 0.685 0.731 0.702 0.718 0.660 0.694 0.581 0.677 0.654 0.699 0.708 0.798 0.709 0.716 0.714 0.676 0.677 0.674 0.653 0.682 0.668 0.646 0.733 0.703 0.705 0.699 0.706 0.679 0.705 0.725 0.730 0.697 0.705 0.632 0.696 0.748 0.679 0.701 0.702 0.683 0.701 0.686 0.688 0.710 0.712 0.701 0.652 0.640 0.653 0.699 0.643 0.715 0.700 0.689 0.667 0.681 0.674 0.696 0.677 0.699 0.685 0.687 0.699 0.702 0.713 0.708 0.684 0.684 0.697 
22 0.845 0.866 0.764 0.827 0.822 0.685 0.793 0.881 0.826 0.819 0.857 0.774 0.816 0.818 0.840 0.746 0.880 0.850 0.789 0.597 0.855 0.710 1.000 0.841 0.811 0.822 0.820 0.863 0.866 0.839 0.819 0.807 0.690 0.777 0.807 0.857 0.878 0.793 0.828 0.865 0.857 0.837 0.823 0.814 0.783 0.826 0.803 0.773 0.744 0.858 0.866 0.863 0.870 0.758 0.855 0.843 0.899 0.807 0.882 0.729 0.837 0.860 0.839 0.844 0.854 0.765 0.814 0.850 0.799 0.835 0.856 0.858 0.805 0.790 0.785 0.853 0.797 0.820 0.865 0.848 0.877 0.898 0.749 0.792 0.894 0.858 0.838 0.850 0.845 0.866 0.836 0.878 0.808 0.815 0.852 
23 0.878 0.871 0.741 0.854 0.907 0.711 0.778 0.892 0.808 0.857 0.886 0.793 0.789 0.840 0.866 0.777 0.897 0.900 0.827 0.649 0.890 0.686 0.841 1.000 0.841 0.909 0.848 0.890 0.888 0.887 0.828 0.822 0.701 0.782 0.839 0.869 0.909 0.751 0.868 0.879 0.888 0.908 0.891 0.881 0.834 0.884 0.865 0.770 0.803 0.890 0.904 0.909 0.915 0.774 0.874 0.859 0.877 0.840 0.893 0.768 0.885 0.807 0.861 0.878 0.869 0.768 0.865 0.937 0.837 0.887 0.889 0.895 0.824 0.791 0.815 0.891 0.805 0.861 0.884 0.876 0.850 0.860 0.753 0.860 0.860 0.881 0.888 0.865 0.862 0.886 0.872 0.874 0.876 0.866 0.897 
24 0.901 0.875 0.817 0.850 0.841 0.698 0.842 0.877 0.811 0.861 0.895 0.784 0.857 0.865 0.842 0.867 0.886 0.874 0.792 0.630 0.879 0.738 0.811 0.841 1.000 0.844 0.848 0.876 0.884 0.871 0.821 0.764 0.698 0.797 0.848 0.865 0.894 0.822 0.860 0.886 0.897 0.860 0.853 0.846 0.824 0.856 0.844 0.772 0.745 0.894 0.888 0.885 0.892 0.742 0.875 0.844 0.874 0.832 0.879 0.760 0.898 0.855 0.848 0.901 0.868 0.779 0.900 0.850 0.865 0.884 0.902 0.883 0.829 0.799 0.798 0.873 0.812 0.856 0.874 0.880 0.804 0.839 0.785 0.796 0.843 0.879 0.880 0.856 0.849 0.888 0.871 0.860 0.795 0.837 0.864 
25 0.878 0.862 0.742 0.863 0.930 0.716 0.780 0.897 0.803 0.847 0.886 0.801 0.794 0.839 0.847 0.778 0.904 0.899 0.796 0.654 0.896 0.695 0.822 0.909 0.844 1.000 0.850 0.889 0.887 0.900 0.819 0.799 0.703 0.793 0.836 0.861 0.914 0.750 0.886 0.878 0.887 0.926 0.887 0.882 0.850 0.892 0.869 0.763 0.788 0.881 0.917 0.915 0.914 0.757 0.875 0.854 0.875 0.853 0.898 0.774 0.884 0.803 0.869 0.878 0.860 0.781 0.873 0.902 0.832 0.899 0.888 0.895 0.817 0.785 0.821 0.897 0.796 0.853 0.878 0.869 0.856 0.856 0.747 0.833 0.859 0.873 0.879 0.859 0.862 0.887 0.884 0.880 0.827 0.869 0.912 
26 0.894 0.895 0.761 0.880 0.839 0.655 0.804 0.893 0.817 0.860 0.893 0.800 0.807 0.851 0.859 0.780 0.887 0.878 0.798 0.596 0.876 0.685 0.820 0.848 0.848 0.850 1.000 0.886 0.942 0.897 0.834 0.777 0.696 0.793 0.846 0.881 0.908 0.784 0.881 0.902 0.903 0.869 0.864 0.849 0.805 0.866 0.850 0.782 0.767 0.894 0.886 0.882 0.901 0.772 0.887 0.863 0.892 0.859 0.893 0.747 0.868 0.812 0.854 0.894 0.878 0.778 0.853 0.857 0.827 0.871 0.908 0.898 0.827 0.799 0.812 0.875 0.804 0.857 0.895 0.885 0.831 0.863 0.755 0.803 0.867 0.908 0.872 0.877 0.880 0.892 0.877 0.892 0.802 0.843 0.880 
27 0.916 0.933 0.785 0.922 0.896 0.661 0.821 0.951 0.839 0.885 0.921 0.808 0.849 0.880 0.891 0.821 0.947 0.932 0.825 0.618 0.936 0.731 0.863 0.890 0.876 0.889 0.886 1.000 0.937 0.926 0.867 0.823 0.724 0.826 0.868 0.914 0.954 0.796 0.896 0.944 0.932 0.921 0.926 0.902 0.871 0.938 0.901 0.821 0.790 0.922 0.935 0.946 0.970 0.789 0.916 0.878 0.913 0.870 0.952 0.792 0.917 0.840 0.880 0.916 0.911 0.820 0.895 0.903 0.867 0.911 0.930 0.965 0.847 0.851 0.859 0.938 0.835 0.885 0.926 0.916 0.857 0.903 0.804 0.845 0.900 0.919 0.905 0.900 0.907 0.935 0.911 0.947 0.830 0.877 0.924 
28 0.940 0.939 0.785 0.914 0.884 0.664 0.830 0.942 0.861 0.908 0.942 0.816 0.841 0.897 0.909 0.814 0.937 0.921 0.825 0.618 0.924 0.702 0.866 0.888 0.884 0.887 0.942 0.937 1.000 0.927 0.879 0.823 0.734 0.815 0.892 0.928 0.960 0.806 0.911 0.953 0.951 0.914 0.904 0.884 0.848 0.908 0.888 0.828 0.785 0.940 0.936 0.933 0.951 0.787 0.926 0.884 0.942 0.873 0.942 0.780 0.912 0.845 0.896 0.940 0.926 0.807 0.897 0.900 0.868 0.910 0.957 0.946 0.873 0.837 0.847 0.920 0.835 0.902 0.944 0.931 0.876 0.912 0.778 0.844 0.914 0.956 0.911 0.922 0.914 0.944 0.915 0.943 0.835 0.877 0.930 
29 0.923 0.903 0.784 0.917 0.891 0.671 0.815 0.913 0.819 0.880 0.929 0.820 0.834 0.879 0.878 0.814 0.923 0.915 0.819 0.611 0.923 0.718 0.839 0.887 0.871 0.900 0.897 0.926 0.927 1.000 0.854 0.799 0.704 0.819 0.857 0.897 0.931 0.785 0.910 0.919 0.921 0.901 0.903 0.898 0.861 0.907 0.889 0.788 0.788 0.908 0.928 0.935 0.938 0.792 0.897 0.906 0.894 0.891 0.913 0.782 0.906 0.831 0.874 0.922 0.904 0.802 0.884 0.896 0.860 0.905 0.931 0.934 0.850 0.812 0.843 0.923 0.819 0.874 0.913 0.899 0.846 0.892 0.784 0.841 0.888 0.912 0.902 0.888 0.904 0.912 0.926 0.905 0.824 0.881 0.902 
30 0.866 0.862 0.741 0.841 0.827 0.611 0.779 0.857 0.801 0.835 0.876 0.779 0.792 0.839 0.833 0.774 0.858 0.855 0.765 0.543 0.861 0.660 0.819 0.828 0.821 0.819 0.834 0.867 0.879 0.854 1.000 0.761 0.704 0.784 0.832 0.864 0.875 0.746 0.854 0.873 0.862 0.833 0.844 0.844 0.805 0.845 0.849 0.780 0.732 0.871 0.873 0.874 0.872 0.728 0.858 0.823 0.859 0.805 0.858 0.727 0.859 0.792 0.851 0.866 0.880 0.767 0.840 0.840 0.810 0.846 0.869 0.862 0.817 0.792 0.788 0.856 0.826 0.832 0.869 0.868 0.813 0.863 0.742 0.783 0.853 0.866 0.845 0.860 0.849 0.875 0.858 0.851 0.786 0.825 0.844 
31 0.800 0.806 0.652 0.790 0.809 0.681 0.715 0.828 0.768 0.803 0.804 0.715 0.722 0.757 0.809 0.701 0.841 0.818 0.839 0.687 0.821 0.694 0.807 0.822 0.764 0.799 0.777 0.823 0.823 0.799 0.761 1.000 0.666 0.716 0.768 0.798 0.839 0.677 0.786 0.811 0.809 0.814 0.789 0.787 0.748 0.793 0.784 0.709 0.813 0.814 0.840 0.834 0.837 0.776 0.808 0.776 0.807 0.761 0.832 0.735 0.801 0.736 0.785 0.800 0.788 0.698 0.784 0.816 0.756 0.806 0.810 0.820 0.740 0.732 0.761 0.814 0.727 0.803 0.825 0.797 0.816 0.793 0.684 0.827 0.799 0.812 0.804 0.794 0.798 0.824 0.804 0.824 0.794 0.779 0.825 
32 0.767 0.744 0.607 0.716 0.709 0.542 0.674 0.730 0.701 0.742 0.734 0.662 0.656 0.695 0.722 0.633 0.729 0.726 0.663 0.475 0.726 0.581 0.690 0.701 0.698 0.703 0.696 0.724 0.734 0.704 0.704 0.666 1.000 0.672 0.804 0.739 0.729 0.621 0.717 0.738 0.742 0.712 0.701 0.699 0.661 0.705 0.695 0.752 0.657 0.743 0.727 0.721 0.725 0.658 0.742 0.694 0.715 0.680 0.730 0.605 0.733 0.663 0.720 0.767 0.734 0.675 0.727 0.705 0.679 0.724 0.738 0.725 0.683 0.717 0.700 0.724 0.690 0.746 0.733 0.736 0.711 0.718 0.641 0.686 0.713 0.738 0.720 0.727 0.717 0.727 0.721 0.733 0.691 0.692 0.723 
33 0.821 0.817 0.720 0.809 0.783 0.625 0.767 0.824 0.748 0.783 0.829 0.779 0.772 0.786 0.797 0.731 0.837 0.810 0.729 0.514 0.827 0.677 0.777 0.782 0.797 0.793 0.793 0.826 0.815 0.819 0.784 0.716 0.672 1.000 0.768 0.812 0.819 0.752 0.810 0.822 0.828 0.793 0.796 0.794 0.759 0.801 0.795 0.716 0.698 0.817 0.822 0.819 0.821 0.759 0.819 0.812 0.798 0.817 0.824 0.685 0.835 0.757 0.807 0.821 0.816 0.791 0.810 0.795 0.795 0.830 0.825 0.821 0.754 0.808 0.759 0.824 0.774 0.779 0.809 0.810 0.766 0.795 0.779 0.751 0.797 0.813 0.815 0.803 0.810 0.819 0.820 0.829 0.790 0.783 0.794 
34 0.887 0.888 0.751 0.852 0.840 0.617 0.791 0.871 0.834 0.869 0.886 0.764 0.794 0.846 0.837 0.774 0.867 0.867 0.789 0.560 0.865 0.654 0.807 0.839 0.848 0.836 0.846 0.868 0.892 0.857 0.832 0.768 0.804 0.768 1.000 0.867 0.889 0.747 0.863 0.882 0.897 0.861 0.848 0.844 0.800 0.850 0.828 0.864 0.746 0.916 0.870 0.877 0.886 0.739 0.879 0.822 0.868 0.810 0.873 0.739 0.878 0.806 0.857 0.887 0.875 0.764 0.863 0.849 0.829 0.873 0.902 0.873 0.834 0.812 0.797 0.857 0.808 0.883 0.870 0.890 0.822 0.840 0.742 0.801 0.851 0.891 0.874 0.863 0.837 0.875 0.866 0.870 0.790 0.819 0.866 
35 0.924 0.947 0.786 0.892 0.857 0.655 0.819 0.914 0.870 0.896 0.927 0.800 0.815 0.885 0.936 0.807 0.903 0.892 0.816 0.601 0.893 0.699 0.857 0.869 0.865 0.861 0.881 0.914 0.928 0.897 0.864 0.798 0.739 0.812 0.867 1.000 0.926 0.811 0.886 0.955 0.934 0.886 0.906 0.894 0.853 0.912 0.891 0.853 0.760 0.926 0.903 0.900 0.917 0.761 0.907 0.893 0.889 0.855 0.910 0.750 0.896 0.808 0.875 0.924 0.926 0.800 0.881 0.881 0.853 0.898 0.939 0.921 0.854 0.834 0.816 0.889 0.826 0.894 0.909 0.923 0.858 0.955 0.781 0.815 0.904 0.927 0.885 0.917 0.956 0.928 0.901 0.905 0.823 0.900 0.902 
36 0.938 0.933 0.786 0.912 0.912 0.700 0.828 0.981 0.867 0.902 0.939 0.824 0.844 0.898 0.902 0.825 0.961 0.949 0.844 0.641 0.941 0.708 0.878 0.909 0.894 0.914 0.908 0.954 0.960 0.931 0.875 0.839 0.729 0.819 0.889 0.926 1.000 0.807 0.918 0.952 0.951 0.950 0.919 0.899 0.866 0.928 0.900 0.819 0.801 0.945 0.964 0.960 0.980 0.792 0.939 0.889 0.938 0.891 0.983 0.806 0.935 0.861 0.904 0.937 0.916 0.810 0.914 0.921 0.885 0.928 0.951 0.960 0.868 0.836 0.858 0.936 0.853 0.900 0.940 0.938 0.885 0.916 0.786 0.863 0.915 0.942 0.930 0.914 0.915 0.959 0.928 0.952 0.846 0.891 0.967 
37 0.792 0.819 0.903 0.790 0.741 0.752 0.890 0.814 0.762 0.760 0.798 0.743 0.854 0.768 0.773 0.763 0.807 0.781 0.673 0.571 0.796 0.798 0.793 0.751 0.822 0.750 0.784 0.796 0.806 0.785 0.746 0.677 0.621 0.752 0.747 0.811 0.807 1.000 0.778 0.816 0.813 0.771 0.765 0.754 0.731 0.768 0.754 0.718 0.653 0.794 0.790 0.786 0.800 0.683 0.790 0.790 0.832 0.778 0.814 0.680 0.763 0.854 0.756 0.792 0.780 0.745 0.756 0.757 0.755 0.768 0.807 0.807 0.738 0.729 0.735 0.798 0.759 0.760 0.786 0.790 0.753 0.777 0.765 0.700 0.770 0.802 0.781 0.777 0.786 0.796 0.774 0.812 0.715 0.753 0.781 
38 0.897 0.893 0.772 0.897 0.867 0.668 0.795 0.901 0.845 0.881 0.904 0.805 0.812 0.873 0.874 0.800 0.900 0.897 0.804 0.600 0.885 0.709 0.828 0.868 0.860 0.886 0.881 0.896 0.911 0.910 0.854 0.786 0.717 0.810 0.863 0.886 0.918 0.778 1.000 0.908 0.916 0.891 0.879 0.875 0.831 0.884 0.865 0.789 0.777 0.912 0.907 0.902 0.912 0.775 0.917 0.879 0.890 0.870 0.902 0.757 0.906 0.820 0.898 0.897 0.899 0.793 0.893 0.871 0.854 0.903 0.916 0.894 0.848 0.797 0.816 0.885 0.812 0.883 0.892 0.909 0.843 0.869 0.756 0.820 0.877 0.900 0.883 0.888 0.876 0.912 0.927 0.893 0.814 0.862 0.894 
39 0.940 0.969 0.818 0.918 0.874 0.658 0.831 0.941 0.870 0.910 0.942 0.811 0.845 0.905 0.918 0.819 0.933 0.914 0.818 0.608 0.922 0.716 0.865 0.879 0.886 0.878 0.902 0.944 0.953 0.919 0.873 0.811 0.738 0.822 0.882 0.955 0.952 0.816 0.908 1.000 0.959 0.907 0.907 0.892 0.854 0.914 0.894 0.849 0.776 0.940 0.927 0.924 0.942 0.779 0.925 0.893 0.923 0.869 0.940 0.770 0.918 0.839 0.896 0.940 0.939 0.813 0.902 0.891 0.869 0.913 0.955 0.941 0.873 0.837 0.840 0.918 0.838 0.907 0.933 0.937 0.866 0.924 0.784 0.834 0.926 0.943 0.898 0.934 0.924 0.953 0.919 0.932 0.832 0.884 0.925 
40 0.955 0.945 0.809 0.912 0.886 0.660 0.831 0.938 0.863 0.935 0.958 0.809 0.831 0.909 0.913 0.827 0.935 0.921 0.837 0.609 0.929 0.714 0.857 0.888 0.897 0.887 0.903 0.932 0.951 0.921 0.862 0.809 0.742 0.828 0.897 0.934 0.951 0.813 0.916 0.959 1.000 0.911 0.898 0.890 0.848 0.903 0.881 0.825 0.791 0.957 0.929 0.932 0.944 0.792 0.932 0.896 0.923 0.871 0.938 0.778 0.928 0.839 0.896 0.955 0.933 0.814 0.912 0.900 0.885 0.927 0.989 0.935 0.878 0.835 0.846 0.923 0.844 0.915 0.923 0.934 0.865 0.904 0.785 0.843 0.904 0.949 0.917 0.921 0.905 0.937 0.914 0.929 0.842 0.874 0.920 
41 0.900 0.892 0.751 0.873 0.937 0.730 0.789 0.933 0.829 0.869 0.901 0.811 0.806 0.856 0.862 0.793 0.921 0.921 0.814 0.644 0.907 0.676 0.837 0.908 0.860 0.926 0.869 0.921 0.914 0.901 0.833 0.814 0.712 0.793 0.861 0.886 0.950 0.771 0.891 0.907 0.911 1.000 0.920 0.898 0.867 0.932 0.900 0.780 0.789 0.905 0.931 0.927 0.949 0.764 0.898 0.853 0.901 0.861 0.934 0.784 0.905 0.818 0.884 0.900 0.872 0.789 0.880 0.901 0.854 0.917 0.913 0.929 0.829 0.812 0.830 0.905 0.823 0.874 0.905 0.900 0.869 0.874 0.763 0.846 0.880 0.900 0.901 0.878 0.876 0.917 0.891 0.907 0.837 0.893 0.948 
42 0.891 0.894 0.764 0.878 0.914 0.668 0.798 0.903 0.825 0.865 0.895 0.814 0.806 0.853 0.883 0.798 0.898 0.907 0.808 0.603 0.895 0.677 0.823 0.891 0.853 0.887 0.864 0.926 0.904 0.903 0.844 0.789 0.701 0.796 0.848 0.906 0.919 0.765 0.879 0.907 0.898 0.920 1.000 0.971 0.926 0.988 0.959 0.785 0.781 0.899 0.910 0.913 0.932 0.766 0.884 0.862 0.881 0.869 0.900 0.771 0.898 0.798 0.874 0.890 0.892 0.798 0.872 0.892 0.848 0.902 0.904 0.923 0.828 0.849 0.822 0.895 0.834 0.873 0.900 0.897 0.842 0.895 0.803 0.829 0.895 0.892 0.888 0.897 0.901 0.909 0.894 0.890 0.823 0.918 0.907 
43 0.886 0.881 0.759 0.866 0.915 0.649 0.790 0.882 0.812 0.857 0.892 0.797 0.794 0.850 0.872 0.797 0.888 0.903 0.810 0.583 0.906 0.674 0.814 0.881 0.846 0.882 0.849 0.902 0.884 0.898 0.844 0.787 0.699 0.794 0.844 0.894 0.899 0.754 0.875 0.892 0.890 0.898 0.971 1.000 0.926 0.962 0.956 0.776 0.791 0.892 0.903 0.914 0.908 0.767 0.875 0.860 0.865 0.851 0.879 0.772 0.896 0.787 0.866 0.886 0.890 0.798 0.870 0.883 0.846 0.899 0.896 0.898 0.824 0.843 0.823 0.897 0.830 0.867 0.882 0.889 0.831 0.885 0.809 0.826 0.884 0.880 0.885 0.894 0.887 0.891 0.892 0.870 0.819 0.909 0.887 
44 0.847 0.836 0.730 0.827 0.903 0.633 0.760 0.849 0.792 0.814 0.852 0.769 0.773 0.892 0.830 0.789 0.855 0.869 0.764 0.626 0.874 0.653 0.783 0.834 0.824 0.850 0.805 0.871 0.848 0.861 0.805 0.748 0.661 0.759 0.800 0.853 0.866 0.731 0.831 0.854 0.848 0.867 0.926 0.926 1.000 0.933 0.921 0.801 0.727 0.845 0.885 0.902 0.877 0.715 0.837 0.823 0.830 0.815 0.846 0.787 0.856 0.767 0.832 0.847 0.846 0.776 0.830 0.836 0.846 0.857 0.854 0.869 0.809 0.816 0.838 0.885 0.803 0.820 0.850 0.845 0.797 0.852 0.797 0.781 0.850 0.838 0.843 0.856 0.853 0.860 0.853 0.838 0.769 0.873 0.854 
45 0.895 0.895 0.763 0.880 0.921 0.673 0.796 0.911 0.830 0.868 0.899 0.814 0.810 0.858 0.888 0.801 0.903 0.913 0.811 0.610 0.900 0.682 0.826 0.884 0.856 0.892 0.866 0.938 0.908 0.907 0.845 0.793 0.705 0.801 0.850 0.912 0.928 0.768 0.884 0.914 0.903 0.932 0.988 0.962 0.933 1.000 0.963 0.788 0.772 0.899 0.916 0.920 0.945 0.761 0.889 0.865 0.883 0.870 0.908 0.778 0.902 0.800 0.877 0.895 0.891 0.798 0.876 0.884 0.851 0.906 0.909 0.936 0.827 0.849 0.830 0.903 0.833 0.875 0.902 0.900 0.847 0.902 0.802 0.827 0.899 0.894 0.890 0.899 0.906 0.916 0.898 0.898 0.818 0.921 0.916 
46 0.882 0.879 0.746 0.865 0.909 0.653 0.783 0.884 0.810 0.851 0.882 0.798 0.791 0.839 0.872 0.785 0.885 0.893 0.792 0.588 0.891 0.668 0.803 0.865 0.844 0.869 0.850 0.901 0.888 0.889 0.849 0.784 0.695 0.795 0.828 0.891 0.900 0.754 0.865 0.894 0.881 0.900 0.959 0.956 0.921 0.963 1.000 0.768 0.765 0.881 0.908 0.908 0.908 0.758 0.873 0.852 0.866 0.852 0.881 0.767 0.885 0.779 0.864 0.881 0.883 0.789 0.859 0.864 0.834 0.888 0.887 0.899 0.818 0.838 0.818 0.891 0.833 0.853 0.895 0.888 0.821 0.874 0.800 0.813 0.873 0.884 0.868 0.892 0.893 0.900 0.885 0.873 0.806 0.909 0.889 
47 0.810 0.857 0.742 0.806 0.756 0.604 0.755 0.816 0.801 0.796 0.811 0.713 0.764 0.839 0.796 0.736 0.804 0.793 0.726 0.599 0.801 0.646 0.773 0.770 0.772 0.763 0.782 0.821 0.828 0.788 0.780 0.709 0.752 0.716 0.864 0.853 0.819 0.718 0.789 0.849 0.825 0.780 0.785 0.776 0.801 0.788 0.768 1.000 0.694 0.825 0.799 0.801 0.815 0.681 0.805 0.781 0.808 0.746 0.812 0.683 0.798 0.754 0.780 0.810 0.825 0.758 0.822 0.783 0.784 0.784 0.822 0.814 0.787 0.779 0.758 0.798 0.748 0.802 0.811 0.821 0.758 0.820 0.721 0.755 0.797 0.823 0.789 0.806 0.816 0.812 0.795 0.817 0.725 0.779 0.793 
48 0.782 0.776 0.678 0.752 0.788 0.689 0.684 0.787 0.733 0.793 0.788 0.682 0.691 0.745 0.772 0.688 0.793 0.802 0.805 0.680 0.790 0.733 0.744 0.803 0.745 0.788 0.767 0.790 0.785 0.788 0.732 0.813 0.657 0.698 0.746 0.760 0.801 0.653 0.777 0.776 0.791 0.789 0.781 0.791 0.727 0.772 0.765 0.694 1.000 0.793 0.799 0.803 0.806 0.783 0.790 0.752 0.783 0.736 0.789 0.712 0.792 0.704 0.762 0.782 0.770 0.715 0.798 0.794 0.745 0.801 0.791 0.788 0.727 0.709 0.748 0.788 0.713 0.807 0.781 0.784 0.763 0.748 0.669 0.838 0.754 0.782 0.790 0.764 0.748 0.780 0.774 0.774 0.785 0.749 0.794 
49 0.942 0.951 0.802 0.899 0.880 0.657 0.817 0.926 0.868 0.924 0.940 0.810 0.814 0.899 0.894 0.831 0.925 0.914 0.840 0.602 0.911 0.703 0.858 0.890 0.894 0.881 0.894 0.922 0.940 0.908 0.871 0.814 0.743 0.817 0.916 0.926 0.945 0.794 0.912 0.940 0.957 0.905 0.899 0.892 0.845 0.899 0.881 0.825 0.793 1.000 0.921 0.925 0.938 0.792 0.929 0.881 0.920 0.873 0.928 0.770 0.930 0.837 0.918 0.942 0.945 0.807 0.915 0.902 0.897 0.937 0.959 0.921 0.893 0.830 0.827 0.904 0.849 0.936 0.932 0.941 0.864 0.894 0.773 0.848 0.899 0.949 0.917 0.921 0.894 0.934 0.912 0.908 0.847 0.871 0.913 
50 0.926 0.909 0.770 0.903 0.931 0.683 0.820 0.948 0.846 0.883 0.931 0.820 0.836 0.880 0.883 0.817 0.957 0.953 0.835 0.633 0.945 0.705 0.866 0.904 0.888 0.917 0.886 0.935 0.936 0.928 0.873 0.840 0.727 0.822 0.870 0.903 0.964 0.790 0.907 0.927 0.929 0.931 0.910 0.903 0.885 0.916 0.908 0.799 0.799 0.921 1.000 0.976 0.964 0.790 0.927 0.884 0.920 0.883 0.949 0.827 0.929 0.850 0.907 0.925 0.905 0.810 0.910 0.910 0.875 0.921 0.929 0.942 0.863 0.830 0.881 0.957 0.852 0.886 0.943 0.918 0.875 0.903 0.790 0.857 0.905 0.924 0.921 0.906 0.906 0.943 0.922 0.929 0.841 0.890 0.937 
51 0.925 0.907 0.774 0.897 0.948 0.669 0.815 0.943 0.840 0.883 0.931 0.807 0.831 0.882 0.879 0.823 0.953 0.959 0.842 0.626 0.963 0.699 0.863 0.909 0.885 0.915 0.882 0.946 0.933 0.935 0.874 0.834 0.721 0.819 0.877 0.900 0.960 0.786 0.902 0.924 0.932 0.927 0.913 0.914 0.902 0.920 0.908 0.801 0.803 0.925 0.976 1.000 0.975 0.791 0.922 0.882 0.916 0.872 0.944 0.845 0.930 0.845 0.893 0.925 0.907 0.809 0.908 0.923 0.876 0.919 0.932 0.951 0.858 0.832 0.894 0.972 0.852 0.883 0.927 0.919 0.868 0.899 0.797 0.864 0.899 0.920 0.928 0.906 0.899 0.937 0.921 0.925 0.845 0.881 0.928 
52 0.931 0.925 0.784 0.909 0.923 0.686 0.826 0.962 0.857 0.895 0.935 0.822 0.842 0.891 0.895 0.828 0.959 0.961 0.846 0.641 0.947 0.706 0.870 0.915 0.892 0.914 0.901 0.970 0.951 0.938 0.872 0.837 0.725 0.821 0.886 0.917 0.980 0.800 0.912 0.942 0.944 0.949 0.932 0.908 0.877 0.945 0.908 0.815 0.806 0.938 0.964 0.975 1.000 0.795 0.932 0.886 0.932 0.887 0.963 0.820 0.933 0.852 0.896 0.930 0.910 0.810 0.912 0.928 0.883 0.926 0.944 0.976 0.861 0.838 0.870 0.948 0.852 0.895 0.936 0.932 0.875 0.907 0.791 0.868 0.907 0.934 0.933 0.907 0.910 0.951 0.925 0.942 0.853 0.888 0.947 
53 0.791 0.790 0.669 0.773 0.752 0.624 0.718 0.792 0.709 0.787 0.796 0.718 0.713 0.751 0.767 0.680 0.805 0.780 0.791 0.589 0.790 0.679 0.758 0.774 0.742 0.757 0.772 0.789 0.787 0.792 0.728 0.776 0.658 0.759 0.739 0.761 0.792 0.683 0.775 0.779 0.792 0.764 0.766 0.767 0.715 0.761 0.758 0.681 0.783 0.792 0.790 0.791 0.795 1.000 0.782 0.763 0.780 0.762 0.794 0.697 0.791 0.722 0.766 0.791 0.786 0.746 0.767 0.785 0.751 0.793 0.792 0.789 0.739 0.739 0.732 0.789 0.716 0.793 0.791 0.777 0.756 0.753 0.705 0.799 0.763 0.794 0.792 0.772 0.762 0.779 0.774 0.795 0.819 0.741 0.772 
54 0.920 0.912 0.768 0.901 0.875 0.658 0.819 0.926 0.862 0.886 0.929 0.802 0.819 0.885 0.889 0.807 0.928 0.918 0.829 0.609 0.906 0.705 0.855 0.874 0.875 0.875 0.887 0.916 0.926 0.897 0.858 0.808 0.742 0.819 0.879 0.907 0.939 0.790 0.917 0.925 0.932 0.898 0.884 0.875 0.837 0.889 0.873 0.805 0.790 0.929 0.927 0.922 0.932 0.782 1.000 0.869 0.905 0.861 0.928 0.781 0.915 0.836 0.890 0.920 0.913 0.801 0.896 0.883 0.872 0.916 0.931 0.915 0.863 0.823 0.846 0.906 0.832 0.887 0.916 0.928 0.854 0.890 0.771 0.836 0.890 0.930 0.901 0.901 0.891 0.930 0.917 0.919 0.834 0.860 0.908 
55 0.891 0.879 0.786 0.887 0.843 0.685 0.807 0.873 0.803 0.852 0.901 0.816 0.824 0.853 0.866 0.796 0.876 0.868 0.804 0.604 0.876 0.725 0.843 0.859 0.844 0.854 0.863 0.878 0.884 0.906 0.823 0.776 0.694 0.812 0.822 0.893 0.889 0.790 0.879 0.893 0.896 0.853 0.862 0.860 0.823 0.865 0.852 0.781 0.752 0.881 0.884 0.882 0.886 0.763 0.869 1.000 0.852 0.888 0.870 0.737 0.878 0.814 0.854 0.891 0.888 0.782 0.853 0.870 0.839 0.879 0.900 0.885 0.821 0.782 0.795 0.875 0.810 0.846 0.879 0.874 0.819 0.878 0.778 0.796 0.857 0.887 0.861 0.867 0.896 0.884 0.887 0.868 0.808 0.871 0.861 
56 0.902 0.915 0.818 0.884 0.873 0.707 0.834 0.927 0.859 0.875 0.903 0.808 0.839 0.868 0.869 0.803 0.922 0.906 0.807 0.622 0.902 0.730 0.899 0.877 0.874 0.875 0.892 0.913 0.942 0.894 0.859 0.807 0.715 0.798 0.868 0.889 0.938 0.832 0.890 0.923 0.923 0.901 0.881 0.865 0.830 0.883 0.866 0.808 0.783 0.920 0.920 0.916 0.932 0.780 0.905 0.852 1.000 0.858 0.928 0.777 0.895 0.861 0.888 0.902 0.893 0.803 0.879 0.884 0.852 0.892 0.917 0.912 0.854 0.815 0.828 0.902 0.837 0.883 0.917 0.911 0.856 0.877 0.768 0.834 0.885 0.917 0.903 0.898 0.876 0.919 0.887 0.911 0.828 0.851 0.912 
57 0.868 0.853 0.764 0.892 0.837 0.681 0.798 0.875 0.791 0.833 0.862 0.902 0.808 0.827 0.835 0.780 0.878 0.862 0.785 0.588 0.856 0.697 0.807 0.840 0.832 0.853 0.859 0.870 0.873 0.891 0.805 0.761 0.680 0.817 0.810 0.855 0.891 0.778 0.870 0.869 0.871 0.861 0.869 0.851 0.815 0.870 0.852 0.746 0.736 0.873 0.883 0.872 0.887 0.762 0.861 0.888 0.858 1.000 0.874 0.726 0.883 0.818 0.858 0.868 0.851 0.776 0.852 0.847 0.838 0.874 0.872 0.866 0.789 0.787 0.778 0.855 0.855 0.827 0.863 0.856 0.809 0.847 0.771 0.790 0.841 0.861 0.860 0.839 0.875 0.878 0.888 0.863 0.796 0.850 0.860 
58 0.920 0.931 0.773 0.908 0.893 0.683 0.835 0.990 0.850 0.885 0.922 0.808 0.843 0.880 0.886 0.812 0.978 0.933 0.827 0.626 0.937 0.705 0.882 0.893 0.879 0.898 0.893 0.952 0.942 0.913 0.858 0.832 0.730 0.824 0.873 0.910 0.983 0.814 0.902 0.940 0.938 0.934 0.900 0.879 0.846 0.908 0.881 0.812 0.789 0.928 0.949 0.944 0.963 0.794 0.928 0.870 0.928 0.874 1.000 0.792 0.917 0.865 0.888 0.920 0.897 0.812 0.902 0.906 0.868 0.912 0.934 0.952 0.851 0.841 0.857 0.935 0.837 0.884 0.926 0.922 0.879 0.900 0.790 0.848 0.901 0.925 0.921 0.899 0.899 0.943 0.911 0.956 0.838 0.872 0.951 
59 0.771 0.754 0.668 0.745 0.805 0.636 0.703 0.791 0.741 0.742 0.777 0.678 0.715 0.755 0.746 0.733 0.801 0.814 0.765 0.681 0.811 0.632 0.729 0.768 0.760 0.774 0.747 0.792 0.780 0.782 0.727 0.735 0.605 0.685 0.739 0.750 0.806 0.680 0.757 0.770 0.778 0.784 0.771 0.772 0.787 0.778 0.767 0.683 0.712 0.770 0.827 0.845 0.820 0.697 0.781 0.737 0.777 0.726 0.792 1.000 0.775 0.728 0.753 0.770 0.754 0.664 0.763 0.769 0.750 0.773 0.777 0.802 0.769 0.703 0.802 0.826 0.715 0.747 0.781 0.769 0.732 0.750 0.715 0.753 0.751 0.767 0.782 0.757 0.750 0.786 0.768 0.775 0.709 0.740 0.784 
60 0.927 0.903 0.765 0.892 0.890 0.652 0.799 0.916 0.838 0.887 0.929 0.824 0.812 0.895 0.872 0.826 0.925 0.917 0.866 0.597 0.916 0.696 0.837 0.885 0.898 0.884 0.868 0.917 0.912 0.906 0.859 0.801 0.733 0.835 0.878 0.896 0.935 0.763 0.906 0.918 0.928 0.905 0.898 0.896 0.856 0.902 0.885 0.798 0.792 0.930 0.929 0.930 0.933 0.791 0.915 0.878 0.895 0.883 0.917 0.775 1.000 0.818 0.910 0.926 0.907 0.805 0.943 0.895 0.923 0.960 0.927 0.914 0.851 0.837 0.831 0.908 0.852 0.887 0.903 0.924 0.844 0.882 0.783 0.845 0.883 0.910 0.922 0.888 0.886 0.925 0.917 0.897 0.845 0.873 0.904 
61 0.823 0.839 0.827 0.831 0.796 0.715 0.907 0.863 0.787 0.793 0.836 0.769 0.926 0.811 0.785 0.788 0.863 0.833 0.729 0.611 0.833 0.748 0.860 0.807 0.855 0.803 0.812 0.840 0.845 0.831 0.792 0.736 0.663 0.757 0.806 0.808 0.861 0.854 0.820 0.839 0.839 0.818 0.798 0.787 0.767 0.800 0.779 0.754 0.704 0.837 0.850 0.845 0.852 0.722 0.836 0.814 0.861 0.818 0.865 0.728 0.818 1.000 0.819 0.823 0.822 0.754 0.795 0.813 0.806 0.816 0.835 0.834 0.785 0.769 0.769 0.833 0.796 0.793 0.843 0.827 0.832 0.849 0.791 0.757 0.856 0.835 0.817 0.819 0.806 0.845 0.821 0.843 0.761 0.786 0.829 
62 0.888 0.892 0.754 0.864 0.870 0.658 0.792 0.886 0.826 0.869 0.895 0.800 0.792 0.856 0.846 0.785 0.892 0.887 0.798 0.589 0.879 0.679 0.839 0.861 0.848 0.869 0.854 0.880 0.896 0.874 0.851 0.785 0.720 0.807 0.857 0.875 0.904 0.756 0.898 0.896 0.896 0.884 0.874 0.866 0.832 0.877 0.864 0.780 0.762 0.918 0.907 0.893 0.896 0.766 0.890 0.854 0.888 0.858 0.888 0.753 0.910 0.819 1.000 0.888 0.899 0.792 0.884 0.855 0.853 0.901 0.895 0.878 0.848 0.801 0.810 0.883 0.839 0.880 0.906 0.900 0.854 0.872 0.755 0.810 0.884 0.901 0.873 0.883 0.869 0.904 0.883 0.869 0.806 0.853 0.886 
63 1.000 0.929 0.788 0.897 0.879 0.647 0.817 0.919 0.849 0.909 0.962 0.812 0.818 0.906 0.898 0.828 0.920 0.907 0.831 0.597 0.919 0.701 0.844 0.878 0.901 0.878 0.894 0.916 0.940 0.922 0.866 0.800 0.767 0.821 0.887 0.924 0.937 0.792 0.897 0.940 0.955 0.900 0.890 0.886 0.847 0.895 0.881 0.810 0.782 0.942 0.925 0.925 0.930 0.791 0.920 0.891 0.902 0.868 0.920 0.770 0.926 0.823 0.888 1.000 0.931 0.810 0.908 0.890 0.883 0.924 0.966 0.924 0.876 0.828 0.834 0.911 0.846 0.903 0.919 0.926 0.852 0.896 0.775 0.834 0.892 0.945 0.909 0.912 0.899 0.928 0.909 0.910 0.845 0.870 0.907 
64 0.930 0.945 0.787 0.891 0.857 0.625 0.818 0.900 0.846 0.903 0.951 0.794 0.823 0.905 0.904 0.812 0.902 0.888 0.808 0.575 0.897 0.702 0.854 0.869 0.868 0.860 0.878 0.911 0.926 0.904 0.880 0.788 0.734 0.816 0.875 0.926 0.916 0.780 0.899 0.939 0.933 0.872 0.892 0.890 0.846 0.891 0.883 0.825 0.770 0.945 0.905 0.907 0.910 0.786 0.913 0.888 0.893 0.851 0.897 0.754 0.907 0.822 0.899 0.931 1.000 0.805 0.889 0.881 0.863 0.907 0.938 0.910 0.918 0.823 0.818 0.893 0.840 0.903 0.932 0.932 0.857 0.912 0.770 0.824 0.912 0.944 0.888 0.933 0.900 0.922 0.898 0.894 0.836 0.861 0.888 
65 0.811 0.813 0.748 0.796 0.780 0.627 0.764 0.811 0.738 0.785 0.810 0.736 0.755 0.791 0.780 0.719 0.815 0.796 0.711 0.546 0.813 0.683 0.765 0.768 0.779 0.781 0.778 0.820 0.807 0.802 0.767 0.698 0.675 0.791 0.764 0.800 0.810 0.745 0.793 0.813 0.814 0.789 0.798 0.798 0.776 0.798 0.789 0.758 0.715 0.807 0.810 0.809 0.810 0.746 0.801 0.782 0.803 0.776 0.812 0.664 0.805 0.754 0.792 0.810 0.805 1.000 0.807 0.781 0.779 0.802 0.813 0.810 0.748 0.787 0.743 0.812 0.765 0.789 0.805 0.808 0.757 0.791 0.760 0.752 0.790 0.807 0.797 0.802 0.796 0.805 0.796 0.814 0.753 0.764 0.788 
66 0.908 0.888 0.802 0.868 0.865 0.666 0.783 0.898 0.830 0.878 0.906 0.791 0.788 0.861 0.855 0.831 0.909 0.897 0.827 0.620 0.901 0.701 0.814 0.865 0.900 0.873 0.853 0.895 0.897 0.884 0.840 0.784 0.727 0.810 0.863 0.881 0.914 0.756 0.893 0.902 0.912 0.880 0.872 0.870 0.830 0.876 0.859 0.822 0.798 0.915 0.910 0.908 0.912 0.767 0.896 0.853 0.879 0.852 0.902 0.763 0.943 0.795 0.884 0.908 0.889 0.807 1.000 0.874 0.866 0.906 0.912 0.899 0.834 0.814 0.821 0.895 0.826 0.880 0.884 0.904 0.823 0.856 0.760 0.843 0.861 0.891 0.910 0.874 0.863 0.907 0.894 0.878 0.819 0.849 0.884 
67 0.891 0.884 0.749 0.865 0.902 0.690 0.784 0.904 0.814 0.856 0.897 0.800 0.799 0.851 0.855 0.787 0.910 0.906 0.832 0.635 0.901 0.686 0.850 0.937 0.850 0.902 0.857 0.903 0.900 0.896 0.840 0.816 0.705 0.795 0.849 0.881 0.921 0.757 0.871 0.891 0.900 0.901 0.892 0.883 0.836 0.884 0.864 0.783 0.794 0.902 0.910 0.923 0.928 0.785 0.883 0.870 0.884 0.847 0.906 0.769 0.895 0.813 0.855 0.890 0.881 0.781 0.874 1.000 0.847 0.893 0.900 0.908 0.832 0.803 0.821 0.898 0.812 0.857 0.888 0.888 0.862 0.871 0.764 0.847 0.863 0.893 0.898 0.871 0.874 0.897 0.884 0.886 0.860 0.865 0.899 
68 0.884 0.857 0.752 0.845 0.837 0.635 0.784 0.866 0.823 0.844 0.889 0.794 0.798 0.893 0.828 0.824 0.876 0.866 0.811 0.606 0.865 0.688 0.799 0.837 0.865 0.832 0.827 0.867 0.868 0.860 0.810 0.756 0.679 0.795 0.829 0.853 0.885 0.755 0.854 0.869 0.885 0.854 0.848 0.846 0.846 0.851 0.834 0.784 0.745 0.897 0.875 0.876 0.883 0.751 0.872 0.839 0.852 0.838 0.868 0.750 0.923 0.806 0.853 0.883 0.863 0.779 0.866 0.847 1.000 0.926 0.888 0.866 0.834 0.796 0.812 0.858 0.814 0.842 0.858 0.867 0.800 0.835 0.776 0.799 0.835 0.871 0.873 0.840 0.838 0.872 0.865 0.850 0.802 0.829 0.853 
69 0.924 0.901 0.763 0.890 0.901 0.669 0.798 0.911 0.837 0.884 0.933 0.821 0.806 0.893 0.874 0.820 0.921 0.908 0.850 0.610 0.907 0.710 0.835 0.887 0.884 0.899 0.871 0.911 0.910 0.905 0.846 0.806 0.724 0.830 0.873 0.898 0.928 0.768 0.903 0.913 0.927 0.917 0.902 0.899 0.857 0.906 0.888 0.784 0.801 0.937 0.921 0.919 0.926 0.793 0.916 0.879 0.892 0.874 0.912 0.773 0.960 0.816 0.901 0.924 0.907 0.802 0.906 0.893 0.926 1.000 0.930 0.910 0.856 0.819 0.828 0.902 0.833 0.889 0.904 0.912 0.864 0.880 0.777 0.840 0.881 0.913 0.911 0.888 0.884 0.916 0.909 0.893 0.844 0.882 0.915 
70 0.966 0.944 0.805 0.909 0.886 0.661 0.825 0.932 0.864 0.943 0.969 0.811 0.830 0.916 0.917 0.834 0.931 0.921 0.837 0.609 0.926 0.712 0.856 0.889 0.902 0.888 0.908 0.930 0.957 0.931 0.869 0.810 0.738 0.825 0.902 0.939 0.951 0.807 0.916 0.955 0.989 0.913 0.904 0.896 0.854 0.909 0.887 0.822 0.791 0.959 0.929 0.932 0.944 0.792 0.931 0.900 0.917 0.872 0.934 0.777 0.927 0.835 0.895 0.966 0.938 0.813 0.912 0.900 0.888 0.930 1.000 0.938 0.883 0.832 0.843 0.919 0.845 0.920 0.927 0.935 0.864 0.908 0.782 0.844 0.905 0.954 0.918 0.922 0.910 0.939 0.918 0.924 0.842 0.881 0.921 
71 0.924 0.925 0.783 0.904 0.901 0.666 0.832 0.952 0.834 0.890 0.929 0.809 0.844 0.885 0.899 0.824 0.947 0.939 0.825 0.624 0.947 0.701 0.858 0.895 0.883 0.895 0.898 0.965 0.946 0.934 0.862 0.820 0.725 0.821 0.873 0.921 0.960 0.807 0.894 0.941 0.935 0.929 0.923 0.898 0.869 0.936 0.899 0.814 0.788 0.921 0.942 0.951 0.976 0.789 0.915 0.885 0.912 0.866 0.952 0.802 0.914 0.834 0.878 0.924 0.910 0.810 0.899 0.908 0.866 0.910 0.938 1.000 0.858 0.844 0.872 0.950 0.831 0.888 0.941 0.918 0.868 0.911 0.796 0.848 0.906 0.929 0.923 0.906 0.914 0.937 0.908 0.940 0.837 0.876 0.932 
72 0.876 0.884 0.733 0.826 0.812 0.592 0.774 0.852 0.827 0.849 0.897 0.738 0.775 0.876 0.834 0.803 0.855 0.845 0.756 0.625 0.846 0.652 0.805 0.824 0.829 0.817 0.827 0.847 0.873 0.850 0.817 0.740 0.683 0.754 0.834 0.854 0.868 0.738 0.848 0.873 0.878 0.829 0.828 0.824 0.809 0.827 0.818 0.787 0.727 0.893 0.863 0.858 0.861 0.739 0.863 0.821 0.854 0.789 0.851 0.769 0.851 0.785 0.848 0.876 0.918 0.748 0.834 0.832 0.834 0.856 0.883 0.858 1.000 0.766 0.811 0.847 0.777 0.860 0.886 0.876 0.809 0.841 0.732 0.778 0.847 0.892 0.844 0.868 0.829 0.867 0.839 0.841 0.785 0.805 0.842 
73 0.828 0.843 0.691 0.816 0.812 0.573 0.785 0.841 0.790 0.799 0.817 0.777 0.781 0.792 0.817 0.753 0.841 0.825 0.746 0.537 0.840 0.640 0.790 0.791 0.799 0.785 0.799 0.851 0.837 0.812 0.792 0.732 0.717 0.808 0.812 0.834 0.836 0.729 0.797 0.837 0.835 0.812 0.849 0.843 0.816 0.849 0.838 0.779 0.709 0.830 0.830 0.832 0.838 0.739 0.823 0.782 0.815 0.787 0.841 0.703 0.837 0.769 0.801 0.828 0.823 0.787 0.814 0.803 0.796 0.819 0.832 0.844 0.766 1.000 0.785 0.839 0.806 0.795 0.832 0.830 0.785 0.824 0.879 0.759 0.824 0.829 0.834 0.833 0.828 0.830 0.818 0.854 0.770 0.805 0.813 
74 0.835 0.826 0.707 0.815 0.852 0.615 0.768 0.856 0.785 0.796 0.842 0.730 0.770 0.816 0.796 0.762 0.866 0.872 0.774 0.616 0.896 0.653 0.785 0.815 0.798 0.821 0.812 0.859 0.847 0.843 0.788 0.761 0.700 0.759 0.797 0.816 0.858 0.735 0.816 0.840 0.846 0.830 0.822 0.823 0.838 0.830 0.818 0.758 0.748 0.827 0.881 0.894 0.870 0.732 0.846 0.795 0.828 0.778 0.857 0.802 0.831 0.769 0.810 0.834 0.818 0.743 0.821 0.821 0.812 0.828 0.843 0.872 0.811 0.785 1.000 0.921 0.765 0.802 0.851 0.820 0.806 0.816 0.762 0.767 0.818 0.833 0.840 0.820 0.814 0.836 0.827 0.851 0.753 0.792 0.839 
75 0.911 0.902 0.772 0.889 0.926 0.653 0.828 0.934 0.817 0.870 0.918 0.793 0.831 0.866 0.869 0.815 0.943 0.942 0.820 0.611 0.976 0.699 0.853 0.891 0.873 0.897 0.875 0.938 0.920 0.923 0.856 0.814 0.724 0.824 0.857 0.889 0.936 0.798 0.885 0.918 0.923 0.905 0.895 0.897 0.885 0.903 0.891 0.798 0.788 0.904 0.957 0.972 0.948 0.789 0.906 0.875 0.902 0.855 0.935 0.826 0.908 0.833 0.883 0.911 0.893 0.812 0.895 0.898 0.858 0.902 0.919 0.950 0.847 0.839 0.921 1.000 0.835 0.873 0.925 0.897 0.860 0.889 0.804 0.842 0.889 0.908 0.917 0.895 0.888 0.913 0.899 0.923 0.827 0.863 0.910 
76 0.846 0.828 0.751 0.807 0.815 0.633 0.780 0.838 0.770 0.808 0.845 0.801 0.776 0.811 0.802 0.768 0.833 0.840 0.748 0.546 0.838 0.643 0.797 0.805 0.812 0.796 0.804 0.835 0.835 0.819 0.826 0.727 0.690 0.774 0.808 0.826 0.853 0.759 0.812 0.838 0.844 0.823 0.834 0.830 0.803 0.833 0.833 0.748 0.713 0.849 0.852 0.852 0.852 0.716 0.832 0.810 0.837 0.855 0.837 0.715 0.852 0.796 0.839 0.846 0.840 0.765 0.826 0.812 0.814 0.833 0.845 0.831 0.777 0.806 0.765 0.835 1.000 0.804 0.834 0.844 0.785 0.825 0.769 0.759 0.818 0.839 0.830 0.823 0.815 0.846 0.821 0.820 0.761 0.799 0.822 
77 0.903 0.911 0.780 0.859 0.851 0.660 0.783 0.884 0.831 0.951 0.904 0.776 0.783 0.862 0.882 0.790 0.880 0.881 0.822 0.613 0.874 0.715 0.820 0.861 0.856 0.853 0.857 0.885 0.902 0.874 0.832 0.803 0.746 0.779 0.883 0.894 0.900 0.760 0.883 0.907 0.915 0.874 0.873 0.867 0.820 0.875 0.853 0.802 0.807 0.936 0.886 0.883 0.895 0.793 0.887 0.846 0.883 0.827 0.884 0.747 0.887 0.793 0.880 0.903 0.903 0.789 0.880 0.857 0.842 0.889 0.920 0.888 0.860 0.795 0.802 0.873 0.804 1.000 0.897 0.910 0.829 0.864 0.738 0.849 0.869 0.905 0.878 0.891 0.862 0.897 0.875 0.870 0.840 0.844 0.882 
78 0.920 0.937 0.773 0.901 0.884 0.660 0.823 0.927 0.833 0.893 0.926 0.807 0.840 0.875 0.889 0.805 0.929 0.917 0.811 0.611 0.916 0.700 0.865 0.884 0.874 0.878 0.895 0.926 0.944 0.913 0.869 0.825 0.733 0.809 0.870 0.909 0.940 0.786 0.892 0.933 0.923 0.905 0.900 0.882 0.850 0.902 0.895 0.811 0.781 0.932 0.943 0.927 0.936 0.791 0.916 0.879 0.917 0.863 0.926 0.781 0.903 0.843 0.906 0.919 0.932 0.805 0.884 0.888 0.858 0.904 0.927 0.941 0.886 0.832 0.851 0.925 0.834 0.897 1.000 0.925 0.876 0.910 0.775 0.837 0.914 0.949 0.900 0.927 0.912 0.945 0.902 0.917 0.833 0.869 0.916 
79 0.926 0.934 0.781 0.890 0.871 0.650 0.818 0.921 0.857 0.896 0.932 0.797 0.825 0.890 0.896 0.811 0.914 0.909 0.830 0.598 0.897 0.689 0.848 0.876 0.880 0.869 0.885 0.916 0.931 0.899 0.868 0.797 0.736 0.810 0.890 0.923 0.938 0.790 0.909 0.937 0.934 0.900 0.897 0.889 0.845 0.900 0.888 0.821 0.784 0.941 0.918 0.919 0.932 0.777 0.928 0.874 0.911 0.856 0.922 0.769 0.924 0.827 0.900 0.926 0.932 0.808 0.904 0.888 0.867 0.912 0.935 0.918 0.876 0.830 0.820 0.897 0.844 0.910 0.925 1.000 0.850 0.898 0.767 0.830 0.896 0.959 0.906 0.920 0.899 0.960 0.913 0.904 0.830 0.863 0.908 
80 0.852 0.861 0.709 0.828 0.856 0.677 0.784 0.878 0.795 0.825 0.866 0.759 0.787 0.822 0.830 0.739 0.877 0.856 0.783 0.614 0.863 0.667 0.877 0.850 0.804 0.856 0.831 0.857 0.876 0.846 0.813 0.816 0.711 0.766 0.822 0.858 0.885 0.753 0.843 0.866 0.865 0.869 0.842 0.831 0.797 0.847 0.821 0.758 0.763 0.864 0.875 0.868 0.875 0.756 0.854 0.819 0.856 0.809 0.879 0.732 0.844 0.832 0.854 0.852 0.857 0.757 0.823 0.862 0.800 0.864 0.864 0.868 0.809 0.785 0.806 0.860 0.785 0.829 0.876 0.850 1.000 0.902 0.730 0.780 0.914 0.868 0.844 0.864 0.846 0.871 0.840 0.866 0.790 0.829 0.883 
81 0.896 0.904 0.763 0.878 0.856 0.643 0.807 0.905 0.826 0.865 0.910 0.794 0.827 0.870 0.911 0.786 0.899 0.888 0.805 0.589 0.892 0.681 0.898 0.860 0.839 0.856 0.863 0.903 0.912 0.892 0.863 0.793 0.718 0.795 0.840 0.955 0.916 0.777 0.869 0.924 0.904 0.874 0.895 0.885 0.852 0.902 0.874 0.820 0.748 0.894 0.903 0.899 0.907 0.753 0.890 0.878 0.877 0.847 0.900 0.750 0.882 0.849 0.872 0.896 0.912 0.791 0.856 0.871 0.835 0.880 0.908 0.911 0.841 0.824 0.816 0.889 0.825 0.864 0.910 0.898 0.902 1.000 0.776 0.806 0.949 0.899 0.868 0.910 0.943 0.919 0.888 0.895 0.808 0.889 0.892 
82 0.776 0.783 0.731 0.786 0.777 0.607 0.807 0.790 0.735 0.744 0.775 0.761 0.800 0.761 0.764 0.771 0.800 0.784 0.694 0.568 0.807 0.674 0.749 0.753 0.785 0.747 0.755 0.804 0.778 0.784 0.742 0.684 0.641 0.779 0.742 0.781 0.786 0.765 0.756 0.784 0.785 0.763 0.803 0.809 0.797 0.802 0.800 0.721 0.669 0.773 0.790 0.797 0.791 0.705 0.771 0.778 0.768 0.771 0.790 0.715 0.783 0.791 0.755 0.775 0.770 0.760 0.760 0.764 0.776 0.777 0.782 0.796 0.732 0.879 0.762 0.804 0.769 0.738 0.775 0.767 0.730 0.776 1.000 0.719 0.769 0.770 0.784 0.774 0.790 0.779 0.780 0.800 0.725 0.780 0.762 
83 0.834 0.828 0.717 0.813 0.838 0.676 0.729 0.846 0.778 0.846 0.841 0.741 0.741 0.796 0.831 0.733 0.855 0.848 0.830 0.660 0.846 0.696 0.792 0.860 0.796 0.833 0.803 0.845 0.844 0.841 0.783 0.827 0.686 0.751 0.801 0.815 0.863 0.700 0.820 0.834 0.843 0.846 0.829 0.826 0.781 0.827 0.813 0.755 0.838 0.848 0.857 0.864 0.868 0.799 0.836 0.796 0.834 0.790 0.848 0.753 0.845 0.757 0.810 0.834 0.824 0.752 0.843 0.847 0.799 0.840 0.844 0.848 0.778 0.759 0.767 0.842 0.759 0.849 0.837 0.830 0.780 0.806 0.719 1.000 0.815 0.838 0.843 0.817 0.805 0.840 0.829 0.835 0.855 0.804 0.840 
84 0.893 0.911 0.768 0.872 0.865 0.637 0.802 0.903 0.826 0.872 0.907 0.799 0.828 0.868 0.880 0.779 0.900 0.887 0.786 0.578 0.893 0.677 0.894 0.860 0.843 0.859 0.867 0.900 0.914 0.888 0.853 0.799 0.713 0.797 0.851 0.904 0.915 0.770 0.877 0.926 0.904 0.880 0.895 0.884 0.850 0.899 0.873 0.797 0.754 0.899 0.905 0.899 0.907 0.763 0.890 0.857 0.885 0.841 0.901 0.751 0.883 0.856 0.884 0.892 0.912 0.790 0.861 0.863 0.835 0.881 0.905 0.906 0.847 0.824 0.818 0.889 0.818 0.869 0.914 0.896 0.914 0.949 0.769 0.815 1.000 0.907 0.871 0.950 0.893 0.917 0.888 0.898 0.818 0.871 0.897 
85 0.945 0.947 0.786 0.901 0.871 0.654 0.828 0.925 0.856 0.913 0.951 0.801 0.828 0.898 0.904 0.811 0.919 0.907 0.819 0.602 0.909 0.699 0.858 0.881 0.879 0.873 0.908 0.919 0.956 0.912 0.866 0.812 0.738 0.813 0.891 0.927 0.942 0.802 0.900 0.943 0.949 0.900 0.892 0.880 0.838 0.894 0.884 0.823 0.782 0.949 0.924 0.920 0.934 0.794 0.930 0.887 0.917 0.861 0.925 0.767 0.910 0.835 0.901 0.945 0.944 0.807 0.891 0.893 0.871 0.913 0.954 0.929 0.892 0.829 0.833 0.908 0.839 0.905 0.949 0.959 0.868 0.899 0.770 0.838 0.907 1.000 0.903 0.929 0.905 0.935 0.902 0.922 0.839 0.862 0.912 
86 0.909 0.893 0.758 0.872 0.886 0.647 0.807 0.919 0.829 0.869 0.910 0.800 0.805 0.860 0.862 0.817 0.924 0.916 0.833 0.597 0.919 0.685 0.838 0.888 0.880 0.879 0.872 0.905 0.911 0.902 0.845 0.804 0.720 0.815 0.874 0.885 0.930 0.781 0.883 0.898 0.917 0.901 0.888 0.885 0.843 0.890 0.868 0.789 0.790 0.917 0.921 0.928 0.933 0.792 0.901 0.861 0.903 0.860 0.921 0.782 0.922 0.817 0.873 0.909 0.888 0.797 0.910 0.898 0.873 0.911 0.918 0.923 0.844 0.834 0.840 0.917 0.830 0.878 0.900 0.906 0.844 0.868 0.784 0.843 0.871 0.903 1.000 0.886 0.873 0.908 0.893 0.899 0.845 0.858 0.901 
87 0.912 0.929 0.779 0.880 0.871 0.632 0.807 0.901 0.834 0.886 0.916 0.795 0.811 0.876 0.894 0.790 0.895 0.885 0.795 0.579 0.895 0.687 0.850 0.865 0.856 0.859 0.877 0.900 0.922 0.888 0.860 0.794 0.727 0.803 0.863 0.917 0.914 0.777 0.888 0.934 0.921 0.878 0.897 0.894 0.856 0.899 0.892 0.806 0.764 0.921 0.906 0.906 0.907 0.772 0.901 0.867 0.898 0.839 0.899 0.757 0.888 0.819 0.883 0.912 0.933 0.802 0.874 0.871 0.840 0.888 0.922 0.906 0.868 0.833 0.820 0.895 0.823 0.891 0.927 0.920 0.864 0.910 0.774 0.817 0.950 0.929 0.886 1.000 0.902 0.923 0.897 0.894 0.833 0.874 0.895 
88 0.899 0.904 0.770 0.921 0.857 0.660 0.810 0.903 0.827 0.867 0.901 0.820 0.819 0.859 0.915 0.789 0.903 0.885 0.806 0.606 0.889 0.699 0.845 0.862 0.849 0.862 0.880 0.907 0.914 0.904 0.849 0.798 0.717 0.810 0.837 0.956 0.915 0.786 0.876 0.924 0.905 0.876 0.901 0.887 0.853 0.906 0.893 0.816 0.748 0.894 0.906 0.899 0.910 0.762 0.891 0.896 0.876 0.875 0.899 0.750 0.886 0.806 0.869 0.899 0.900 0.796 0.863 0.874 0.838 0.884 0.910 0.914 0.829 0.828 0.814 0.888 0.815 0.862 0.912 0.899 0.846 0.943 0.790 0.805 0.893 0.905 0.873 0.902 1.000 0.918 0.911 0.897 0.811 0.898 0.891 
89 0.928 0.930 0.781 0.907 0.888 0.667 0.822 0.943 0.862 0.894 0.933 0.819 0.837 0.890 0.901 0.815 0.941 0.924 0.825 0.617 0.913 0.702 0.866 0.886 0.888 0.887 0.892 0.935 0.944 0.912 0.875 0.824 0.727 0.819 0.875 0.928 0.959 0.796 0.912 0.953 0.937 0.917 0.909 0.891 0.860 0.916 0.900 0.812 0.780 0.934 0.943 0.937 0.951 0.779 0.930 0.884 0.919 0.878 0.943 0.786 0.925 0.845 0.904 0.928 0.922 0.805 0.907 0.897 0.872 0.916 0.939 0.937 0.867 0.830 0.836 0.913 0.846 0.897 0.945 0.960 0.871 0.919 0.779 0.840 0.917 0.935 0.908 0.923 0.918 1.000 0.926 0.924 0.837 0.885 0.930 
90 0.909 0.900 0.772 0.925 0.876 0.662 0.801 0.910 0.845 0.878 0.913 0.830 0.826 0.872 0.879 0.803 0.916 0.907 0.818 0.601 0.903 0.713 0.836 0.872 0.871 0.884 0.877 0.911 0.915 0.926 0.858 0.804 0.721 0.820 0.866 0.901 0.928 0.774 0.927 0.919 0.914 0.891 0.894 0.892 0.853 0.898 0.885 0.795 0.774 0.912 0.922 0.921 0.925 0.774 0.917 0.887 0.887 0.888 0.911 0.768 0.917 0.821 0.883 0.909 0.898 0.796 0.894 0.884 0.865 0.909 0.918 0.908 0.839 0.818 0.827 0.899 0.821 0.875 0.902 0.913 0.840 0.888 0.780 0.829 0.888 0.902 0.893 0.897 0.911 0.926 1.000 0.902 0.823 0.876 0.899 
91 0.910 0.924 0.768 0.905 0.875 0.656 0.832 0.956 0.838 0.879 0.911 0.807 0.846 0.867 0.885 0.793 0.945 0.910 0.807 0.613 0.926 0.708 0.878 0.874 0.860 0.880 0.892 0.947 0.943 0.905 0.851 0.824 0.733 0.829 0.870 0.905 0.952 0.812 0.893 0.932 0.929 0.907 0.890 0.870 0.838 0.898 0.873 0.817 0.774 0.908 0.929 0.925 0.942 0.795 0.919 0.868 0.911 0.863 0.956 0.775 0.897 0.843 0.869 0.910 0.894 0.814 0.878 0.886 0.850 0.893 0.924 0.940 0.841 0.854 0.851 0.923 0.820 0.870 0.917 0.904 0.866 0.895 0.800 0.835 0.898 0.922 0.899 0.894 0.897 0.924 0.902 1.000 0.829 0.860 0.923 
92 0.845 0.832 0.703 0.804 0.831 0.651 0.749 0.835 0.770 0.836 0.847 0.766 0.740 0.802 0.831 0.729 0.848 0.831 0.794 0.601 0.831 0.684 0.808 0.876 0.795 0.827 0.802 0.830 0.835 0.824 0.786 0.794 0.691 0.790 0.790 0.823 0.846 0.715 0.814 0.832 0.842 0.837 0.823 0.819 0.769 0.818 0.806 0.725 0.785 0.847 0.841 0.845 0.853 0.819 0.834 0.808 0.828 0.796 0.838 0.709 0.845 0.761 0.806 0.845 0.836 0.753 0.819 0.860 0.802 0.844 0.842 0.837 0.785 0.770 0.753 0.827 0.761 0.840 0.833 0.830 0.790 0.808 0.725 0.855 0.818 0.839 0.845 0.833 0.811 0.837 0.823 0.829 1.000 0.803 0.830 
93 0.870 0.864 0.745 0.863 0.901 0.679 0.774 0.873 0.800 0.841 0.873 0.808 0.791 0.832 0.859 0.780 0.878 0.877 0.796 0.597 0.866 0.684 0.815 0.866 0.837 0.869 0.843 0.877 0.877 0.881 0.825 0.779 0.692 0.783 0.819 0.900 0.891 0.753 0.862 0.884 0.874 0.893 0.918 0.909 0.873 0.921 0.909 0.779 0.749 0.871 0.890 0.881 0.888 0.741 0.860 0.871 0.851 0.850 0.872 0.740 0.873 0.786 0.853 0.870 0.861 0.764 0.849 0.865 0.829 0.882 0.881 0.876 0.805 0.805 0.792 0.863 0.799 0.844 0.869 0.863 0.829 0.889 0.780 0.804 0.871 0.862 0.858 0.874 0.898 0.885 0.876 0.860 0.803 1.000 0.883 
94 0.907 0.907 0.759 0.883 0.909 0.708 0.802 0.951 0.840 0.876 0.909 0.812 0.818 0.867 0.879 0.796 0.929 0.919 0.813 0.645 0.912 0.697 0.852 0.897 0.864 0.912 0.880 0.924 0.930 0.902 0.844 0.825 0.723 0.794 0.866 0.902 0.967 0.781 0.894 0.925 0.920 0.948 0.907 0.887 0.854 0.916 0.889 0.793 0.794 0.913 0.937 0.928 0.947 0.772 0.908 0.861 0.912 0.860 0.951 0.784 0.904 0.829 0.886 0.907 0.888 0.788 0.884 0.899 0.853 0.915 0.921 0.932 0.842 0.813 0.839 0.910 0.822 0.882 0.916 0.908 0.883 0.892 0.762 0.840 0.897 0.912 0.901 0.895 0.891 0.930 0.899 0.923 0.830 0.883 1.000 
