1 64 36 39 10 52 85 60 
39 91 49 36 85 64 0 27 
1 66 37 70 39 49 85 24 
36 70 39 7 71 52 58 27 
36 7 71 43 45 51 20 52 
4 41 80 21 24 25 56 94 
64 1 39 10 78 85 58 91 
36 71 40 16 51 52 58 27 
1 49 54 56 90 91 28 63 
64 1 36 70 39 49 85 89 
0 1 64 39 78 79 51 60 
0 1 3 78 56 89 90 91 
1 3 36 39 16 52 58 27 
0 1 64 39 10 78 79 85 
1 70 7 39 10 85 89 91 
64 36 70 10 16 51 86 60 
58 7 36 52 51 70 89 75 
36 7 40 16 51 52 89 58 
0 36 70 71 10 16 52 58 
36 7 71 16 51 52 58 94 
36 70 7 71 10 16 51 52 
24 29 10 16 68 27 64 39 
81 58 16 39 52 71 35 70 
67 36 71 7 16 51 52 58 
0 36 71 39 79 49 52 85 
36 50 51 52 7 71 70 40 
3 36 70 7 71 49 52 58 
71 52 7 36 58 39 16 51 
36 58 70 7 52 16 10 71 
36 70 71 40 7 10 51 27 
36 85 64 70 51 89 52 79 
36 71 7 16 51 52 58 27 
0 35 73 77 78 81 28 63 
78 50 16 39 91 20 85 58 
36 70 71 7 78 79 52 58 
36 70 39 40 71 49 81 88 
70 7 40 71 16 51 52 58 
2 24 1 39 12 91 58 85 
36 7 39 10 16 50 58 29 
1 36 89 49 70 85 27 0 
36 70 71 7 16 52 89 58 
36 52 71 7 70 27 58 51 
36 71 43 44 45 46 52 27 
4 70 42 44 45 46 51 27 
4 42 43 45 46 51 89 27 
36 71 7 42 43 46 52 27 
39 42 43 44 45 51 52 27 
64 1 35 36 39 52 91 63 
36 71 51 20 52 86 23 60 
1 36 70 39 79 52 89 58 
36 71 7 78 51 52 58 27 
36 71 7 16 50 52 58 27 
36 71 7 16 50 51 58 27 
71 9 78 16 50 85 58 27 
36 52 49 70 7 71 51 16 
35 70 39 40 71 79 89 90 
58 39 1 91 52 49 71 27 
90 70 39 16 49 50 89 58 
36 71 40 7 16 52 89 27 
36 71 7 78 16 51 52 58 
0 36 70 10 79 50 52 86 
1 36 39 16 52 85 89 58 
64 36 39 10 51 52 85 89 
0 1 64 39 79 49 50 60 
0 1 39 10 78 79 85 60 
70 39 71 10 78 16 50 51 
0 36 71 39 79 49 52 89 
36 70 7 40 71 52 23 27 
0 64 10 79 16 49 51 60 
60 10 79 64 0 85 50 16 
36 71 40 39 49 52 89 58 
52 36 27 70 7 58 75 16 
36 70 71 40 78 52 85 89 
39 1 27 85 75 71 58 16 
36 70 7 71 10 51 52 27 
36 71 7 78 16 51 52 58 
36 70 75 49 52 85 89 57 
36 70 7 40 71 49 52 85 
50 64 89 85 71 39 58 1 
0 1 64 36 39 10 85 60 
36 71 16 50 51 52 85 58 
35 70 39 40 7 71 79 88 
45 43 46 42 71 78 27 51 
67 36 71 7 16 52 23 58 
36 70 7 40 16 49 50 52 
0 1 64 36 70 39 79 89 
0 36 70 7 40 71 16 60 
39 70 89 1 85 7 52 91 
35 70 7 40 71 16 81 27 
36 7 71 39 78 49 52 27 
36 52 39 10 70 58 71 16 
1 39 58 36 85 71 89 52 
64 36 10 79 16 51 52 60 
88 81 45 43 10 16 90 39 
36 70 71 7 16 52 58 27 
