1 36 39 10 16 52 85 60 
10 0 27 64 79 36 49 91 
0 1 66 37 39 49 24 27 
1 36 70 7 39 71 52 27 
36 7 71 43 51 20 52 27 
3 4 9 41 21 56 24 25 
0 1 36 39 10 16 58 27 
36 40 71 16 51 52 58 27 
1 3 36 10 49 56 28 63 
27 7 71 49 85 1 36 70 
7 78 1 51 39 79 60 64 
0 1 3 39 7 16 56 28 
1 3 36 39 16 52 58 27 
0 1 64 36 39 10 79 85 
1 36 7 39 10 49 52 27 
0 36 39 10 16 51 52 60 
36 7 75 50 51 52 58 27 
36 7 16 51 20 52 58 27 
7 16 51 58 27 28 0 36 
36 7 9 16 51 52 58 28 
10 40 58 16 7 52 36 71 
0 1 64 10 12 16 24 29 
0 35 36 39 16 81 58 28 
0 75 16 71 7 28 36 52 
1 49 7 51 52 16 0 36 
36 7 40 10 16 50 20 27 
3 36 58 7 10 16 49 52 
1 36 39 71 7 16 52 58 
51 10 70 1 16 7 52 58 
3 40 70 7 27 36 71 10 
39 7 10 16 51 52 70 36 
36 71 7 16 51 52 58 27 
0 1 35 39 73 10 27 63 
1 7 39 78 16 50 20 27 
17 1 16 27 0 7 40 52 
36 70 39 7 40 71 81 88 
7 40 71 16 49 51 52 58 
0 1 2 39 10 12 24 91 
1 3 36 7 39 10 16 29 
0 1 36 10 49 52 85 27 
0 36 70 7 16 52 58 27 
16 58 27 40 4 7 71 52 
36 71 43 44 45 46 52 27 
4 42 44 45 46 16 51 27 
4 7 42 43 45 46 51 27 
36 71 7 42 43 46 52 27 
36 7 42 43 44 45 16 51 
1 35 36 7 39 40 52 58 
0 7 16 10 20 52 36 51 
10 16 0 7 52 39 70 36 
36 7 10 78 16 51 52 58 
36 7 10 16 50 52 58 27 
36 71 7 16 50 51 58 27 
0 1 7 9 16 49 52 27 
0 1 3 36 7 10 16 27 
0 35 70 7 39 40 71 27 
3 0 1 40 49 52 27 39 
0 39 16 49 50 51 89 58 
36 7 40 71 39 16 52 27 
0 7 10 79 17 58 36 16 
7 52 16 50 36 86 0 79 
51 52 58 1 39 36 16 85 
7 16 1 39 51 36 28 64 
0 1 39 7 49 50 85 60 
60 36 0 1 39 85 78 10 
0 1 3 7 10 16 50 27 
0 1 36 7 10 79 16 49 
36 7 16 51 52 23 58 27 
0 64 39 10 79 16 49 51 
27 1 36 16 50 85 0 10 
1 36 7 40 71 16 52 27 
36 70 7 75 16 52 58 27 
36 70 7 10 78 16 51 52 
1 39 78 16 49 51 27 28 
36 7 10 16 17 20 52 27 
36 71 7 78 16 51 52 27 
1 7 27 39 0 36 75 85 
1 36 70 7 40 52 58 27 
64 1 36 7 10 50 89 27 
0 1 64 36 7 39 10 85 
1 36 39 7 16 51 52 58 
1 35 36 7 39 40 88 27 
42 43 45 46 16 50 51 27 
67 36 71 7 16 51 52 23 
0 1 7 40 39 16 49 27 
27 52 0 1 64 36 39 10 
0 36 7 40 10 16 51 60 
1 36 70 39 7 16 89 27 
35 70 7 40 71 16 81 52 
1 36 39 7 16 49 58 27 
51 58 10 70 7 52 39 16 
0 1 36 39 7 27 16 58 
0 36 7 40 10 16 51 52 
1 3 7 0 16 10 43 81 
36 7 40 71 16 52 58 27 
