10 39 36 64 60 85 1 79 
39 91 49 0 36 85 64 27 
37 66 1 39 0 49 85 79 
27 49 36 52 71 70 7 1 
43 51 41 20 36 52 71 7 
56 41 36 52 24 7 58 50 
0 10 64 85 39 91 78 71 
36 58 52 71 40 27 16 51 
7 0 1 56 63 28 90 91 
39 70 1 64 89 36 85 49 
0 64 60 79 39 36 52 78 
10 7 0 1 4 3 9 6 
3 1 7 10 27 0 39 58 
24 64 85 60 39 79 70 29 
89 39 70 49 64 85 91 27 
24 60 51 64 36 86 70 28 
58 7 36 52 51 89 27 50 
52 51 7 36 16 71 89 58 
36 28 49 52 70 71 58 51 
36 24 58 52 39 71 91 28 
51 36 71 4 52 7 16 10 
24 64 68 61 49 85 78 89 
16 7 10 20 4 1 3 9 
67 7 16 28 71 70 40 90 
39 36 70 0 49 85 52 79 
36 52 50 71 7 16 49 89 
36 52 71 70 49 29 89 91 
71 52 7 58 16 39 51 89 
36 58 16 7 10 70 52 71 
51 52 36 71 70 10 40 58 
25 16 10 29 7 24 0 89 
36 51 58 52 71 40 39 85 
25 0 16 10 31 7 28 1 
4 16 10 29 20 7 0 27 
10 7 70 36 16 24 52 39 
81 88 7 40 16 70 36 71 
7 52 58 71 40 70 51 16 
1 2 24 13 14 16 10 0 
29 49 39 52 58 51 89 40 
1 36 85 0 27 71 64 79 
70 36 7 52 71 58 16 89 
36 52 7 71 70 4 16 45 
45 43 46 4 36 27 7 71 
45 46 44 4 42 16 51 20 
43 46 4 45 42 16 51 20 
42 43 46 27 36 71 7 52 
43 45 42 4 44 16 7 39 
39 36 25 7 16 40 29 10 
83 31 51 52 60 86 58 64 
36 1 70 39 52 89 10 79 
51 78 52 36 16 7 71 58 
52 50 36 75 7 16 71 58 
36 71 51 7 27 58 16 50 
16 29 51 36 10 9 7 27 
36 52 7 49 40 51 16 10 
40 36 52 16 39 51 0 49 
36 52 7 24 39 16 51 0 
36 52 7 16 51 29 50 10 
7 36 16 52 71 40 89 51 
51 36 50 52 16 58 20 17 
10 36 79 0 29 86 51 52 
10 36 16 52 7 51 58 39 
25 10 29 36 51 52 16 7 
0 10 36 39 60 40 49 52 
78 10 79 85 39 36 0 89 
10 29 16 51 60 20 4 50 
36 10 0 60 85 79 52 49 
23 36 52 7 51 16 58 50 
10 60 36 16 0 51 79 90 
60 10 79 85 29 0 16 51 
40 36 71 52 58 16 49 89 
52 36 27 7 58 75 16 51 
78 89 85 36 79 90 91 86 
16 51 71 36 58 70 60 0 
20 25 16 36 10 7 52 70 
51 71 16 36 52 7 70 78 
36 52 51 16 70 60 50 10 
70 25 36 52 41 40 10 24 
50 89 36 16 85 10 7 70 
85 64 36 10 39 52 70 0 
36 16 52 51 89 58 70 91 
35 88 36 16 7 71 70 52 
43 45 75 71 51 36 70 52 
23 36 67 52 31 71 51 16 
87 16 14 7 51 80 50 10 
79 64 36 70 39 89 58 1 
60 36 16 0 7 51 71 70 
70 39 58 36 7 52 85 51 
35 81 36 70 16 40 7 51 
36 39 71 78 52 7 85 70 
36 52 16 10 70 51 39 40 
39 1 36 58 16 52 71 85 
10 29 16 36 60 51 70 85 
29 10 36 16 51 70 60 50 
36 7 52 71 58 27 16 51 
