10 36 60 64 85 52 1 79 
39 36 64 70 27 0 10 52 
37 66 39 1 24 36 70 85 
27 36 52 49 71 70 40 7 
43 51 45 36 52 71 7 16 
56 21 25 41 24 36 29 7 
10 85 39 16 36 58 52 71 
36 58 52 71 40 16 27 51 
28 36 1 10 0 91 7 71 
39 36 64 1 70 89 85 52 
0 64 36 39 16 79 51 78 
39 36 51 91 52 70 16 0 
3 27 39 36 52 16 58 89 
10 39 64 85 0 79 16 51 
89 10 39 70 1 7 85 64 
10 0 60 36 51 52 70 86 
58 7 36 52 51 70 75 50 
52 51 36 7 71 58 16 40 
36 10 70 16 58 7 0 51 
36 52 7 58 16 51 71 28 
51 36 52 7 16 70 10 58 
24 27 10 16 39 70 36 7 
36 16 58 7 52 70 71 40 
67 36 52 71 70 7 16 75 
39 36 58 0 52 71 49 79 
36 50 51 52 7 71 70 40 
36 52 70 71 7 49 27 16 
71 52 36 7 40 58 39 51 
36 58 70 7 16 10 52 51 
10 36 70 52 51 71 7 27 
36 64 85 70 52 89 39 79 
16 36 51 7 52 58 70 71 
63 0 39 36 58 70 10 7 
50 51 89 39 91 36 52 27 
36 70 52 58 7 91 39 71 
81 88 36 40 70 71 49 52 
7 52 58 71 40 70 16 51 
2 1 39 91 24 58 70 10 
29 36 10 7 16 39 51 70 
1 36 70 27 52 71 0 64 
70 36 7 52 71 27 58 16 
36 52 71 7 27 70 40 58 
45 43 46 44 27 71 52 36 
46 42 44 45 4 51 27 39 
43 46 42 45 4 51 16 27 
42 43 46 27 71 52 36 7 
43 42 45 44 4 36 51 27 
63 35 39 36 81 7 52 40 
23 51 36 52 20 16 60 70 
36 70 1 52 39 7 89 58 
78 52 36 16 7 58 70 10 
52 36 50 7 16 58 70 27 
36 71 51 7 27 40 58 16 
16 27 50 36 7 70 52 58 
36 52 7 58 51 10 16 39 
35 70 40 71 36 52 27 51 
36 58 39 52 70 71 1 51 
36 58 71 70 89 16 39 51 
36 7 16 52 71 70 27 51 
51 36 52 16 7 58 71 78 
36 10 79 0 16 52 7 70 
10 36 16 58 39 52 89 49 
10 64 36 85 51 52 16 7 
0 10 39 36 1 64 60 52 
10 79 78 85 39 1 36 0 
10 16 51 7 39 70 27 50 
39 36 10 79 0 89 52 70 
23 36 52 71 70 7 40 27 
10 39 49 0 16 51 79 27 
60 10 79 36 0 85 50 16 
40 71 36 7 52 58 49 51 
52 27 36 70 7 58 75 16 
51 71 10 36 70 16 52 78 
27 39 71 16 1 75 70 51 
51 71 36 7 52 10 70 27 
51 71 16 36 52 7 58 70 
36 52 58 70 85 7 64 27 
70 71 36 40 52 27 49 7 
50 89 64 85 36 10 39 7 
85 64 36 10 60 1 70 0 
36 52 7 16 58 71 70 51 
35 88 36 71 7 70 40 52 
45 43 46 42 71 27 51 36 
23 67 36 52 71 7 58 16 
27 40 36 70 7 52 16 51 
79 64 39 36 89 1 0 58 
60 36 16 7 0 52 70 40 
70 39 27 1 89 36 52 7 
35 81 36 71 70 40 52 7 
36 78 16 71 52 7 27 49 
36 10 52 39 70 58 16 7 
39 1 36 58 52 16 89 70 
10 16 36 52 60 51 7 40 
88 81 10 43 16 39 51 70 
36 7 52 71 58 70 27 16 
