0 0.000 0.010 0.019 0.012 0.014 0.033 0.009 0.011 0.020 0.013 0.007 0.022 0.012 0.012 0.013 0.023 0.011 0.012 0.014 0.025 0.013 0.022 0.016 0.011 0.015 0.018 0.012 0.011 0.010 0.013 0.012 0.020 0.018 0.017 0.012 0.014 0.010 0.016 0.014 0.010 0.011 0.013 0.014 0.013 0.016 0.013 0.014 0.020 0.016 0.010 0.012 0.011 0.011 0.020 0.011 0.015 0.012 0.017 0.011 0.023 0.009 0.009 0.012 0.007 0.010 0.019 0.013 0.010 0.013 0.014 0.011 0.011 0.019 0.012 0.017 0.011 0.017 0.013 0.011 0.010 0.019 0.015 0.014 0.015 0.013 0.010 0.009 0.013 0.016 0.011 0.011 0.010 0.013 0.016 0.012 
1 0.010 0.000 0.017 0.010 0.014 0.033 0.010 0.011 0.020 0.011 0.010 0.021 0.009 0.014 0.012 0.023 0.010 0.012 0.014 0.024 0.013 0.021 0.014 0.013 0.016 0.018 0.012 0.009 0.009 0.014 0.012 0.019 0.018 0.016 0.012 0.013 0.009 0.012 0.014 0.004 0.012 0.013 0.012 0.012 0.015 0.012 0.012 0.019 0.018 0.007 0.010 0.011 0.010 0.020 0.010 0.014 0.013 0.016 0.010 0.022 0.011 0.010 0.014 0.012 0.009 0.019 0.014 0.012 0.012 0.014 0.010 0.010 0.019 0.010 0.018 0.011 0.017 0.012 0.010 0.009 0.018 0.014 0.013 0.016 0.012 0.009 0.013 0.012 0.015 0.009 0.011 0.006 0.016 0.017 0.012 
2 0.019 0.017 0.000 0.019 0.021 0.028 0.019 0.020 0.022 0.018 0.019 0.023 0.018 0.019 0.020 0.023 0.019 0.020 0.020 0.025 0.021 0.020 0.021 0.020 0.018 0.023 0.019 0.019 0.018 0.021 0.019 0.022 0.023 0.021 0.019 0.020 0.019 0.011 0.020 0.017 0.020 0.021 0.019 0.020 0.020 0.020 0.020 0.019 0.023 0.018 0.019 0.019 0.019 0.025 0.019 0.021 0.015 0.021 0.019 0.024 0.020 0.019 0.021 0.020 0.018 0.022 0.015 0.020 0.019 0.021 0.019 0.019 0.022 0.018 0.023 0.019 0.021 0.020 0.018 0.019 0.022 0.021 0.020 0.021 0.020 0.018 0.021 0.019 0.021 0.018 0.019 0.018 0.022 0.022 0.020 
3 0.012 0.010 0.019 0.000 0.012 0.032 0.012 0.010 0.020 0.013 0.011 0.022 0.010 0.014 0.012 0.023 0.011 0.011 0.015 0.025 0.012 0.022 0.015 0.012 0.017 0.016 0.012 0.010 0.009 0.013 0.012 0.019 0.019 0.017 0.012 0.014 0.009 0.015 0.014 0.010 0.011 0.011 0.011 0.012 0.015 0.012 0.012 0.019 0.018 0.008 0.011 0.009 0.008 0.021 0.009 0.014 0.014 0.017 0.010 0.022 0.012 0.012 0.014 0.013 0.010 0.020 0.015 0.010 0.013 0.015 0.010 0.009 0.018 0.012 0.019 0.010 0.017 0.011 0.010 0.011 0.018 0.015 0.014 0.015 0.013 0.011 0.012 0.013 0.015 0.010 0.011 0.010 0.016 0.017 0.011 
4 0.014 0.014 0.021 0.012 0.000 0.031 0.015 0.011 0.021 0.013 0.013 0.024 0.015 0.016 0.013 0.023 0.011 0.012 0.017 0.025 0.013 0.024 0.016 0.011 0.018 0.012 0.014 0.013 0.013 0.015 0.013 0.019 0.020 0.017 0.013 0.015 0.010 0.019 0.015 0.014 0.012 0.008 0.013 0.011 0.014 0.013 0.013 0.020 0.018 0.013 0.011 0.010 0.011 0.021 0.012 0.018 0.015 0.017 0.012 0.024 0.013 0.014 0.014 0.015 0.013 0.021 0.017 0.011 0.016 0.016 0.011 0.011 0.018 0.015 0.019 0.010 0.018 0.012 0.012 0.014 0.017 0.016 0.014 0.016 0.015 0.013 0.013 0.015 0.016 0.013 0.013 0.013 0.016 0.018 0.012 
5 0.033 0.033 0.028 0.032 0.031 0.000 0.033 0.033 0.031 0.032 0.033 0.032 0.033 0.032 0.033 0.030 0.033 0.033 0.034 0.031 0.033 0.032 0.032 0.032 0.030 0.030 0.032 0.033 0.032 0.033 0.033 0.033 0.035 0.032 0.032 0.033 0.032 0.028 0.032 0.033 0.033 0.031 0.033 0.033 0.032 0.033 0.033 0.033 0.034 0.033 0.032 0.032 0.032 0.032 0.032 0.033 0.027 0.033 0.032 0.035 0.033 0.033 0.033 0.034 0.033 0.031 0.032 0.033 0.033 0.032 0.033 0.033 0.033 0.034 0.035 0.032 0.033 0.032 0.032 0.033 0.032 0.033 0.034 0.034 0.033 0.033 0.033 0.034 0.033 0.033 0.032 0.033 0.033 0.033 0.032 
6 0.009 0.010 0.019 0.012 0.015 0.033 0.000 0.013 0.020 0.013 0.009 0.021 0.012 0.013 0.013 0.023 0.012 0.013 0.015 0.025 0.014 0.022 0.016 0.013 0.015 0.019 0.013 0.012 0.011 0.014 0.013 0.020 0.019 0.017 0.013 0.014 0.011 0.016 0.014 0.010 0.013 0.014 0.013 0.013 0.015 0.013 0.013 0.020 0.017 0.011 0.012 0.012 0.012 0.020 0.012 0.015 0.013 0.016 0.012 0.023 0.010 0.008 0.013 0.011 0.010 0.019 0.014 0.012 0.013 0.014 0.013 0.012 0.020 0.012 0.018 0.012 0.017 0.014 0.011 0.010 0.019 0.015 0.014 0.016 0.013 0.010 0.012 0.012 0.016 0.012 0.011 0.010 0.015 0.016 0.013 
7 0.011 0.011 0.020 0.010 0.011 0.033 0.013 0.000 0.020 0.012 0.010 0.022 0.012 0.014 0.012 0.023 0.008 0.009 0.015 0.025 0.011 0.022 0.016 0.009 0.016 0.015 0.012 0.008 0.010 0.012 0.011 0.018 0.018 0.016 0.009 0.013 0.007 0.017 0.014 0.011 0.005 0.009 0.011 0.012 0.014 0.011 0.012 0.019 0.017 0.010 0.009 0.008 0.006 0.020 0.009 0.015 0.014 0.017 0.008 0.023 0.011 0.012 0.014 0.013 0.011 0.020 0.015 0.007 0.014 0.016 0.005 0.006 0.017 0.013 0.016 0.009 0.017 0.010 0.010 0.011 0.018 0.014 0.013 0.014 0.012 0.011 0.010 0.011 0.014 0.010 0.010 0.010 0.014 0.016 0.008 
8 0.020 0.020 0.022 0.020 0.021 0.031 0.020 0.020 0.000 0.021 0.020 0.022 0.021 0.021 0.021 0.024 0.021 0.021 0.022 0.025 0.021 0.023 0.021 0.020 0.022 0.024 0.020 0.021 0.020 0.022 0.020 0.026 0.023 0.024 0.021 0.020 0.020 0.019 0.022 0.021 0.020 0.021 0.021 0.022 0.023 0.022 0.022 0.023 0.022 0.020 0.020 0.020 0.020 0.026 0.020 0.021 0.018 0.022 0.021 0.020 0.020 0.020 0.021 0.019 0.020 0.022 0.022 0.019 0.021 0.023 0.020 0.020 0.023 0.020 0.022 0.021 0.021 0.021 0.021 0.020 0.024 0.021 0.021 0.021 0.022 0.021 0.019 0.022 0.022 0.021 0.020 0.020 0.020 0.022 0.021 
9 0.013 0.011 0.018 0.013 0.013 0.032 0.013 0.012 0.021 0.000 0.013 0.023 0.013 0.016 0.014 0.024 0.011 0.013 0.016 0.025 0.015 0.023 0.015 0.014 0.017 0.016 0.014 0.012 0.012 0.016 0.012 0.018 0.018 0.017 0.012 0.013 0.010 0.016 0.015 0.011 0.012 0.013 0.012 0.012 0.015 0.012 0.012 0.019 0.019 0.011 0.012 0.012 0.012 0.019 0.012 0.015 0.014 0.017 0.010 0.023 0.014 0.012 0.015 0.014 0.012 0.019 0.015 0.013 0.014 0.016 0.011 0.011 0.019 0.013 0.018 0.011 0.017 0.007 0.011 0.013 0.018 0.014 0.014 0.016 0.013 0.011 0.014 0.013 0.015 0.010 0.012 0.010 0.017 0.018 0.012 
10 0.007 0.010 0.019 0.011 0.013 0.033 0.009 0.010 0.020 0.013 0.000 0.022 0.012 0.011 0.012 0.022 0.011 0.011 0.014 0.025 0.012 0.021 0.016 0.010 0.015 0.017 0.011 0.011 0.010 0.011 0.012 0.019 0.019 0.017 0.012 0.014 0.009 0.016 0.013 0.010 0.011 0.012 0.013 0.012 0.015 0.013 0.013 0.020 0.016 0.010 0.010 0.010 0.010 0.020 0.010 0.015 0.012 0.017 0.011 0.023 0.007 0.009 0.012 0.010 0.009 0.019 0.013 0.010 0.013 0.014 0.010 0.010 0.018 0.012 0.016 0.010 0.018 0.012 0.010 0.010 0.019 0.015 0.013 0.014 0.014 0.010 0.009 0.013 0.016 0.011 0.011 0.010 0.013 0.015 0.011 
11 0.022 0.021 0.023 0.022 0.024 0.032 0.021 0.022 0.022 0.023 0.022 0.000 0.021 0.021 0.022 0.026 0.022 0.022 0.023 0.030 0.022 0.023 0.023 0.022 0.023 0.026 0.021 0.022 0.022 0.021 0.022 0.026 0.025 0.024 0.023 0.023 0.022 0.021 0.021 0.021 0.023 0.023 0.022 0.022 0.023 0.022 0.022 0.024 0.024 0.022 0.022 0.022 0.022 0.025 0.022 0.022 0.020 0.021 0.022 0.026 0.021 0.021 0.022 0.022 0.021 0.023 0.023 0.022 0.023 0.024 0.022 0.022 0.026 0.021 0.024 0.022 0.022 0.023 0.021 0.022 0.025 0.023 0.022 0.023 0.022 0.022 0.022 0.022 0.023 0.022 0.022 0.021 0.023 0.022 0.022 
12 0.012 0.009 0.018 0.010 0.015 0.033 0.012 0.012 0.021 0.013 0.012 0.021 0.000 0.015 0.012 0.024 0.011 0.012 0.015 0.026 0.014 0.022 0.015 0.013 0.017 0.018 0.013 0.010 0.011 0.015 0.012 0.019 0.018 0.017 0.013 0.014 0.011 0.015 0.014 0.009 0.013 0.014 0.013 0.013 0.015 0.013 0.013 0.019 0.018 0.009 0.012 0.011 0.011 0.020 0.011 0.014 0.014 0.016 0.011 0.022 0.011 0.011 0.014 0.013 0.011 0.019 0.015 0.013 0.013 0.015 0.011 0.011 0.019 0.011 0.018 0.011 0.016 0.013 0.011 0.011 0.019 0.014 0.014 0.016 0.012 0.010 0.014 0.012 0.016 0.010 0.012 0.010 0.016 0.017 0.012 
13 0.012 0.014 0.019 0.014 0.016 0.032 0.013 0.014 0.021 0.016 0.011 0.021 0.015 0.000 0.015 0.023 0.014 0.015 0.017 0.025 0.015 0.021 0.018 0.014 0.016 0.019 0.014 0.014 0.013 0.014 0.015 0.021 0.022 0.019 0.015 0.017 0.013 0.016 0.016 0.014 0.015 0.015 0.016 0.015 0.018 0.016 0.016 0.022 0.019 0.014 0.014 0.014 0.014 0.022 0.013 0.018 0.014 0.019 0.014 0.024 0.011 0.012 0.015 0.014 0.013 0.021 0.016 0.013 0.016 0.017 0.014 0.014 0.019 0.015 0.019 0.014 0.019 0.015 0.013 0.013 0.021 0.018 0.016 0.017 0.016 0.013 0.013 0.016 0.018 0.014 0.014 0.014 0.016 0.018 0.015 
14 0.013 0.012 0.020 0.012 0.013 0.033 0.013 0.012 0.021 0.014 0.012 0.022 0.012 0.015 0.000 0.024 0.011 0.012 0.017 0.026 0.014 0.022 0.015 0.014 0.018 0.018 0.013 0.011 0.012 0.015 0.013 0.020 0.019 0.016 0.014 0.014 0.012 0.017 0.015 0.012 0.012 0.014 0.013 0.011 0.014 0.012 0.013 0.020 0.019 0.011 0.011 0.011 0.012 0.020 0.011 0.014 0.014 0.016 0.011 0.024 0.013 0.013 0.015 0.014 0.012 0.020 0.017 0.012 0.014 0.016 0.011 0.010 0.018 0.013 0.019 0.010 0.018 0.013 0.011 0.013 0.019 0.015 0.013 0.016 0.013 0.012 0.013 0.012 0.015 0.010 0.013 0.012 0.017 0.017 0.012 
15 0.023 0.023 0.023 0.023 0.023 0.030 0.023 0.023 0.024 0.024 0.022 0.026 0.024 0.023 0.024 0.000 0.023 0.023 0.025 0.029 0.024 0.024 0.025 0.023 0.022 0.024 0.022 0.024 0.023 0.022 0.023 0.027 0.027 0.026 0.023 0.025 0.022 0.021 0.022 0.023 0.023 0.022 0.025 0.024 0.025 0.024 0.024 0.028 0.026 0.023 0.023 0.022 0.023 0.028 0.023 0.025 0.022 0.026 0.023 0.027 0.022 0.023 0.023 0.024 0.023 0.025 0.025 0.023 0.023 0.025 0.023 0.023 0.024 0.023 0.025 0.023 0.026 0.023 0.023 0.023 0.027 0.025 0.024 0.025 0.025 0.023 0.022 0.025 0.024 0.023 0.023 0.023 0.024 0.024 0.023 
16 0.011 0.010 0.019 0.011 0.011 0.033 0.012 0.008 0.021 0.011 0.011 0.022 0.011 0.014 0.011 0.023 0.000 0.010 0.015 0.025 0.012 0.022 0.015 0.011 0.016 0.016 0.012 0.009 0.010 0.014 0.011 0.017 0.018 0.016 0.010 0.012 0.008 0.016 0.013 0.009 0.008 0.011 0.011 0.010 0.013 0.011 0.011 0.019 0.017 0.009 0.009 0.008 0.009 0.020 0.010 0.014 0.014 0.015 0.005 0.022 0.011 0.011 0.014 0.013 0.010 0.020 0.015 0.010 0.013 0.015 0.007 0.007 0.017 0.012 0.017 0.008 0.016 0.010 0.008 0.010 0.018 0.013 0.012 0.015 0.011 0.010 0.011 0.010 0.013 0.008 0.010 0.009 0.014 0.016 0.009 
17 0.012 0.012 0.020 0.011 0.012 0.033 0.013 0.009 0.021 0.013 0.011 0.022 0.012 0.015 0.012 0.023 0.010 0.000 0.016 0.025 0.011 0.022 0.016 0.011 0.017 0.016 0.012 0.010 0.011 0.013 0.012 0.019 0.019 0.016 0.011 0.014 0.009 0.017 0.014 0.012 0.010 0.012 0.013 0.012 0.015 0.012 0.013 0.019 0.017 0.011 0.008 0.007 0.007 0.021 0.010 0.015 0.015 0.017 0.010 0.023 0.012 0.012 0.014 0.013 0.012 0.020 0.016 0.010 0.014 0.015 0.009 0.009 0.018 0.013 0.017 0.010 0.017 0.012 0.010 0.012 0.018 0.015 0.014 0.015 0.013 0.012 0.012 0.013 0.015 0.011 0.011 0.011 0.015 0.016 0.010 
18 0.014 0.014 0.020 0.015 0.017 0.034 0.015 0.015 0.022 0.016 0.014 0.023 0.015 0.017 0.017 0.025 0.015 0.016 0.000 0.027 0.017 0.022 0.018 0.015 0.019 0.020 0.016 0.015 0.014 0.017 0.015 0.019 0.022 0.020 0.016 0.017 0.014 0.019 0.017 0.014 0.016 0.017 0.016 0.017 0.019 0.016 0.016 0.021 0.016 0.015 0.016 0.015 0.015 0.022 0.015 0.018 0.016 0.019 0.015 0.023 0.015 0.014 0.017 0.016 0.014 0.021 0.016 0.016 0.016 0.018 0.015 0.015 0.022 0.016 0.020 0.015 0.019 0.016 0.014 0.014 0.017 0.018 0.017 0.014 0.017 0.014 0.015 0.017 0.019 0.015 0.015 0.014 0.015 0.019 0.016 
19 0.025 0.024 0.025 0.025 0.025 0.031 0.025 0.025 0.025 0.025 0.025 0.030 0.026 0.025 0.026 0.029 0.025 0.025 0.027 0.000 0.025 0.029 0.024 0.025 0.026 0.026 0.026 0.026 0.025 0.027 0.025 0.028 0.026 0.027 0.025 0.024 0.024 0.024 0.026 0.024 0.025 0.024 0.025 0.026 0.026 0.025 0.026 0.026 0.028 0.025 0.025 0.025 0.025 0.028 0.025 0.025 0.022 0.027 0.025 0.027 0.025 0.025 0.027 0.025 0.025 0.027 0.025 0.025 0.026 0.026 0.025 0.025 0.028 0.026 0.028 0.025 0.028 0.025 0.025 0.025 0.027 0.025 0.026 0.027 0.026 0.025 0.025 0.026 0.026 0.025 0.025 0.024 0.027 0.027 0.024 
20 0.013 0.013 0.021 0.012 0.013 0.033 0.014 0.011 0.021 0.015 0.012 0.022 0.014 0.015 0.014 0.024 0.012 0.011 0.017 0.025 0.000 0.022 0.016 0.012 0.018 0.017 0.014 0.013 0.013 0.014 0.013 0.019 0.019 0.016 0.014 0.014 0.011 0.018 0.015 0.013 0.012 0.013 0.014 0.012 0.015 0.013 0.014 0.020 0.017 0.013 0.011 0.010 0.011 0.021 0.012 0.016 0.015 0.017 0.012 0.023 0.013 0.014 0.015 0.014 0.013 0.021 0.017 0.011 0.015 0.016 0.011 0.011 0.019 0.014 0.017 0.011 0.019 0.013 0.013 0.012 0.019 0.015 0.014 0.016 0.014 0.013 0.013 0.014 0.016 0.013 0.012 0.013 0.016 0.017 0.012 
21 0.022 0.021 0.020 0.022 0.024 0.032 0.022 0.022 0.023 0.023 0.021 0.023 0.022 0.021 0.022 0.024 0.022 0.022 0.022 0.029 0.022 0.000 0.023 0.022 0.021 0.025 0.021 0.021 0.022 0.020 0.022 0.023 0.027 0.025 0.022 0.023 0.022 0.018 0.021 0.021 0.022 0.023 0.023 0.023 0.024 0.023 0.023 0.026 0.020 0.021 0.022 0.022 0.022 0.024 0.022 0.024 0.020 0.025 0.022 0.025 0.021 0.022 0.022 0.023 0.021 0.024 0.023 0.022 0.022 0.023 0.022 0.022 0.024 0.022 0.022 0.022 0.026 0.023 0.022 0.022 0.024 0.024 0.023 0.020 0.023 0.021 0.022 0.022 0.023 0.022 0.022 0.022 0.021 0.023 0.022 
22 0.016 0.014 0.021 0.015 0.016 0.032 0.016 0.016 0.021 0.015 0.016 0.023 0.015 0.018 0.015 0.025 0.015 0.016 0.018 0.024 0.016 0.023 0.000 0.016 0.020 0.019 0.016 0.016 0.015 0.018 0.015 0.022 0.019 0.019 0.016 0.015 0.015 0.019 0.018 0.014 0.016 0.016 0.015 0.015 0.017 0.015 0.015 0.021 0.020 0.015 0.015 0.016 0.016 0.019 0.015 0.015 0.016 0.018 0.015 0.024 0.016 0.016 0.017 0.017 0.014 0.021 0.018 0.015 0.017 0.018 0.015 0.015 0.022 0.016 0.020 0.015 0.019 0.016 0.014 0.015 0.018 0.014 0.016 0.018 0.015 0.015 0.017 0.015 0.017 0.014 0.015 0.014 0.017 0.019 0.015 
23 0.011 0.013 0.020 0.012 0.011 0.032 0.013 0.009 0.020 0.014 0.010 0.022 0.013 0.014 0.014 0.023 0.011 0.011 0.015 0.025 0.012 0.022 0.016 0.000 0.016 0.014 0.012 0.012 0.011 0.012 0.011 0.019 0.020 0.017 0.012 0.015 0.009 0.017 0.014 0.013 0.010 0.010 0.012 0.013 0.015 0.013 0.013 0.020 0.016 0.012 0.011 0.010 0.009 0.021 0.011 0.016 0.013 0.017 0.011 0.023 0.010 0.011 0.013 0.013 0.011 0.019 0.015 0.009 0.014 0.016 0.009 0.009 0.018 0.013 0.016 0.010 0.016 0.012 0.011 0.011 0.017 0.015 0.014 0.013 0.014 0.011 0.010 0.014 0.016 0.012 0.010 0.012 0.012 0.016 0.011 
24 0.015 0.016 0.018 0.017 0.018 0.030 0.015 0.016 0.022 0.017 0.015 0.023 0.017 0.016 0.018 0.022 0.016 0.017 0.019 0.026 0.018 0.021 0.020 0.016 0.000 0.020 0.017 0.017 0.015 0.017 0.016 0.023 0.023 0.020 0.017 0.018 0.015 0.015 0.018 0.015 0.017 0.017 0.018 0.018 0.019 0.018 0.018 0.023 0.020 0.016 0.017 0.016 0.016 0.024 0.016 0.020 0.015 0.021 0.016 0.025 0.016 0.015 0.018 0.017 0.016 0.021 0.017 0.016 0.016 0.019 0.016 0.016 0.021 0.017 0.021 0.016 0.021 0.017 0.016 0.016 0.022 0.019 0.018 0.019 0.018 0.015 0.016 0.018 0.020 0.016 0.016 0.015 0.018 0.019 0.017 
25 0.018 0.018 0.023 0.016 0.012 0.030 0.019 0.015 0.024 0.016 0.017 0.026 0.018 0.019 0.018 0.024 0.016 0.016 0.020 0.026 0.017 0.025 0.019 0.014 0.020 0.000 0.017 0.017 0.016 0.017 0.017 0.020 0.023 0.020 0.016 0.018 0.014 0.021 0.017 0.018 0.016 0.011 0.017 0.017 0.019 0.017 0.017 0.022 0.021 0.017 0.016 0.015 0.015 0.022 0.016 0.021 0.018 0.021 0.016 0.026 0.017 0.018 0.018 0.019 0.017 0.023 0.019 0.015 0.019 0.018 0.015 0.015 0.022 0.019 0.022 0.016 0.022 0.015 0.016 0.017 0.018 0.019 0.018 0.019 0.019 0.017 0.017 0.018 0.019 0.017 0.016 0.017 0.019 0.021 0.015 
26 0.012 0.012 0.019 0.012 0.014 0.032 0.013 0.012 0.020 0.014 0.011 0.021 0.013 0.014 0.013 0.022 0.012 0.012 0.016 0.026 0.014 0.021 0.016 0.012 0.017 0.017 0.000 0.013 0.011 0.013 0.012 0.020 0.020 0.017 0.013 0.015 0.011 0.016 0.014 0.012 0.013 0.013 0.014 0.014 0.016 0.014 0.014 0.020 0.018 0.012 0.012 0.011 0.011 0.021 0.011 0.017 0.014 0.017 0.012 0.023 0.012 0.012 0.014 0.013 0.011 0.019 0.015 0.012 0.014 0.015 0.012 0.011 0.019 0.013 0.018 0.012 0.017 0.014 0.011 0.012 0.019 0.016 0.014 0.015 0.014 0.011 0.013 0.014 0.015 0.012 0.012 0.011 0.016 0.017 0.013 
27 0.011 0.009 0.019 0.010 0.013 0.033 0.012 0.008 0.021 0.012 0.011 0.022 0.010 0.014 0.011 0.024 0.009 0.010 0.015 0.026 0.013 0.021 0.016 0.012 0.017 0.017 0.013 0.000 0.011 0.013 0.012 0.018 0.018 0.016 0.011 0.013 0.010 0.015 0.015 0.009 0.008 0.012 0.011 0.011 0.014 0.010 0.012 0.019 0.018 0.009 0.010 0.009 0.007 0.019 0.010 0.014 0.014 0.017 0.009 0.023 0.012 0.012 0.015 0.013 0.011 0.020 0.015 0.010 0.013 0.015 0.007 0.008 0.018 0.011 0.017 0.009 0.017 0.010 0.010 0.011 0.019 0.014 0.013 0.016 0.010 0.010 0.012 0.010 0.015 0.009 0.011 0.010 0.016 0.016 0.009 
28 0.010 0.009 0.018 0.009 0.013 0.032 0.011 0.010 0.020 0.012 0.010 0.022 0.011 0.013 0.012 0.023 0.010 0.011 0.014 0.025 0.013 0.022 0.015 0.011 0.015 0.016 0.011 0.011 0.000 0.013 0.011 0.019 0.019 0.017 0.011 0.013 0.008 0.015 0.013 0.009 0.011 0.012 0.012 0.013 0.015 0.012 0.013 0.019 0.016 0.008 0.010 0.010 0.009 0.021 0.009 0.015 0.013 0.016 0.010 0.022 0.010 0.010 0.014 0.012 0.009 0.019 0.013 0.010 0.012 0.014 0.010 0.009 0.018 0.012 0.017 0.010 0.016 0.012 0.009 0.010 0.018 0.014 0.014 0.015 0.013 0.009 0.011 0.013 0.015 0.010 0.010 0.008 0.015 0.017 0.011 
29 0.013 0.014 0.021 0.013 0.015 0.033 0.014 0.012 0.022 0.016 0.011 0.021 0.015 0.014 0.015 0.022 0.014 0.013 0.017 0.027 0.014 0.020 0.018 0.012 0.017 0.017 0.013 0.013 0.013 0.000 0.014 0.021 0.021 0.018 0.014 0.017 0.012 0.018 0.012 0.014 0.013 0.014 0.015 0.015 0.017 0.015 0.016 0.022 0.018 0.013 0.013 0.012 0.012 0.021 0.012 0.017 0.015 0.019 0.014 0.024 0.012 0.014 0.014 0.014 0.013 0.021 0.016 0.012 0.015 0.017 0.012 0.012 0.020 0.014 0.018 0.013 0.020 0.014 0.013 0.013 0.020 0.017 0.015 0.016 0.016 0.013 0.013 0.016 0.016 0.014 0.013 0.014 0.016 0.017 0.013 
30 0.012 0.012 0.019 0.012 0.013 0.033 0.013 0.011 0.020 0.012 0.012 0.022 0.012 0.015 0.013 0.023 0.011 0.012 0.015 0.025 0.013 0.022 0.015 0.011 0.016 0.017 0.012 0.012 0.011 0.014 0.000 0.019 0.019 0.017 0.012 0.014 0.010 0.016 0.015 0.011 0.012 0.013 0.013 0.013 0.015 0.013 0.013 0.019 0.017 0.012 0.011 0.011 0.011 0.021 0.011 0.016 0.014 0.016 0.011 0.023 0.012 0.012 0.014 0.014 0.011 0.020 0.015 0.011 0.014 0.015 0.011 0.011 0.019 0.012 0.017 0.011 0.015 0.013 0.010 0.011 0.018 0.014 0.013 0.015 0.013 0.010 0.012 0.013 0.016 0.011 0.011 0.010 0.014 0.017 0.012 
31 0.020 0.019 0.022 0.019 0.019 0.033 0.020 0.018 0.026 0.018 0.019 0.026 0.019 0.021 0.020 0.027 0.017 0.019 0.019 0.028 0.019 0.023 0.022 0.019 0.023 0.020 0.020 0.018 0.019 0.021 0.019 0.000 0.025 0.021 0.019 0.020 0.018 0.022 0.020 0.018 0.018 0.018 0.020 0.019 0.021 0.019 0.020 0.022 0.019 0.019 0.018 0.018 0.018 0.023 0.018 0.022 0.020 0.022 0.017 0.026 0.020 0.020 0.021 0.021 0.019 0.025 0.019 0.019 0.021 0.018 0.017 0.018 0.023 0.020 0.022 0.018 0.023 0.018 0.018 0.019 0.020 0.021 0.020 0.019 0.020 0.019 0.019 0.019 0.021 0.018 0.019 0.018 0.021 0.023 0.018 
32 0.018 0.018 0.023 0.019 0.020 0.035 0.019 0.018 0.023 0.018 0.019 0.025 0.018 0.022 0.019 0.027 0.018 0.019 0.022 0.026 0.019 0.027 0.019 0.020 0.023 0.023 0.020 0.018 0.019 0.021 0.019 0.025 0.000 0.022 0.019 0.017 0.019 0.022 0.021 0.017 0.018 0.020 0.018 0.018 0.020 0.018 0.018 0.021 0.024 0.018 0.019 0.019 0.019 0.022 0.019 0.017 0.020 0.020 0.018 0.026 0.020 0.019 0.021 0.016 0.019 0.023 0.021 0.019 0.021 0.021 0.018 0.018 0.024 0.018 0.021 0.018 0.021 0.018 0.019 0.019 0.023 0.018 0.019 0.022 0.018 0.019 0.019 0.018 0.019 0.018 0.018 0.018 0.022 0.021 0.018 
33 0.017 0.016 0.021 0.017 0.017 0.032 0.017 0.016 0.024 0.017 0.017 0.024 0.017 0.019 0.016 0.026 0.016 0.016 0.020 0.027 0.016 0.025 0.019 0.017 0.020 0.020 0.017 0.016 0.017 0.018 0.017 0.021 0.022 0.000 0.018 0.017 0.016 0.020 0.019 0.016 0.016 0.017 0.013 0.012 0.015 0.013 0.013 0.021 0.022 0.016 0.016 0.016 0.016 0.022 0.016 0.018 0.016 0.016 0.016 0.025 0.017 0.017 0.019 0.018 0.017 0.023 0.018 0.016 0.019 0.018 0.016 0.015 0.021 0.017 0.021 0.014 0.020 0.016 0.016 0.017 0.021 0.017 0.013 0.020 0.016 0.016 0.017 0.016 0.018 0.016 0.016 0.016 0.019 0.020 0.015 
34 0.012 0.012 0.019 0.012 0.013 0.032 0.013 0.009 0.021 0.012 0.012 0.023 0.013 0.015 0.014 0.023 0.010 0.011 0.016 0.025 0.014 0.022 0.016 0.012 0.017 0.016 0.013 0.011 0.011 0.014 0.012 0.019 0.019 0.018 0.000 0.013 0.008 0.017 0.015 0.012 0.010 0.012 0.013 0.013 0.016 0.013 0.013 0.017 0.018 0.011 0.011 0.011 0.010 0.021 0.011 0.016 0.015 0.018 0.009 0.023 0.012 0.012 0.014 0.014 0.011 0.020 0.015 0.011 0.015 0.016 0.010 0.010 0.019 0.014 0.016 0.011 0.016 0.013 0.011 0.011 0.018 0.014 0.015 0.015 0.013 0.012 0.012 0.013 0.015 0.011 0.011 0.011 0.016 0.017 0.011 
35 0.014 0.013 0.020 0.014 0.015 0.033 0.014 0.013 0.020 0.013 0.014 0.023 0.014 0.017 0.014 0.025 0.012 0.014 0.017 0.024 0.014 0.023 0.015 0.015 0.018 0.018 0.015 0.013 0.013 0.017 0.014 0.020 0.017 0.017 0.013 0.000 0.012 0.018 0.016 0.012 0.012 0.015 0.012 0.012 0.015 0.012 0.012 0.018 0.020 0.013 0.014 0.013 0.013 0.021 0.013 0.014 0.016 0.017 0.011 0.023 0.015 0.014 0.017 0.014 0.014 0.020 0.017 0.013 0.016 0.017 0.012 0.012 0.020 0.015 0.019 0.013 0.019 0.013 0.013 0.013 0.019 0.006 0.014 0.018 0.013 0.013 0.015 0.013 0.008 0.012 0.012 0.013 0.017 0.013 0.012 
36 0.010 0.009 0.019 0.009 0.010 0.032 0.011 0.007 0.020 0.010 0.009 0.022 0.011 0.013 0.012 0.022 0.008 0.009 0.014 0.024 0.011 0.022 0.015 0.009 0.015 0.014 0.011 0.010 0.008 0.012 0.010 0.018 0.019 0.016 0.008 0.012 0.000 0.016 0.012 0.009 0.008 0.009 0.011 0.012 0.014 0.011 0.012 0.018 0.016 0.008 0.008 0.007 0.007 0.021 0.007 0.015 0.013 0.017 0.006 0.022 0.010 0.010 0.013 0.012 0.008 0.020 0.014 0.008 0.012 0.014 0.007 0.007 0.017 0.012 0.017 0.008 0.016 0.010 0.008 0.009 0.017 0.013 0.013 0.013 0.013 0.009 0.010 0.012 0.014 0.008 0.008 0.008 0.014 0.016 0.009 
37 0.016 0.012 0.011 0.015 0.019 0.028 0.016 0.017 0.019 0.016 0.016 0.021 0.015 0.016 0.017 0.021 0.016 0.017 0.019 0.024 0.018 0.018 0.019 0.017 0.015 0.021 0.016 0.015 0.015 0.018 0.016 0.022 0.022 0.020 0.017 0.018 0.016 0.000 0.017 0.013 0.017 0.018 0.017 0.017 0.018 0.017 0.017 0.021 0.021 0.014 0.016 0.016 0.016 0.023 0.015 0.018 0.013 0.019 0.016 0.022 0.017 0.016 0.018 0.017 0.015 0.020 0.018 0.017 0.016 0.018 0.016 0.016 0.020 0.015 0.021 0.016 0.019 0.017 0.016 0.015 0.022 0.018 0.017 0.019 0.017 0.015 0.018 0.017 0.019 0.015 0.016 0.014 0.020 0.020 0.017 
38 0.014 0.014 0.020 0.014 0.015 0.032 0.014 0.014 0.022 0.015 0.013 0.021 0.014 0.016 0.015 0.022 0.013 0.014 0.017 0.026 0.015 0.021 0.018 0.014 0.018 0.017 0.014 0.015 0.013 0.012 0.015 0.020 0.021 0.019 0.015 0.016 0.012 0.017 0.000 0.013 0.014 0.015 0.016 0.016 0.018 0.016 0.016 0.022 0.019 0.013 0.013 0.013 0.013 0.022 0.013 0.017 0.016 0.020 0.014 0.023 0.014 0.015 0.015 0.015 0.012 0.021 0.017 0.014 0.015 0.016 0.014 0.014 0.021 0.015 0.019 0.014 0.021 0.015 0.013 0.012 0.020 0.017 0.016 0.017 0.016 0.013 0.014 0.016 0.017 0.014 0.014 0.014 0.017 0.017 0.015 
39 0.010 0.004 0.017 0.010 0.014 0.033 0.010 0.011 0.021 0.011 0.010 0.021 0.009 0.014 0.012 0.023 0.009 0.012 0.014 0.024 0.013 0.021 0.014 0.013 0.015 0.018 0.012 0.009 0.009 0.014 0.011 0.018 0.017 0.016 0.012 0.012 0.009 0.013 0.013 0.000 0.012 0.013 0.011 0.011 0.014 0.011 0.011 0.019 0.017 0.008 0.011 0.010 0.010 0.020 0.010 0.013 0.012 0.016 0.009 0.022 0.011 0.010 0.014 0.012 0.009 0.019 0.013 0.012 0.012 0.014 0.010 0.010 0.019 0.010 0.018 0.010 0.016 0.012 0.010 0.009 0.018 0.013 0.013 0.015 0.011 0.008 0.013 0.011 0.014 0.008 0.010 0.006 0.016 0.016 0.011 
40 0.011 0.012 0.020 0.011 0.012 0.033 0.013 0.005 0.020 0.012 0.011 0.023 0.013 0.015 0.012 0.023 0.008 0.010 0.016 0.025 0.012 0.022 0.016 0.010 0.017 0.016 0.013 0.008 0.011 0.013 0.012 0.018 0.018 0.016 0.010 0.012 0.008 0.017 0.014 0.012 0.000 0.010 0.011 0.012 0.014 0.011 0.012 0.019 0.017 0.011 0.010 0.009 0.007 0.020 0.010 0.014 0.014 0.017 0.008 0.023 0.012 0.013 0.015 0.013 0.012 0.020 0.016 0.008 0.015 0.016 0.007 0.007 0.018 0.013 0.016 0.009 0.017 0.010 0.011 0.012 0.018 0.014 0.013 0.015 0.011 0.012 0.010 0.011 0.014 0.010 0.011 0.011 0.015 0.016 0.009 
41 0.013 0.013 0.021 0.011 0.008 0.031 0.014 0.009 0.021 0.013 0.012 0.023 0.014 0.015 0.014 0.022 0.011 0.012 0.017 0.024 0.013 0.023 0.016 0.010 0.017 0.011 0.013 0.012 0.012 0.014 0.013 0.018 0.020 0.017 0.012 0.015 0.009 0.018 0.015 0.013 0.010 0.000 0.012 0.012 0.015 0.012 0.013 0.020 0.018 0.012 0.011 0.010 0.009 0.020 0.011 0.017 0.015 0.017 0.011 0.023 0.013 0.013 0.014 0.015 0.013 0.020 0.016 0.010 0.015 0.016 0.009 0.009 0.019 0.014 0.018 0.011 0.018 0.010 0.012 0.013 0.017 0.016 0.014 0.015 0.014 0.013 0.012 0.014 0.016 0.012 0.012 0.012 0.015 0.017 0.010 
42 0.014 0.012 0.019 0.011 0.013 0.033 0.013 0.011 0.021 0.012 0.013 0.022 0.013 0.016 0.013 0.025 0.011 0.013 0.016 0.025 0.014 0.023 0.015 0.012 0.018 0.017 0.014 0.011 0.012 0.015 0.013 0.020 0.018 0.013 0.013 0.012 0.011 0.017 0.016 0.011 0.011 0.012 0.000 0.006 0.011 0.005 0.007 0.019 0.019 0.012 0.013 0.012 0.011 0.020 0.012 0.014 0.014 0.014 0.010 0.024 0.014 0.013 0.016 0.015 0.013 0.020 0.016 0.012 0.015 0.016 0.010 0.010 0.019 0.013 0.018 0.010 0.017 0.011 0.012 0.013 0.018 0.013 0.009 0.016 0.012 0.012 0.014 0.012 0.014 0.011 0.010 0.011 0.016 0.016 0.009 
43 0.013 0.012 0.020 0.012 0.011 0.033 0.013 0.012 0.022 0.012 0.012 0.022 0.013 0.015 0.011 0.024 0.010 0.012 0.017 0.026 0.012 0.023 0.015 0.013 0.018 0.017 0.014 0.011 0.013 0.015 0.013 0.019 0.018 0.012 0.013 0.012 0.012 0.017 0.016 0.011 0.012 0.012 0.006 0.000 0.009 0.005 0.006 0.019 0.019 0.012 0.011 0.010 0.011 0.020 0.012 0.014 0.014 0.012 0.010 0.024 0.013 0.013 0.015 0.014 0.013 0.020 0.017 0.012 0.015 0.016 0.011 0.010 0.018 0.013 0.019 0.008 0.017 0.011 0.011 0.013 0.018 0.013 0.008 0.017 0.011 0.012 0.013 0.011 0.014 0.011 0.011 0.012 0.016 0.016 0.010 
44 0.016 0.015 0.020 0.015 0.014 0.032 0.015 0.014 0.023 0.015 0.015 0.023 0.015 0.018 0.014 0.025 0.013 0.015 0.019 0.026 0.015 0.024 0.017 0.015 0.019 0.019 0.016 0.014 0.015 0.017 0.015 0.021 0.020 0.015 0.016 0.015 0.014 0.018 0.018 0.014 0.014 0.015 0.011 0.009 0.000 0.010 0.011 0.018 0.021 0.015 0.014 0.013 0.014 0.021 0.015 0.016 0.016 0.015 0.013 0.025 0.016 0.016 0.018 0.017 0.015 0.020 0.019 0.014 0.016 0.018 0.014 0.013 0.019 0.015 0.020 0.012 0.019 0.014 0.014 0.015 0.020 0.016 0.012 0.019 0.014 0.015 0.016 0.014 0.016 0.014 0.014 0.014 0.018 0.018 0.013 
45 0.013 0.012 0.020 0.012 0.013 0.033 0.013 0.011 0.022 0.012 0.013 0.022 0.013 0.016 0.012 0.024 0.011 0.012 0.016 0.025 0.013 0.023 0.015 0.013 0.018 0.017 0.014 0.010 0.012 0.015 0.013 0.019 0.018 0.013 0.013 0.012 0.011 0.017 0.016 0.011 0.011 0.012 0.005 0.005 0.010 0.000 0.007 0.019 0.019 0.012 0.012 0.012 0.011 0.020 0.012 0.013 0.015 0.013 0.010 0.024 0.014 0.013 0.016 0.014 0.013 0.020 0.017 0.011 0.015 0.016 0.010 0.009 0.019 0.013 0.019 0.010 0.018 0.011 0.012 0.013 0.018 0.013 0.009 0.017 0.012 0.012 0.013 0.011 0.014 0.011 0.011 0.011 0.016 0.016 0.009 
46 0.014 0.012 0.020 0.012 0.013 0.033 0.013 0.012 0.022 0.012 0.013 0.022 0.013 0.016 0.013 0.024 0.011 0.013 0.016 0.026 0.014 0.023 0.015 0.013 0.018 0.017 0.014 0.012 0.013 0.016 0.013 0.020 0.018 0.013 0.013 0.012 0.012 0.017 0.016 0.011 0.012 0.013 0.007 0.006 0.011 0.007 0.000 0.019 0.019 0.012 0.013 0.012 0.012 0.020 0.013 0.014 0.015 0.013 0.011 0.024 0.014 0.013 0.016 0.015 0.012 0.020 0.017 0.013 0.015 0.016 0.011 0.011 0.019 0.013 0.019 0.010 0.017 0.012 0.012 0.012 0.017 0.013 0.009 0.017 0.010 0.011 0.014 0.012 0.014 0.011 0.011 0.012 0.016 0.017 0.011 
47 0.020 0.019 0.019 0.019 0.020 0.033 0.020 0.019 0.023 0.019 0.020 0.024 0.019 0.022 0.020 0.028 0.019 0.019 0.021 0.026 0.020 0.026 0.021 0.020 0.023 0.022 0.020 0.019 0.019 0.022 0.019 0.022 0.021 0.021 0.017 0.018 0.018 0.021 0.022 0.019 0.019 0.020 0.019 0.019 0.018 0.019 0.019 0.000 0.023 0.019 0.019 0.019 0.019 0.025 0.019 0.021 0.019 0.021 0.018 0.025 0.020 0.019 0.021 0.019 0.019 0.023 0.016 0.019 0.020 0.022 0.019 0.019 0.024 0.019 0.021 0.019 0.020 0.019 0.019 0.019 0.021 0.018 0.019 0.021 0.019 0.019 0.020 0.019 0.020 0.018 0.019 0.019 0.022 0.021 0.019 
48 0.016 0.018 0.023 0.018 0.018 0.034 0.017 0.017 0.022 0.019 0.016 0.024 0.018 0.019 0.019 0.026 0.017 0.017 0.016 0.028 0.017 0.020 0.020 0.016 0.020 0.021 0.018 0.018 0.016 0.018 0.017 0.019 0.024 0.022 0.018 0.020 0.016 0.021 0.019 0.017 0.017 0.018 0.019 0.019 0.021 0.019 0.019 0.023 0.000 0.017 0.017 0.017 0.017 0.023 0.017 0.021 0.018 0.021 0.017 0.025 0.016 0.016 0.018 0.018 0.017 0.023 0.018 0.016 0.019 0.019 0.017 0.017 0.023 0.018 0.018 0.017 0.021 0.018 0.017 0.017 0.019 0.020 0.019 0.015 0.019 0.017 0.016 0.019 0.021 0.018 0.017 0.017 0.016 0.021 0.017 
49 0.010 0.007 0.018 0.008 0.013 0.033 0.011 0.010 0.020 0.011 0.010 0.022 0.009 0.014 0.011 0.023 0.009 0.011 0.015 0.025 0.013 0.021 0.015 0.012 0.016 0.017 0.012 0.009 0.008 0.013 0.012 0.019 0.018 0.016 0.011 0.013 0.008 0.014 0.013 0.008 0.011 0.012 0.012 0.012 0.015 0.012 0.012 0.019 0.017 0.000 0.009 0.009 0.009 0.020 0.009 0.014 0.013 0.016 0.009 0.022 0.011 0.011 0.014 0.012 0.009 0.019 0.014 0.011 0.012 0.014 0.010 0.009 0.018 0.011 0.018 0.010 0.017 0.012 0.009 0.010 0.018 0.014 0.013 0.015 0.012 0.009 0.012 0.012 0.015 0.008 0.011 0.008 0.016 0.017 0.011 
50 0.012 0.010 0.019 0.011 0.011 0.032 0.012 0.009 0.020 0.012 0.010 0.022 0.012 0.014 0.011 0.023 0.009 0.008 0.016 0.025 0.011 0.022 0.015 0.011 0.017 0.016 0.012 0.010 0.010 0.013 0.011 0.018 0.019 0.016 0.011 0.014 0.008 0.016 0.013 0.011 0.010 0.011 0.013 0.011 0.014 0.012 0.013 0.019 0.017 0.009 0.000 0.006 0.007 0.020 0.009 0.016 0.014 0.016 0.010 0.022 0.011 0.012 0.013 0.013 0.010 0.019 0.015 0.010 0.013 0.015 0.009 0.009 0.018 0.012 0.017 0.009 0.017 0.012 0.008 0.011 0.018 0.014 0.013 0.015 0.013 0.011 0.012 0.012 0.015 0.010 0.011 0.010 0.015 0.017 0.011 
51 0.011 0.011 0.019 0.009 0.010 0.032 0.012 0.008 0.020 0.012 0.010 0.022 0.011 0.014 0.011 0.022 0.008 0.007 0.015 0.025 0.010 0.022 0.016 0.010 0.016 0.015 0.011 0.009 0.010 0.012 0.011 0.018 0.019 0.016 0.011 0.013 0.007 0.016 0.013 0.010 0.009 0.010 0.012 0.010 0.013 0.012 0.012 0.019 0.017 0.009 0.006 0.000 0.005 0.020 0.008 0.015 0.014 0.016 0.009 0.023 0.010 0.011 0.013 0.013 0.010 0.020 0.015 0.008 0.013 0.015 0.008 0.008 0.017 0.012 0.017 0.007 0.017 0.011 0.009 0.011 0.017 0.014 0.013 0.014 0.012 0.010 0.011 0.012 0.015 0.010 0.010 0.010 0.015 0.016 0.010 
52 0.011 0.010 0.019 0.008 0.011 0.032 0.012 0.006 0.020 0.012 0.010 0.022 0.011 0.014 0.012 0.023 0.009 0.007 0.015 0.025 0.011 0.022 0.016 0.009 0.016 0.015 0.011 0.007 0.009 0.012 0.011 0.018 0.019 0.016 0.010 0.013 0.007 0.016 0.013 0.010 0.007 0.009 0.011 0.011 0.014 0.011 0.012 0.019 0.017 0.009 0.007 0.005 0.000 0.020 0.008 0.015 0.014 0.017 0.008 0.022 0.010 0.011 0.013 0.013 0.010 0.020 0.015 0.008 0.013 0.015 0.006 0.006 0.017 0.012 0.017 0.008 0.017 0.010 0.009 0.010 0.017 0.014 0.013 0.014 0.012 0.010 0.010 0.012 0.014 0.010 0.010 0.010 0.014 0.016 0.009 
53 0.020 0.020 0.025 0.021 0.021 0.032 0.020 0.020 0.026 0.019 0.020 0.025 0.020 0.022 0.020 0.028 0.020 0.021 0.022 0.028 0.021 0.024 0.019 0.021 0.024 0.022 0.021 0.019 0.021 0.021 0.021 0.023 0.022 0.022 0.021 0.021 0.021 0.023 0.022 0.020 0.020 0.020 0.020 0.020 0.021 0.020 0.020 0.025 0.023 0.020 0.020 0.020 0.020 0.000 0.021 0.021 0.020 0.022 0.020 0.028 0.021 0.021 0.021 0.021 0.021 0.023 0.023 0.021 0.022 0.021 0.020 0.020 0.025 0.021 0.023 0.020 0.023 0.019 0.020 0.021 0.021 0.021 0.021 0.022 0.019 0.020 0.021 0.019 0.021 0.020 0.020 0.020 0.021 0.022 0.020 
54 0.011 0.010 0.019 0.009 0.012 0.032 0.012 0.009 0.020 0.012 0.010 0.022 0.011 0.013 0.011 0.023 0.010 0.010 0.015 0.025 0.012 0.022 0.015 0.011 0.016 0.016 0.011 0.010 0.009 0.012 0.011 0.018 0.019 0.016 0.011 0.013 0.007 0.015 0.013 0.010 0.010 0.011 0.012 0.012 0.015 0.012 0.013 0.019 0.017 0.009 0.009 0.008 0.008 0.021 0.000 0.015 0.014 0.017 0.009 0.022 0.010 0.011 0.013 0.012 0.009 0.020 0.014 0.009 0.013 0.015 0.009 0.009 0.018 0.012 0.017 0.009 0.017 0.011 0.009 0.010 0.018 0.014 0.014 0.014 0.013 0.010 0.011 0.012 0.015 0.009 0.010 0.009 0.015 0.017 0.011 
55 0.015 0.014 0.021 0.014 0.018 0.033 0.015 0.015 0.021 0.015 0.015 0.022 0.014 0.018 0.014 0.025 0.014 0.015 0.018 0.025 0.016 0.024 0.015 0.016 0.020 0.021 0.017 0.014 0.015 0.017 0.016 0.022 0.017 0.018 0.016 0.014 0.015 0.018 0.017 0.013 0.014 0.017 0.014 0.014 0.016 0.013 0.014 0.021 0.021 0.014 0.016 0.015 0.015 0.021 0.015 0.000 0.015 0.018 0.014 0.024 0.016 0.016 0.018 0.016 0.015 0.021 0.018 0.015 0.017 0.018 0.014 0.014 0.021 0.015 0.020 0.014 0.020 0.015 0.015 0.015 0.021 0.015 0.015 0.019 0.014 0.015 0.016 0.014 0.016 0.014 0.014 0.014 0.018 0.019 0.014 
56 0.012 0.013 0.015 0.014 0.015 0.027 0.013 0.014 0.018 0.014 0.012 0.020 0.014 0.014 0.014 0.022 0.014 0.015 0.016 0.022 0.015 0.020 0.016 0.013 0.015 0.018 0.014 0.014 0.013 0.015 0.014 0.020 0.020 0.016 0.015 0.016 0.013 0.013 0.016 0.012 0.014 0.015 0.014 0.014 0.016 0.015 0.015 0.019 0.018 0.013 0.014 0.014 0.014 0.020 0.014 0.015 0.000 0.016 0.014 0.022 0.013 0.012 0.015 0.015 0.013 0.018 0.014 0.014 0.015 0.015 0.014 0.013 0.019 0.014 0.019 0.013 0.017 0.014 0.013 0.013 0.019 0.016 0.015 0.016 0.015 0.012 0.013 0.015 0.017 0.013 0.013 0.012 0.016 0.017 0.014 
57 0.017 0.016 0.021 0.017 0.017 0.033 0.016 0.017 0.022 0.017 0.017 0.021 0.016 0.019 0.016 0.026 0.015 0.017 0.019 0.027 0.017 0.025 0.018 0.017 0.021 0.021 0.017 0.017 0.016 0.019 0.016 0.022 0.020 0.016 0.018 0.017 0.017 0.019 0.020 0.016 0.017 0.017 0.014 0.012 0.015 0.013 0.013 0.021 0.021 0.016 0.016 0.016 0.017 0.022 0.017 0.018 0.016 0.000 0.016 0.025 0.017 0.016 0.018 0.017 0.017 0.021 0.019 0.017 0.019 0.019 0.016 0.016 0.022 0.015 0.021 0.015 0.016 0.017 0.015 0.017 0.021 0.016 0.013 0.020 0.016 0.016 0.017 0.016 0.018 0.015 0.016 0.016 0.019 0.019 0.016 
58 0.011 0.010 0.019 0.010 0.012 0.032 0.012 0.008 0.021 0.010 0.011 0.022 0.011 0.014 0.011 0.023 0.005 0.010 0.015 0.025 0.012 0.022 0.015 0.011 0.016 0.016 0.012 0.009 0.010 0.014 0.011 0.017 0.018 0.016 0.009 0.011 0.006 0.016 0.014 0.009 0.008 0.011 0.010 0.010 0.013 0.010 0.011 0.018 0.017 0.009 0.010 0.009 0.008 0.020 0.009 0.014 0.014 0.016 0.000 0.022 0.012 0.011 0.014 0.013 0.010 0.020 0.015 0.010 0.013 0.015 0.006 0.007 0.017 0.012 0.017 0.008 0.016 0.010 0.009 0.010 0.017 0.012 0.012 0.015 0.011 0.009 0.011 0.011 0.013 0.007 0.010 0.009 0.015 0.016 0.009 
59 0.023 0.022 0.024 0.022 0.024 0.035 0.023 0.023 0.020 0.023 0.023 0.026 0.022 0.024 0.024 0.027 0.022 0.023 0.023 0.027 0.023 0.025 0.024 0.023 0.025 0.026 0.023 0.023 0.022 0.024 0.023 0.026 0.026 0.025 0.023 0.023 0.022 0.022 0.023 0.022 0.023 0.023 0.024 0.024 0.025 0.024 0.024 0.025 0.025 0.022 0.022 0.023 0.022 0.028 0.022 0.024 0.022 0.025 0.022 0.000 0.023 0.023 0.024 0.022 0.022 0.026 0.024 0.022 0.022 0.023 0.022 0.023 0.026 0.023 0.024 0.023 0.024 0.024 0.022 0.022 0.025 0.023 0.023 0.023 0.024 0.022 0.023 0.024 0.024 0.022 0.022 0.022 0.023 0.025 0.023 
60 0.009 0.011 0.020 0.012 0.013 0.033 0.010 0.011 0.020 0.014 0.007 0.021 0.011 0.011 0.013 0.022 0.011 0.012 0.015 0.025 0.013 0.021 0.016 0.010 0.016 0.017 0.012 0.012 0.010 0.012 0.012 0.020 0.020 0.017 0.012 0.015 0.010 0.017 0.014 0.011 0.012 0.013 0.014 0.013 0.016 0.014 0.014 0.020 0.016 0.011 0.011 0.010 0.010 0.021 0.010 0.016 0.013 0.017 0.012 0.023 0.000 0.009 0.011 0.011 0.010 0.018 0.013 0.011 0.013 0.015 0.011 0.011 0.019 0.012 0.017 0.011 0.017 0.013 0.011 0.009 0.019 0.015 0.014 0.015 0.014 0.010 0.010 0.014 0.016 0.012 0.011 0.011 0.013 0.016 0.012 
61 0.009 0.010 0.019 0.012 0.014 0.033 0.008 0.012 0.020 0.012 0.009 0.021 0.011 0.012 0.013 0.023 0.011 0.012 0.014 0.025 0.014 0.022 0.016 0.011 0.015 0.018 0.012 0.012 0.010 0.014 0.012 0.020 0.019 0.017 0.012 0.014 0.010 0.016 0.015 0.010 0.013 0.013 0.013 0.013 0.016 0.013 0.013 0.019 0.016 0.011 0.012 0.011 0.011 0.021 0.011 0.016 0.012 0.016 0.011 0.023 0.009 0.000 0.013 0.011 0.010 0.019 0.013 0.012 0.013 0.015 0.011 0.011 0.019 0.012 0.017 0.011 0.016 0.013 0.011 0.010 0.019 0.015 0.014 0.015 0.014 0.008 0.011 0.013 0.016 0.011 0.011 0.009 0.014 0.016 0.012 
62 0.012 0.014 0.021 0.014 0.014 0.033 0.013 0.014 0.021 0.015 0.012 0.022 0.014 0.015 0.015 0.023 0.014 0.014 0.017 0.027 0.015 0.022 0.017 0.013 0.018 0.018 0.014 0.015 0.014 0.014 0.014 0.021 0.021 0.019 0.014 0.017 0.013 0.018 0.015 0.014 0.015 0.014 0.016 0.015 0.018 0.016 0.016 0.021 0.018 0.014 0.013 0.013 0.013 0.021 0.013 0.018 0.015 0.018 0.014 0.024 0.011 0.013 0.000 0.014 0.012 0.020 0.016 0.013 0.016 0.016 0.014 0.014 0.020 0.014 0.018 0.013 0.018 0.015 0.013 0.013 0.020 0.017 0.016 0.016 0.017 0.014 0.013 0.016 0.018 0.014 0.014 0.014 0.016 0.018 0.015 
63 0.007 0.012 0.020 0.013 0.015 0.034 0.011 0.013 0.019 0.014 0.010 0.022 0.013 0.014 0.014 0.024 0.013 0.013 0.016 0.025 0.014 0.023 0.017 0.013 0.017 0.019 0.013 0.013 0.012 0.014 0.014 0.021 0.016 0.018 0.014 0.014 0.012 0.017 0.015 0.012 0.013 0.015 0.015 0.014 0.017 0.014 0.015 0.019 0.018 0.012 0.013 0.013 0.013 0.021 0.012 0.016 0.015 0.017 0.013 0.022 0.011 0.011 0.014 0.000 0.012 0.020 0.015 0.012 0.014 0.016 0.013 0.013 0.020 0.012 0.016 0.013 0.017 0.014 0.012 0.012 0.020 0.015 0.014 0.016 0.014 0.012 0.011 0.014 0.016 0.012 0.013 0.012 0.015 0.016 0.013 
64 0.010 0.009 0.018 0.010 0.013 0.033 0.010 0.011 0.020 0.012 0.009 0.021 0.011 0.013 0.012 0.023 0.010 0.012 0.014 0.025 0.013 0.021 0.014 0.011 0.016 0.017 0.011 0.011 0.009 0.013 0.011 0.019 0.019 0.017 0.011 0.014 0.008 0.015 0.012 0.009 0.012 0.013 0.013 0.013 0.015 0.013 0.012 0.019 0.017 0.009 0.010 0.010 0.010 0.021 0.009 0.015 0.013 0.017 0.010 0.022 0.010 0.010 0.012 0.012 0.000 0.019 0.013 0.011 0.011 0.012 0.011 0.010 0.019 0.011 0.017 0.010 0.016 0.013 0.008 0.008 0.018 0.014 0.013 0.014 0.013 0.009 0.012 0.012 0.016 0.009 0.010 0.008 0.015 0.016 0.012 
65 0.019 0.019 0.022 0.020 0.021 0.031 0.019 0.020 0.022 0.019 0.019 0.023 0.019 0.021 0.020 0.025 0.020 0.020 0.021 0.027 0.021 0.024 0.021 0.019 0.021 0.023 0.019 0.020 0.019 0.021 0.020 0.025 0.023 0.023 0.020 0.020 0.020 0.020 0.021 0.019 0.020 0.020 0.020 0.020 0.020 0.020 0.020 0.023 0.023 0.019 0.019 0.020 0.020 0.023 0.020 0.021 0.018 0.021 0.020 0.026 0.018 0.019 0.020 0.020 0.019 0.000 0.021 0.020 0.020 0.021 0.020 0.020 0.024 0.019 0.022 0.019 0.021 0.019 0.019 0.019 0.022 0.020 0.020 0.022 0.020 0.019 0.019 0.020 0.021 0.020 0.020 0.019 0.021 0.020 0.020 
66 0.013 0.014 0.015 0.015 0.017 0.032 0.014 0.015 0.022 0.015 0.013 0.023 0.015 0.016 0.017 0.025 0.015 0.016 0.016 0.025 0.017 0.023 0.018 0.015 0.017 0.019 0.015 0.015 0.013 0.016 0.015 0.019 0.021 0.018 0.015 0.017 0.014 0.018 0.017 0.013 0.016 0.016 0.016 0.017 0.019 0.017 0.017 0.016 0.018 0.014 0.015 0.015 0.015 0.023 0.014 0.018 0.014 0.019 0.015 0.024 0.013 0.013 0.016 0.015 0.013 0.021 0.000 0.015 0.016 0.017 0.015 0.015 0.022 0.015 0.019 0.015 0.019 0.016 0.014 0.013 0.018 0.018 0.017 0.017 0.017 0.014 0.015 0.016 0.019 0.014 0.014 0.013 0.017 0.020 0.016 
67 0.010 0.012 0.020 0.010 0.011 0.033 0.012 0.007 0.019 0.013 0.010 0.022 0.013 0.013 0.012 0.023 0.010 0.010 0.016 0.025 0.011 0.022 0.015 0.009 0.016 0.015 0.012 0.010 0.010 0.012 0.011 0.019 0.019 0.016 0.011 0.013 0.008 0.017 0.014 0.012 0.008 0.010 0.012 0.012 0.014 0.011 0.013 0.019 0.016 0.011 0.010 0.008 0.008 0.021 0.009 0.015 0.014 0.017 0.010 0.022 0.011 0.012 0.013 0.012 0.011 0.020 0.015 0.000 0.014 0.016 0.008 0.008 0.018 0.013 0.017 0.009 0.017 0.011 0.010 0.011 0.018 0.014 0.013 0.014 0.013 0.011 0.010 0.013 0.014 0.011 0.010 0.011 0.013 0.016 0.010 
68 0.013 0.012 0.019 0.013 0.016 0.033 0.013 0.014 0.021 0.014 0.013 0.023 0.013 0.016 0.014 0.023 0.013 0.014 0.016 0.026 0.015 0.022 0.017 0.014 0.016 0.019 0.014 0.013 0.012 0.015 0.014 0.021 0.021 0.019 0.015 0.016 0.012 0.016 0.015 0.012 0.015 0.015 0.015 0.015 0.016 0.015 0.015 0.020 0.019 0.012 0.013 0.013 0.013 0.022 0.013 0.017 0.015 0.019 0.013 0.022 0.013 0.013 0.016 0.014 0.011 0.020 0.016 0.014 0.000 0.015 0.014 0.013 0.017 0.014 0.018 0.013 0.018 0.015 0.012 0.012 0.020 0.016 0.016 0.017 0.015 0.011 0.014 0.015 0.017 0.012 0.013 0.012 0.017 0.018 0.014 
69 0.014 0.014 0.021 0.015 0.016 0.032 0.014 0.016 0.023 0.016 0.014 0.024 0.015 0.017 0.016 0.025 0.015 0.015 0.018 0.026 0.016 0.023 0.018 0.016 0.019 0.018 0.015 0.015 0.014 0.017 0.015 0.018 0.021 0.018 0.016 0.017 0.014 0.018 0.016 0.014 0.016 0.016 0.016 0.016 0.018 0.016 0.016 0.022 0.019 0.014 0.015 0.015 0.015 0.021 0.015 0.018 0.015 0.019 0.015 0.023 0.015 0.015 0.016 0.016 0.012 0.021 0.017 0.016 0.015 0.000 0.015 0.015 0.022 0.015 0.020 0.015 0.019 0.017 0.014 0.014 0.021 0.017 0.016 0.019 0.016 0.014 0.016 0.016 0.018 0.014 0.015 0.014 0.019 0.019 0.014 
70 0.011 0.010 0.019 0.010 0.011 0.033 0.013 0.005 0.020 0.011 0.010 0.022 0.011 0.014 0.011 0.023 0.007 0.009 0.015 0.025 0.011 0.022 0.015 0.009 0.016 0.015 0.012 0.007 0.010 0.012 0.011 0.017 0.018 0.016 0.010 0.012 0.007 0.016 0.014 0.010 0.007 0.009 0.010 0.011 0.014 0.010 0.011 0.019 0.017 0.010 0.009 0.008 0.006 0.020 0.009 0.014 0.014 0.016 0.006 0.022 0.011 0.011 0.014 0.013 0.011 0.020 0.015 0.008 0.014 0.015 0.000 0.005 0.017 0.012 0.016 0.008 0.016 0.009 0.009 0.011 0.018 0.013 0.013 0.014 0.011 0.010 0.010 0.011 0.014 0.009 0.010 0.010 0.014 0.016 0.008 
71 0.011 0.010 0.019 0.009 0.011 0.033 0.012 0.006 0.020 0.011 0.010 0.022 0.011 0.014 0.010 0.023 0.007 0.009 0.015 0.025 0.011 0.022 0.015 0.009 0.016 0.015 0.011 0.008 0.009 0.012 0.011 0.018 0.018 0.015 0.010 0.012 0.007 0.016 0.014 0.010 0.007 0.009 0.010 0.010 0.013 0.009 0.011 0.019 0.017 0.009 0.009 0.008 0.006 0.020 0.009 0.014 0.013 0.016 0.007 0.023 0.011 0.011 0.014 0.013 0.010 0.020 0.015 0.008 0.013 0.015 0.005 0.000 0.016 0.011 0.017 0.007 0.016 0.008 0.008 0.011 0.018 0.014 0.012 0.014 0.011 0.009 0.010 0.011 0.014 0.008 0.009 0.009 0.014 0.016 0.008 
72 0.019 0.019 0.022 0.018 0.018 0.033 0.020 0.017 0.023 0.019 0.018 0.026 0.019 0.019 0.018 0.024 0.017 0.018 0.022 0.028 0.019 0.024 0.022 0.018 0.021 0.022 0.019 0.018 0.018 0.020 0.019 0.023 0.024 0.021 0.019 0.020 0.017 0.020 0.021 0.019 0.018 0.019 0.019 0.018 0.019 0.019 0.019 0.024 0.023 0.018 0.018 0.017 0.017 0.025 0.018 0.021 0.019 0.022 0.017 0.026 0.019 0.019 0.020 0.020 0.019 0.024 0.022 0.018 0.017 0.022 0.017 0.016 0.000 0.019 0.022 0.016 0.022 0.018 0.018 0.019 0.023 0.021 0.020 0.021 0.019 0.018 0.019 0.019 0.021 0.018 0.018 0.018 0.021 0.022 0.018 
73 0.012 0.010 0.018 0.012 0.015 0.034 0.012 0.013 0.020 0.013 0.012 0.021 0.011 0.015 0.013 0.023 0.012 0.013 0.016 0.026 0.014 0.022 0.016 0.013 0.017 0.019 0.013 0.011 0.012 0.014 0.012 0.020 0.018 0.017 0.014 0.015 0.012 0.015 0.015 0.010 0.013 0.014 0.013 0.013 0.015 0.013 0.013 0.019 0.018 0.011 0.012 0.012 0.012 0.021 0.012 0.015 0.014 0.015 0.012 0.023 0.012 0.012 0.014 0.012 0.011 0.019 0.015 0.013 0.014 0.015 0.012 0.011 0.019 0.000 0.018 0.011 0.014 0.013 0.011 0.011 0.019 0.015 0.011 0.016 0.013 0.011 0.013 0.013 0.016 0.011 0.012 0.011 0.016 0.017 0.013 
74 0.017 0.018 0.023 0.019 0.019 0.035 0.018 0.016 0.022 0.018 0.016 0.024 0.018 0.019 0.019 0.025 0.017 0.017 0.020 0.028 0.017 0.022 0.020 0.016 0.021 0.022 0.018 0.017 0.017 0.018 0.017 0.022 0.021 0.021 0.016 0.019 0.017 0.021 0.019 0.018 0.016 0.018 0.018 0.019 0.020 0.019 0.019 0.021 0.018 0.018 0.017 0.017 0.017 0.023 0.017 0.020 0.019 0.021 0.017 0.024 0.017 0.017 0.018 0.016 0.017 0.022 0.019 0.017 0.018 0.020 0.016 0.017 0.022 0.018 0.000 0.017 0.020 0.018 0.017 0.017 0.023 0.019 0.018 0.019 0.018 0.017 0.016 0.018 0.020 0.017 0.017 0.017 0.018 0.019 0.016 
75 0.011 0.011 0.019 0.010 0.010 0.032 0.012 0.009 0.021 0.011 0.010 0.022 0.011 0.014 0.010 0.023 0.008 0.010 0.015 0.025 0.011 0.022 0.015 0.010 0.016 0.016 0.012 0.009 0.010 0.013 0.011 0.018 0.018 0.014 0.011 0.013 0.008 0.016 0.014 0.010 0.009 0.011 0.010 0.008 0.012 0.010 0.010 0.019 0.017 0.010 0.009 0.007 0.008 0.020 0.009 0.014 0.013 0.015 0.008 0.023 0.011 0.011 0.013 0.013 0.010 0.019 0.015 0.009 0.013 0.015 0.008 0.007 0.016 0.011 0.017 0.000 0.015 0.010 0.008 0.011 0.018 0.014 0.012 0.015 0.011 0.010 0.011 0.011 0.014 0.008 0.010 0.010 0.015 0.016 0.009 
76 0.017 0.017 0.021 0.017 0.018 0.033 0.017 0.017 0.021 0.017 0.018 0.022 0.016 0.019 0.018 0.026 0.016 0.017 0.019 0.028 0.019 0.026 0.019 0.016 0.021 0.022 0.017 0.017 0.016 0.020 0.015 0.023 0.021 0.020 0.016 0.019 0.016 0.019 0.021 0.016 0.017 0.018 0.017 0.017 0.019 0.018 0.017 0.020 0.021 0.017 0.017 0.017 0.017 0.023 0.017 0.020 0.017 0.016 0.016 0.024 0.017 0.016 0.018 0.017 0.016 0.021 0.019 0.017 0.018 0.019 0.016 0.016 0.022 0.014 0.020 0.015 0.000 0.017 0.016 0.017 0.022 0.018 0.017 0.020 0.017 0.016 0.017 0.017 0.020 0.015 0.016 0.016 0.019 0.021 0.017 
77 0.013 0.012 0.020 0.011 0.012 0.032 0.014 0.010 0.021 0.007 0.012 0.023 0.013 0.015 0.013 0.023 0.010 0.012 0.016 0.025 0.013 0.023 0.016 0.012 0.017 0.015 0.014 0.010 0.012 0.014 0.013 0.018 0.018 0.016 0.013 0.013 0.010 0.017 0.015 0.012 0.010 0.010 0.011 0.011 0.014 0.011 0.012 0.019 0.018 0.012 0.012 0.011 0.010 0.019 0.011 0.015 0.014 0.017 0.010 0.024 0.013 0.013 0.015 0.014 0.013 0.019 0.016 0.011 0.015 0.017 0.009 0.008 0.018 0.013 0.018 0.010 0.017 0.000 0.011 0.013 0.018 0.015 0.013 0.016 0.013 0.012 0.012 0.013 0.015 0.011 0.011 0.011 0.016 0.017 0.010 
78 0.011 0.010 0.018 0.010 0.012 0.032 0.011 0.010 0.021 0.011 0.010 0.021 0.011 0.013 0.011 0.023 0.008 0.010 0.014 0.025 0.013 0.022 0.014 0.011 0.016 0.016 0.011 0.010 0.009 0.013 0.010 0.018 0.019 0.016 0.011 0.013 0.008 0.016 0.013 0.010 0.011 0.012 0.012 0.011 0.014 0.012 0.012 0.019 0.017 0.009 0.008 0.009 0.009 0.020 0.009 0.015 0.013 0.015 0.009 0.022 0.011 0.011 0.013 0.012 0.008 0.019 0.014 0.010 0.012 0.014 0.009 0.008 0.018 0.011 0.017 0.008 0.016 0.011 0.000 0.010 0.018 0.014 0.012 0.014 0.012 0.009 0.011 0.011 0.015 0.008 0.010 0.009 0.015 0.016 0.011 
79 0.010 0.009 0.019 0.011 0.014 0.033 0.010 0.011 0.020 0.013 0.010 0.022 0.011 0.013 0.013 0.023 0.010 0.012 0.014 0.025 0.012 0.022 0.015 0.011 0.016 0.017 0.012 0.011 0.010 0.013 0.011 0.019 0.019 0.017 0.011 0.013 0.009 0.015 0.012 0.009 0.012 0.013 0.013 0.013 0.015 0.013 0.012 0.019 0.017 0.010 0.011 0.011 0.010 0.021 0.010 0.015 0.013 0.017 0.010 0.022 0.009 0.010 0.013 0.012 0.008 0.019 0.013 0.011 0.012 0.014 0.011 0.011 0.019 0.011 0.017 0.011 0.017 0.013 0.010 0.000 0.017 0.014 0.013 0.015 0.013 0.007 0.012 0.013 0.015 0.010 0.011 0.010 0.014 0.016 0.012 
80 0.019 0.018 0.022 0.018 0.017 0.032 0.019 0.018 0.024 0.018 0.019 0.025 0.019 0.021 0.019 0.027 0.018 0.018 0.017 0.027 0.019 0.024 0.018 0.017 0.022 0.018 0.019 0.019 0.018 0.020 0.018 0.020 0.023 0.021 0.018 0.019 0.017 0.022 0.020 0.018 0.018 0.017 0.018 0.018 0.020 0.018 0.017 0.021 0.019 0.018 0.018 0.017 0.017 0.021 0.018 0.021 0.019 0.021 0.017 0.025 0.019 0.019 0.020 0.020 0.018 0.022 0.018 0.018 0.020 0.021 0.018 0.018 0.023 0.019 0.023 0.018 0.022 0.018 0.018 0.017 0.000 0.019 0.019 0.017 0.018 0.018 0.019 0.019 0.020 0.018 0.017 0.018 0.017 0.021 0.018 
81 0.015 0.014 0.021 0.015 0.016 0.033 0.015 0.014 0.021 0.014 0.015 0.023 0.014 0.018 0.015 0.025 0.013 0.015 0.018 0.025 0.015 0.024 0.014 0.015 0.019 0.019 0.016 0.014 0.014 0.017 0.014 0.021 0.018 0.017 0.014 0.006 0.013 0.018 0.017 0.013 0.014 0.016 0.013 0.013 0.016 0.013 0.013 0.018 0.020 0.014 0.014 0.014 0.014 0.021 0.014 0.015 0.016 0.016 0.012 0.023 0.015 0.015 0.017 0.015 0.014 0.020 0.018 0.014 0.016 0.017 0.013 0.014 0.021 0.015 0.019 0.014 0.018 0.015 0.014 0.014 0.019 0.000 0.014 0.018 0.013 0.014 0.016 0.014 0.010 0.012 0.013 0.014 0.017 0.014 0.013 
82 0.014 0.013 0.020 0.014 0.014 0.034 0.014 0.013 0.021 0.014 0.013 0.022 0.014 0.016 0.013 0.024 0.012 0.014 0.017 0.026 0.014 0.023 0.016 0.014 0.018 0.018 0.014 0.013 0.014 0.015 0.013 0.020 0.019 0.013 0.015 0.014 0.013 0.017 0.016 0.013 0.013 0.014 0.009 0.008 0.012 0.009 0.009 0.019 0.019 0.013 0.013 0.013 0.013 0.021 0.014 0.015 0.015 0.013 0.012 0.023 0.014 0.014 0.016 0.014 0.013 0.020 0.017 0.013 0.016 0.016 0.013 0.012 0.020 0.011 0.018 0.012 0.017 0.013 0.012 0.013 0.019 0.014 0.000 0.017 0.013 0.012 0.014 0.013 0.015 0.012 0.012 0.013 0.016 0.017 0.012 
83 0.015 0.016 0.021 0.015 0.016 0.034 0.016 0.014 0.021 0.016 0.014 0.023 0.016 0.017 0.016 0.025 0.015 0.015 0.014 0.027 0.016 0.020 0.018 0.013 0.019 0.019 0.015 0.016 0.015 0.016 0.015 0.019 0.022 0.020 0.015 0.018 0.013 0.019 0.017 0.015 0.015 0.015 0.016 0.017 0.019 0.017 0.017 0.021 0.015 0.015 0.015 0.014 0.014 0.022 0.014 0.019 0.016 0.020 0.015 0.023 0.015 0.015 0.016 0.016 0.014 0.022 0.017 0.014 0.017 0.019 0.014 0.014 0.021 0.016 0.019 0.015 0.020 0.016 0.014 0.015 0.017 0.018 0.017 0.000 0.017 0.015 0.014 0.017 0.019 0.015 0.015 0.015 0.013 0.019 0.015 
84 0.013 0.012 0.020 0.013 0.015 0.033 0.013 0.012 0.022 0.013 0.014 0.022 0.012 0.016 0.013 0.025 0.011 0.013 0.017 0.026 0.014 0.023 0.015 0.014 0.018 0.019 0.014 0.010 0.013 0.016 0.013 0.020 0.018 0.016 0.013 0.013 0.013 0.017 0.016 0.011 0.011 0.014 0.012 0.011 0.014 0.012 0.010 0.019 0.019 0.012 0.013 0.012 0.012 0.019 0.013 0.014 0.015 0.016 0.011 0.024 0.014 0.014 0.017 0.014 0.013 0.020 0.017 0.013 0.015 0.016 0.011 0.011 0.019 0.013 0.018 0.011 0.017 0.013 0.012 0.013 0.018 0.013 0.013 0.017 0.000 0.012 0.014 0.007 0.015 0.010 0.012 0.012 0.017 0.017 0.012 
85 0.010 0.009 0.018 0.011 0.013 0.033 0.010 0.011 0.021 0.011 0.010 0.022 0.010 0.013 0.012 0.023 0.010 0.012 0.014 0.025 0.013 0.021 0.015 0.011 0.015 0.017 0.011 0.010 0.009 0.013 0.010 0.019 0.019 0.016 0.012 0.013 0.009 0.015 0.013 0.008 0.012 0.013 0.012 0.012 0.015 0.012 0.011 0.019 0.017 0.009 0.011 0.010 0.010 0.020 0.010 0.015 0.012 0.016 0.009 0.022 0.010 0.008 0.014 0.012 0.009 0.019 0.014 0.011 0.011 0.014 0.010 0.009 0.018 0.011 0.017 0.010 0.016 0.012 0.009 0.007 0.018 0.014 0.012 0.015 0.012 0.000 0.011 0.012 0.015 0.009 0.010 0.007 0.015 0.016 0.011 
86 0.009 0.013 0.021 0.012 0.013 0.033 0.012 0.010 0.019 0.014 0.009 0.022 0.014 0.013 0.013 0.022 0.011 0.012 0.015 0.025 0.013 0.022 0.017 0.010 0.016 0.017 0.013 0.012 0.011 0.013 0.012 0.019 0.019 0.017 0.012 0.015 0.010 0.018 0.014 0.013 0.010 0.012 0.014 0.013 0.016 0.013 0.014 0.020 0.016 0.012 0.012 0.011 0.010 0.021 0.011 0.016 0.013 0.017 0.011 0.023 0.010 0.011 0.013 0.011 0.012 0.019 0.015 0.010 0.014 0.016 0.010 0.010 0.019 0.013 0.016 0.011 0.017 0.012 0.011 0.012 0.019 0.016 0.014 0.014 0.014 0.011 0.000 0.014 0.016 0.012 0.012 0.012 0.013 0.016 0.011 
87 0.013 0.012 0.019 0.013 0.015 0.034 0.012 0.011 0.022 0.013 0.013 0.022 0.012 0.016 0.012 0.025 0.010 0.013 0.017 0.026 0.014 0.022 0.015 0.014 0.018 0.018 0.014 0.010 0.013 0.016 0.013 0.019 0.018 0.016 0.013 0.013 0.012 0.017 0.016 0.011 0.011 0.014 0.012 0.011 0.014 0.011 0.012 0.019 0.019 0.012 0.012 0.012 0.012 0.019 0.012 0.014 0.015 0.016 0.011 0.024 0.014 0.013 0.016 0.014 0.012 0.020 0.016 0.013 0.015 0.016 0.011 0.011 0.019 0.013 0.018 0.011 0.017 0.013 0.011 0.013 0.019 0.014 0.013 0.017 0.007 0.012 0.014 0.000 0.014 0.010 0.012 0.011 0.017 0.016 0.011 
88 0.016 0.015 0.021 0.015 0.016 0.033 0.016 0.014 0.022 0.015 0.016 0.023 0.016 0.018 0.015 0.024 0.013 0.015 0.019 0.026 0.016 0.023 0.017 0.016 0.020 0.019 0.015 0.015 0.015 0.016 0.016 0.021 0.019 0.018 0.015 0.008 0.014 0.019 0.017 0.014 0.014 0.016 0.014 0.014 0.016 0.014 0.014 0.020 0.021 0.015 0.015 0.015 0.014 0.021 0.015 0.016 0.017 0.018 0.013 0.024 0.016 0.016 0.018 0.016 0.016 0.021 0.019 0.014 0.017 0.018 0.014 0.014 0.021 0.016 0.020 0.014 0.020 0.015 0.015 0.015 0.020 0.010 0.015 0.019 0.015 0.015 0.016 0.014 0.000 0.014 0.014 0.015 0.018 0.014 0.014 
89 0.011 0.009 0.018 0.010 0.013 0.033 0.012 0.010 0.021 0.010 0.011 0.022 0.010 0.014 0.010 0.023 0.008 0.011 0.015 0.025 0.013 0.022 0.014 0.012 0.016 0.017 0.012 0.009 0.010 0.014 0.011 0.018 0.018 0.016 0.011 0.012 0.008 0.015 0.014 0.008 0.010 0.012 0.011 0.011 0.014 0.011 0.011 0.018 0.018 0.008 0.010 0.010 0.010 0.020 0.009 0.014 0.013 0.015 0.007 0.022 0.012 0.011 0.014 0.012 0.009 0.020 0.014 0.011 0.012 0.014 0.009 0.008 0.018 0.011 0.017 0.008 0.015 0.011 0.008 0.010 0.018 0.012 0.012 0.015 0.010 0.009 0.012 0.010 0.014 0.000 0.010 0.008 0.015 0.017 0.010 
90 0.011 0.011 0.019 0.011 0.013 0.032 0.011 0.010 0.020 0.012 0.011 0.022 0.012 0.014 0.013 0.023 0.010 0.011 0.015 0.025 0.012 0.022 0.015 0.010 0.016 0.016 0.012 0.011 0.010 0.013 0.011 0.019 0.018 0.016 0.011 0.012 0.008 0.016 0.014 0.010 0.011 0.012 0.010 0.011 0.014 0.011 0.011 0.019 0.017 0.011 0.011 0.010 0.010 0.020 0.010 0.014 0.013 0.016 0.010 0.022 0.011 0.011 0.014 0.013 0.010 0.020 0.014 0.010 0.013 0.015 0.010 0.009 0.018 0.012 0.017 0.010 0.016 0.011 0.010 0.011 0.017 0.013 0.012 0.015 0.012 0.010 0.012 0.012 0.014 0.010 0.000 0.010 0.014 0.016 0.010 
91 0.010 0.006 0.018 0.010 0.013 0.033 0.010 0.010 0.020 0.010 0.010 0.021 0.010 0.014 0.012 0.023 0.009 0.011 0.014 0.024 0.013 0.022 0.014 0.012 0.015 0.017 0.011 0.010 0.008 0.014 0.010 0.018 0.018 0.016 0.011 0.013 0.008 0.014 0.014 0.006 0.011 0.012 0.011 0.012 0.014 0.011 0.012 0.019 0.017 0.008 0.010 0.010 0.010 0.020 0.009 0.014 0.012 0.016 0.009 0.022 0.011 0.009 0.014 0.012 0.008 0.019 0.013 0.011 0.012 0.014 0.010 0.009 0.018 0.011 0.017 0.010 0.016 0.011 0.009 0.010 0.018 0.014 0.013 0.015 0.012 0.007 0.012 0.011 0.015 0.008 0.010 0.000 0.015 0.017 0.011 
92 0.013 0.016 0.022 0.016 0.016 0.033 0.015 0.014 0.020 0.017 0.013 0.023 0.016 0.016 0.017 0.024 0.014 0.015 0.015 0.027 0.016 0.021 0.017 0.012 0.018 0.019 0.016 0.016 0.015 0.016 0.014 0.021 0.022 0.019 0.016 0.017 0.014 0.020 0.017 0.016 0.015 0.015 0.016 0.016 0.018 0.016 0.016 0.022 0.016 0.016 0.015 0.015 0.014 0.021 0.015 0.018 0.016 0.019 0.015 0.023 0.013 0.014 0.016 0.015 0.015 0.021 0.017 0.013 0.017 0.019 0.014 0.014 0.021 0.016 0.018 0.015 0.019 0.016 0.015 0.014 0.017 0.017 0.016 0.013 0.017 0.015 0.013 0.017 0.018 0.015 0.014 0.015 0.000 0.018 0.015 
93 0.016 0.017 0.022 0.017 0.018 0.033 0.016 0.016 0.022 0.018 0.015 0.022 0.017 0.018 0.017 0.024 0.016 0.016 0.019 0.027 0.017 0.023 0.019 0.016 0.019 0.021 0.017 0.016 0.017 0.017 0.017 0.023 0.021 0.020 0.017 0.013 0.016 0.020 0.017 0.016 0.016 0.017 0.016 0.016 0.018 0.016 0.017 0.021 0.021 0.017 0.017 0.016 0.016 0.022 0.017 0.019 0.017 0.019 0.016 0.025 0.016 0.016 0.018 0.016 0.016 0.020 0.020 0.016 0.018 0.019 0.016 0.016 0.022 0.017 0.019 0.016 0.021 0.017 0.016 0.016 0.021 0.014 0.017 0.019 0.017 0.016 0.016 0.016 0.014 0.017 0.016 0.017 0.018 0.000 0.016 
94 0.012 0.012 0.020 0.011 0.012 0.032 0.013 0.008 0.021 0.012 0.011 0.022 0.012 0.015 0.012 0.023 0.009 0.010 0.016 0.024 0.012 0.022 0.015 0.011 0.017 0.015 0.013 0.009 0.011 0.013 0.012 0.018 0.018 0.015 0.011 0.012 0.009 0.017 0.015 0.011 0.009 0.010 0.009 0.010 0.013 0.009 0.011 0.019 0.017 0.011 0.011 0.010 0.009 0.020 0.011 0.014 0.014 0.016 0.009 0.023 0.012 0.012 0.015 0.013 0.012 0.020 0.016 0.010 0.014 0.014 0.008 0.008 0.018 0.013 0.016 0.009 0.017 0.010 0.011 0.012 0.018 0.013 0.012 0.015 0.012 0.011 0.011 0.011 0.014 0.010 0.010 0.011 0.015 0.016 0.000 
