1.000 0.943 0.823 0.931 0.914 0.603 0.952 0.941 0.785 0.917 0.972 0.773 0.924 0.930 0.914 0.757 0.936 0.918 0.893 0.693 0.900 0.769 0.848 0.926 0.894 0.875 0.910 0.935 0.951 0.929 0.913 0.835 0.815 0.862 0.920 0.898 0.954 0.868 0.911 0.948 0.936 0.918 0.906 0.910 0.876 0.906 0.904 0.798 0.852 0.943 0.929 0.940 0.941 0.811 0.942 0.885 0.891 0.844 0.939 0.709 0.953 0.949 0.911 0.956 0.950 0.825 0.922 0.938 0.909 0.905 0.936 0.942 0.833 0.923 0.843 0.936 0.858 0.922 0.938 0.944 0.843 0.885 0.899 0.885 0.910 0.947 0.952 0.915 0.873 0.939 0.932 0.948 0.897 0.870 0.915 
0.943 1.000 0.861 0.944 0.907 0.603 0.939 0.933 0.769 0.935 0.941 0.784 0.951 0.903 0.925 0.747 0.944 0.922 0.889 0.700 0.897 0.771 0.863 0.910 0.883 0.873 0.902 0.949 0.956 0.912 0.917 0.845 0.824 0.874 0.917 0.909 0.954 0.920 0.906 0.987 0.922 0.915 0.919 0.918 0.884 0.918 0.915 0.808 0.831 0.973 0.938 0.938 0.943 0.814 0.947 0.898 0.880 0.859 0.949 0.715 0.931 0.938 0.890 0.903 0.948 0.818 0.905 0.923 0.913 0.906 0.941 0.944 0.833 0.941 0.819 0.935 0.865 0.924 0.939 0.948 0.846 0.895 0.906 0.871 0.920 0.954 0.920 0.922 0.881 0.954 0.935 0.978 0.865 0.857 0.912 
0.823 0.861 1.000 0.820 0.790 0.680 0.820 0.815 0.732 0.836 0.822 0.724 0.826 0.815 0.803 0.731 0.826 0.800 0.798 0.678 0.780 0.815 0.750 0.799 0.846 0.775 0.803 0.833 0.834 0.809 0.806 0.775 0.720 0.784 0.816 0.795 0.834 0.938 0.810 0.873 0.804 0.798 0.808 0.805 0.789 0.808 0.802 0.802 0.744 0.836 0.815 0.818 0.823 0.705 0.824 0.786 0.856 0.750 0.832 0.660 0.813 0.819 0.788 0.789 0.835 0.746 0.885 0.804 0.813 0.788 0.826 0.825 0.758 0.837 0.730 0.821 0.763 0.815 0.830 0.832 0.771 0.780 0.805 0.782 0.801 0.834 0.802 0.812 0.778 0.836 0.822 0.848 0.760 0.764 0.797 
0.931 0.944 0.820 1.000 0.925 0.613 0.920 0.950 0.769 0.921 0.937 0.765 0.944 0.899 0.920 0.759 0.936 0.933 0.881 0.686 0.904 0.772 0.855 0.923 0.872 0.897 0.902 0.952 0.950 0.922 0.908 0.841 0.812 0.867 0.922 0.900 0.961 0.870 0.909 0.943 0.942 0.935 0.926 0.918 0.884 0.924 0.911 0.807 0.828 0.961 0.934 0.949 0.960 0.800 0.956 0.898 0.868 0.840 0.947 0.709 0.928 0.924 0.892 0.893 0.938 0.813 0.891 0.941 0.898 0.891 0.950 0.959 0.842 0.923 0.812 0.944 0.855 0.938 0.937 0.934 0.852 0.883 0.898 0.877 0.907 0.934 0.923 0.908 0.877 0.940 0.934 0.942 0.865 0.855 0.929 
0.914 0.907 0.790 0.925 1.000 0.637 0.900 0.938 0.759 0.914 0.922 0.744 0.898 0.886 0.914 0.763 0.937 0.922 0.858 0.695 0.910 0.739 0.850 0.934 0.854 0.927 0.889 0.922 0.916 0.905 0.905 0.850 0.800 0.885 0.912 0.889 0.946 0.833 0.894 0.912 0.931 0.958 0.921 0.945 0.911 0.925 0.920 0.795 0.823 0.920 0.936 0.955 0.940 0.810 0.933 0.860 0.864 0.851 0.933 0.686 0.914 0.908 0.897 0.874 0.917 0.802 0.871 0.937 0.873 0.878 0.939 0.941 0.849 0.900 0.813 0.952 0.844 0.933 0.928 0.912 0.859 0.877 0.908 0.869 0.892 0.916 0.920 0.895 0.872 0.918 0.917 0.918 0.874 0.858 0.922 
0.603 0.603 0.680 0.613 0.637 1.000 0.596 0.615 0.617 0.620 0.608 0.583 0.590 0.624 0.604 0.630 0.613 0.605 0.571 0.587 0.601 0.614 0.598 0.629 0.655 0.675 0.610 0.601 0.611 0.615 0.596 0.591 0.532 0.603 0.620 0.607 0.635 0.677 0.621 0.605 0.609 0.640 0.600 0.597 0.603 0.601 0.596 0.589 0.565 0.611 0.617 0.615 0.618 0.585 0.617 0.576 0.692 0.564 0.622 0.524 0.604 0.604 0.600 0.570 0.608 0.615 0.614 0.615 0.594 0.612 0.616 0.617 0.588 0.588 0.548 0.615 0.580 0.622 0.612 0.605 0.608 0.595 0.585 0.585 0.580 0.605 0.607 0.582 0.607 0.608 0.611 0.610 0.599 0.600 0.613 
0.952 0.939 0.820 0.920 0.900 0.596 1.000 0.920 0.768 0.912 0.953 0.782 0.923 0.918 0.908 0.747 0.923 0.911 0.887 0.686 0.894 0.757 0.842 0.908 0.886 0.859 0.899 0.922 0.936 0.911 0.907 0.823 0.803 0.861 0.903 0.891 0.939 0.864 0.903 0.946 0.913 0.903 0.905 0.911 0.877 0.904 0.909 0.798 0.839 0.934 0.921 0.929 0.928 0.805 0.927 0.880 0.879 0.854 0.925 0.699 0.947 0.962 0.904 0.912 0.947 0.820 0.905 0.918 0.903 0.900 0.922 0.927 0.820 0.919 0.820 0.926 0.863 0.911 0.932 0.939 0.836 0.878 0.897 0.868 0.909 0.946 0.927 0.917 0.868 0.926 0.926 0.942 0.879 0.870 0.901 
0.941 0.933 0.815 0.950 0.938 0.615 0.920 1.000 0.774 0.930 0.945 0.767 0.926 0.907 0.927 0.763 0.962 0.950 0.883 0.692 0.920 0.768 0.857 0.941 0.880 0.912 0.910 0.969 0.946 0.932 0.925 0.864 0.820 0.877 0.948 0.912 0.973 0.859 0.910 0.940 0.983 0.957 0.931 0.928 0.894 0.938 0.918 0.816 0.843 0.944 0.950 0.964 0.979 0.819 0.958 0.896 0.877 0.845 0.964 0.710 0.937 0.928 0.901 0.900 0.937 0.812 0.894 0.963 0.893 0.888 0.984 0.979 0.857 0.921 0.849 0.957 0.867 0.958 0.946 0.938 0.856 0.897 0.906 0.889 0.926 0.939 0.950 0.930 0.895 0.946 0.942 0.942 0.886 0.879 0.947 
0.785 0.769 0.732 0.769 0.759 0.617 0.768 0.774 1.000 0.754 0.784 0.731 0.755 0.762 0.756 0.700 0.762 0.757 0.734 0.653 0.752 0.708 0.745 0.773 0.753 0.722 0.746 0.756 0.775 0.756 0.761 0.686 0.707 0.703 0.754 0.767 0.786 0.772 0.737 0.770 0.767 0.762 0.742 0.739 0.727 0.742 0.733 0.709 0.722 0.771 0.760 0.770 0.774 0.679 0.774 0.746 0.783 0.720 0.769 0.711 0.777 0.774 0.747 0.786 0.772 0.728 0.748 0.786 0.749 0.727 0.773 0.773 0.719 0.773 0.726 0.763 0.740 0.758 0.758 0.772 0.705 0.753 0.754 0.752 0.735 0.768 0.789 0.738 0.746 0.759 0.760 0.772 0.764 0.740 0.752 
0.917 0.935 0.836 0.921 0.914 0.620 0.912 0.930 0.754 1.000 0.920 0.753 0.917 0.881 0.908 0.740 0.940 0.908 0.872 0.691 0.883 0.751 0.860 0.905 0.866 0.890 0.892 0.930 0.933 0.894 0.916 0.853 0.817 0.864 0.932 0.911 0.954 0.861 0.889 0.945 0.921 0.922 0.920 0.915 0.881 0.915 0.915 0.819 0.821 0.935 0.922 0.928 0.933 0.820 0.931 0.881 0.868 0.843 0.954 0.699 0.908 0.928 0.889 0.876 0.934 0.817 0.896 0.916 0.888 0.883 0.941 0.942 0.829 0.914 0.817 0.932 0.863 0.965 0.935 0.922 0.854 0.890 0.900 0.867 0.904 0.938 0.909 0.914 0.881 0.949 0.926 0.944 0.860 0.849 0.915 
0.972 0.941 0.822 0.937 0.922 0.608 0.953 0.945 0.784 0.920 1.000 0.780 0.926 0.947 0.923 0.772 0.942 0.929 0.896 0.688 0.910 0.781 0.851 0.936 0.891 0.884 0.917 0.939 0.948 0.941 0.918 0.843 0.809 0.870 0.921 0.895 0.958 0.866 0.916 0.947 0.935 0.928 0.911 0.918 0.884 0.914 0.907 0.799 0.851 0.944 0.939 0.949 0.950 0.814 0.951 0.881 0.892 0.843 0.940 0.710 0.965 0.951 0.923 0.930 0.950 0.832 0.923 0.946 0.909 0.905 0.945 0.949 0.840 0.928 0.847 0.944 0.856 0.931 0.947 0.947 0.846 0.883 0.907 0.892 0.908 0.947 0.957 0.915 0.877 0.938 0.937 0.944 0.899 0.878 0.922 
0.773 0.784 0.724 0.765 0.744 0.583 0.782 0.767 0.731 0.753 0.780 1.000 0.771 0.778 0.762 0.664 0.768 0.766 0.742 0.573 0.764 0.717 0.742 0.770 0.752 0.712 0.762 0.769 0.774 0.784 0.770 0.716 0.663 0.733 0.755 0.755 0.776 0.761 0.777 0.784 0.761 0.747 0.757 0.758 0.744 0.760 0.750 0.695 0.734 0.771 0.772 0.772 0.771 0.704 0.778 0.745 0.771 0.758 0.765 0.645 0.784 0.776 0.761 0.748 0.778 0.732 0.750 0.771 0.734 0.742 0.771 0.768 0.679 0.781 0.724 0.771 0.756 0.755 0.777 0.776 0.709 0.747 0.762 0.751 0.757 0.768 0.771 0.762 0.749 0.766 0.772 0.776 0.749 0.758 0.755 
0.924 0.951 0.826 0.944 0.898 0.590 0.923 0.926 0.755 0.917 0.926 0.771 1.000 0.890 0.916 0.738 0.929 0.910 0.874 0.670 0.889 0.765 0.852 0.901 0.861 0.861 0.891 0.942 0.933 0.898 0.909 0.840 0.806 0.858 0.906 0.888 0.936 0.875 0.897 0.951 0.915 0.903 0.905 0.906 0.873 0.904 0.900 0.798 0.824 0.948 0.915 0.929 0.931 0.809 0.931 0.890 0.863 0.849 0.934 0.707 0.929 0.926 0.887 0.886 0.928 0.811 0.883 0.912 0.892 0.884 0.934 0.932 0.826 0.930 0.813 0.926 0.863 0.913 0.921 0.929 0.834 0.888 0.890 0.863 0.911 0.934 0.903 0.917 0.866 0.934 0.919 0.938 0.857 0.852 0.901 
0.930 0.903 0.815 0.899 0.886 0.624 0.918 0.907 0.762 0.881 0.947 0.778 0.890 1.000 0.886 0.755 0.904 0.892 0.859 0.673 0.873 0.771 0.815 0.899 0.878 0.845 0.883 0.902 0.912 0.909 0.881 0.805 0.768 0.836 0.883 0.856 0.918 0.860 0.884 0.908 0.898 0.891 0.874 0.881 0.847 0.877 0.870 0.763 0.817 0.906 0.902 0.912 0.912 0.780 0.914 0.845 0.876 0.818 0.901 0.689 0.934 0.920 0.887 0.889 0.912 0.796 0.889 0.908 0.870 0.867 0.907 0.911 0.828 0.895 0.808 0.907 0.834 0.892 0.909 0.909 0.808 0.846 0.873 0.853 0.870 0.909 0.918 0.876 0.840 0.900 0.898 0.906 0.858 0.844 0.881 
0.914 0.925 0.803 0.920 0.914 0.604 0.908 0.927 0.756 0.908 0.923 0.762 0.916 0.886 1.000 0.734 0.938 0.919 0.861 0.674 0.890 0.751 0.854 0.902 0.850 0.870 0.893 0.931 0.919 0.899 0.903 0.834 0.802 0.881 0.900 0.902 0.933 0.850 0.887 0.927 0.921 0.906 0.912 0.927 0.892 0.916 0.909 0.796 0.812 0.931 0.933 0.935 0.929 0.815 0.932 0.886 0.866 0.853 0.937 0.688 0.912 0.909 0.879 0.876 0.922 0.799 0.868 0.925 0.884 0.879 0.933 0.942 0.843 0.916 0.808 0.947 0.849 0.921 0.932 0.913 0.828 0.888 0.905 0.860 0.906 0.924 0.911 0.913 0.885 0.942 0.908 0.929 0.855 0.864 0.905 
0.757 0.747 0.731 0.759 0.763 0.630 0.747 0.763 0.700 0.740 0.772 0.664 0.738 0.755 0.734 1.000 0.761 0.746 0.704 0.601 0.731 0.707 0.681 0.758 0.767 0.741 0.747 0.747 0.751 0.771 0.741 0.674 0.659 0.690 0.747 0.716 0.774 0.774 0.766 0.751 0.753 0.765 0.727 0.734 0.726 0.731 0.726 0.659 0.667 0.759 0.760 0.766 0.766 0.646 0.761 0.701 0.743 0.689 0.757 0.625 0.767 0.748 0.756 0.738 0.759 0.701 0.717 0.753 0.763 0.724 0.761 0.763 0.739 0.756 0.706 0.759 0.701 0.752 0.759 0.762 0.678 0.707 0.735 0.711 0.718 0.754 0.771 0.724 0.723 0.748 0.749 0.749 0.720 0.728 0.740 
0.936 0.944 0.826 0.936 0.937 0.613 0.923 0.962 0.762 0.940 0.942 0.768 0.929 0.904 0.938 0.761 1.000 0.938 0.882 0.692 0.910 0.771 0.865 0.929 0.879 0.895 0.905 0.952 0.940 0.919 0.932 0.882 0.819 0.884 0.939 0.923 0.967 0.869 0.913 0.953 0.958 0.940 0.931 0.942 0.907 0.935 0.932 0.817 0.840 0.951 0.950 0.961 0.959 0.812 0.950 0.900 0.873 0.866 0.984 0.714 0.935 0.934 0.900 0.894 0.941 0.814 0.892 0.943 0.902 0.897 0.971 0.969 0.863 0.928 0.842 0.964 0.877 0.948 0.959 0.941 0.857 0.911 0.919 0.884 0.927 0.948 0.942 0.940 0.906 0.962 0.940 0.951 0.885 0.876 0.936 
0.918 0.922 0.800 0.933 0.922 0.605 0.911 0.950 0.757 0.908 0.929 0.766 0.910 0.892 0.919 0.746 0.938 1.000 0.863 0.681 0.915 0.763 0.842 0.921 0.859 0.887 0.897 0.944 0.926 0.917 0.915 0.846 0.804 0.874 0.919 0.890 0.948 0.847 0.898 0.923 0.945 0.930 0.910 0.917 0.883 0.916 0.907 0.802 0.836 0.935 0.958 0.966 0.970 0.800 0.945 0.875 0.864 0.843 0.937 0.700 0.926 0.915 0.892 0.885 0.926 0.805 0.876 0.938 0.882 0.889 0.950 0.950 0.839 0.910 0.830 0.942 0.853 0.929 0.933 0.924 0.843 0.876 0.893 0.868 0.906 0.925 0.923 0.903 0.872 0.928 0.928 0.928 0.867 0.857 0.930 
0.893 0.889 0.798 0.881 0.858 0.571 0.887 0.883 0.734 0.872 0.896 0.742 0.874 0.859 0.861 0.704 0.882 0.863 1.000 0.653 0.844 0.770 0.821 0.877 0.834 0.833 0.860 0.881 0.898 0.873 0.877 0.829 0.757 0.810 0.867 0.845 0.899 0.817 0.858 0.896 0.873 0.863 0.863 0.858 0.825 0.861 0.862 0.780 0.858 0.888 0.873 0.883 0.888 0.785 0.884 0.828 0.839 0.802 0.884 0.697 0.891 0.892 0.845 0.853 0.899 0.786 0.882 0.874 0.860 0.851 0.884 0.888 0.776 0.874 0.784 0.881 0.818 0.875 0.889 0.892 0.868 0.836 0.851 0.895 0.855 0.898 0.886 0.859 0.823 0.885 0.886 0.895 0.880 0.815 0.863 
0.693 0.700 0.678 0.686 0.695 0.587 0.686 0.692 0.653 0.691 0.688 0.573 0.670 0.673 0.674 0.601 0.692 0.681 0.653 1.000 0.674 0.604 0.661 0.685 0.677 0.691 0.650 0.679 0.700 0.662 0.672 0.636 0.668 0.644 0.685 0.694 0.714 0.690 0.662 0.707 0.687 0.702 0.673 0.669 0.657 0.674 0.666 0.653 0.622 0.693 0.684 0.688 0.695 0.604 0.696 0.674 0.702 0.620 0.700 0.621 0.679 0.683 0.650 0.691 0.686 0.630 0.685 0.692 0.667 0.667 0.694 0.694 0.626 0.667 0.618 0.683 0.616 0.688 0.685 0.694 0.648 0.678 0.659 0.647 0.660 0.691 0.681 0.668 0.667 0.688 0.692 0.703 0.652 0.643 0.687 
0.900 0.897 0.780 0.904 0.910 0.601 0.894 0.920 0.752 0.883 0.910 0.764 0.889 0.873 0.890 0.731 0.910 0.915 0.844 0.674 1.000 0.773 0.845 0.903 0.836 0.874 0.885 0.907 0.897 0.894 0.890 0.840 0.791 0.864 0.889 0.876 0.926 0.823 0.876 0.902 0.913 0.904 0.891 0.908 0.874 0.894 0.890 0.782 0.852 0.904 0.916 0.932 0.923 0.809 0.918 0.855 0.857 0.829 0.909 0.690 0.904 0.887 0.875 0.867 0.906 0.785 0.857 0.915 0.859 0.871 0.920 0.919 0.821 0.889 0.844 0.921 0.824 0.902 0.901 0.906 0.822 0.867 0.880 0.850 0.879 0.898 0.904 0.878 0.859 0.895 0.907 0.898 0.849 0.842 0.908 
0.769 0.771 0.815 0.772 0.739 0.614 0.757 0.768 0.708 0.751 0.781 0.717 0.765 0.771 0.751 0.707 0.771 0.763 0.770 0.604 0.773 1.000 0.744 0.759 0.779 0.725 0.764 0.773 0.763 0.793 0.744 0.764 0.646 0.706 0.751 0.730 0.774 0.834 0.774 0.774 0.758 0.743 0.735 0.740 0.719 0.741 0.730 0.671 0.812 0.781 0.765 0.772 0.773 0.741 0.768 0.717 0.799 0.679 0.768 0.648 0.773 0.760 0.746 0.733 0.769 0.711 0.751 0.756 0.754 0.759 0.771 0.771 0.707 0.766 0.747 0.767 0.680 0.755 0.767 0.766 0.741 0.718 0.742 0.790 0.737 0.769 0.766 0.746 0.731 0.764 0.756 0.767 0.768 0.738 0.764 
0.848 0.863 0.750 0.855 0.850 0.598 0.842 0.857 0.745 0.860 0.851 0.742 0.852 0.815 0.854 0.681 0.865 0.842 0.821 0.661 0.845 0.744 1.000 0.853 0.793 0.817 0.836 0.850 0.860 0.829 0.852 0.779 0.758 0.807 0.843 0.864 0.876 0.789 0.825 0.869 0.855 0.857 0.850 0.853 0.819 0.851 0.851 0.751 0.803 0.864 0.860 0.859 0.860 0.827 0.863 0.836 0.818 0.802 0.870 0.686 0.849 0.843 0.833 0.816 0.869 0.772 0.820 0.864 0.821 0.827 0.864 0.863 0.755 0.846 0.779 0.857 0.796 0.853 0.868 0.854 0.830 0.883 0.838 0.827 0.852 0.858 0.840 0.854 0.841 0.875 0.857 0.872 0.839 0.813 0.846 
0.926 0.910 0.799 0.923 0.934 0.629 0.908 0.941 0.773 0.905 0.936 0.770 0.901 0.899 0.902 0.758 0.929 0.921 0.877 0.685 0.903 0.759 0.853 1.000 0.871 0.907 0.895 0.920 0.929 0.931 0.919 0.835 0.793 0.867 0.919 0.889 0.947 0.842 0.905 0.916 0.932 0.939 0.915 0.910 0.876 0.909 0.902 0.798 0.854 0.920 0.928 0.938 0.942 0.801 0.929 0.869 0.882 0.840 0.928 0.701 0.933 0.923 0.900 0.885 0.925 0.814 0.885 0.944 0.882 0.879 0.942 0.943 0.831 0.911 0.845 0.936 0.857 0.927 0.928 0.925 0.856 0.882 0.900 0.894 0.890 0.928 0.940 0.894 0.874 0.916 0.934 0.922 0.909 0.875 0.924 
0.894 0.883 0.846 0.872 0.854 0.655 0.886 0.880 0.753 0.866 0.891 0.752 0.861 0.878 0.850 0.767 0.879 0.859 0.834 0.677 0.836 0.779 0.793 0.871 1.000 0.826 0.849 0.871 0.891 0.874 0.866 0.778 0.749 0.814 0.859 0.837 0.897 0.884 0.858 0.890 0.870 0.862 0.853 0.852 0.830 0.855 0.849 0.751 0.790 0.881 0.868 0.878 0.884 0.744 0.876 0.823 0.883 0.794 0.883 0.679 0.886 0.895 0.845 0.851 0.885 0.790 0.870 0.874 0.864 0.840 0.879 0.889 0.803 0.869 0.782 0.879 0.814 0.869 0.878 0.882 0.785 0.827 0.846 0.824 0.841 0.895 0.882 0.847 0.817 0.878 0.877 0.897 0.829 0.827 0.855 
0.875 0.873 0.775 0.897 0.927 0.675 0.859 0.912 0.722 0.890 0.884 0.712 0.861 0.845 0.870 0.741 0.895 0.887 0.833 0.691 0.874 0.725 0.817 0.907 0.826 1.000 0.857 0.893 0.887 0.879 0.864 0.836 0.769 0.842 0.885 0.860 0.916 0.804 0.876 0.879 0.902 0.937 0.884 0.881 0.847 0.888 0.872 0.775 0.800 0.885 0.893 0.902 0.913 0.796 0.900 0.828 0.849 0.802 0.898 0.666 0.876 0.868 0.858 0.832 0.879 0.775 0.851 0.902 0.835 0.857 0.913 0.913 0.794 0.859 0.779 0.900 0.802 0.913 0.891 0.878 0.846 0.844 0.858 0.838 0.859 0.881 0.884 0.863 0.849 0.883 0.888 0.884 0.844 0.825 0.899 
0.910 0.902 0.803 0.902 0.889 0.610 0.899 0.910 0.746 0.892 0.917 0.762 0.891 0.883 0.893 0.747 0.905 0.897 0.860 0.650 0.885 0.764 0.836 0.895 0.849 0.857 1.000 0.903 0.912 0.904 0.895 0.816 0.774 0.841 0.894 0.860 0.924 0.847 0.895 0.905 0.901 0.893 0.878 0.882 0.848 0.878 0.877 0.778 0.823 0.909 0.908 0.913 0.915 0.798 0.917 0.845 0.853 0.821 0.907 0.686 0.908 0.902 0.877 0.878 0.921 0.797 0.871 0.903 0.871 0.874 0.910 0.914 0.807 0.898 0.820 0.910 0.834 0.894 0.920 0.905 0.816 0.852 0.874 0.857 0.876 0.913 0.903 0.883 0.865 0.905 0.903 0.914 0.843 0.848 0.887 
0.935 0.949 0.833 0.952 0.922 0.601 0.922 0.969 0.756 0.930 0.939 0.769 0.942 0.902 0.931 0.747 0.952 0.944 0.881 0.679 0.907 0.773 0.850 0.920 0.871 0.893 0.903 1.000 0.939 0.926 0.914 0.853 0.821 0.881 0.927 0.903 0.953 0.875 0.902 0.958 0.966 0.939 0.935 0.932 0.898 0.942 0.922 0.809 0.831 0.951 0.944 0.959 0.974 0.829 0.949 0.898 0.871 0.850 0.953 0.700 0.932 0.925 0.891 0.893 0.938 0.816 0.889 0.945 0.900 0.894 0.971 0.970 0.847 0.940 0.834 0.952 0.867 0.950 0.942 0.934 0.848 0.888 0.910 0.872 0.936 0.942 0.929 0.939 0.886 0.950 0.932 0.944 0.864 0.865 0.934 
0.951 0.956 0.834 0.950 0.916 0.611 0.936 0.946 0.775 0.933 0.948 0.774 0.933 0.912 0.919 0.751 0.940 0.926 0.898 0.700 0.897 0.763 0.860 0.929 0.891 0.887 0.912 0.939 1.000 0.928 0.922 0.849 0.816 0.861 0.931 0.905 0.966 0.881 0.913 0.957 0.937 0.928 0.917 0.911 0.877 0.913 0.910 0.810 0.849 0.956 0.938 0.944 0.952 0.804 0.956 0.892 0.884 0.849 0.949 0.715 0.941 0.945 0.899 0.910 0.952 0.819 0.916 0.936 0.910 0.902 0.946 0.950 0.837 0.927 0.832 0.941 0.871 0.930 0.946 0.946 0.851 0.890 0.899 0.884 0.911 0.952 0.934 0.916 0.881 0.947 0.941 0.963 0.878 0.856 0.924 
0.929 0.912 0.809 0.922 0.905 0.615 0.911 0.932 0.756 0.894 0.941 0.784 0.898 0.909 0.899 0.771 0.919 0.917 0.873 0.662 0.894 0.793 0.829 0.931 0.874 0.879 0.904 0.926 0.928 1.000 0.897 0.820 0.782 0.852 0.903 0.873 0.938 0.853 0.927 0.918 0.922 0.915 0.896 0.897 0.864 0.897 0.888 0.776 0.831 0.923 0.921 0.934 0.938 0.808 0.933 0.865 0.870 0.822 0.920 0.689 0.939 0.916 0.908 0.890 0.929 0.809 0.886 0.927 0.886 0.880 0.932 0.933 0.820 0.910 0.823 0.926 0.836 0.913 0.921 0.925 0.830 0.860 0.887 0.872 0.889 0.923 0.927 0.886 0.874 0.914 0.918 0.917 0.873 0.870 0.909 
0.913 0.917 0.806 0.908 0.905 0.596 0.907 0.925 0.761 0.916 0.918 0.770 0.909 0.881 0.903 0.741 0.932 0.915 0.877 0.672 0.890 0.744 0.852 0.919 0.866 0.864 0.895 0.914 0.922 0.897 1.000 0.832 0.791 0.860 0.909 0.882 0.938 0.844 0.887 0.923 0.918 0.905 0.902 0.904 0.871 0.898 0.902 0.795 0.831 0.919 0.919 0.930 0.929 0.790 0.923 0.870 0.865 0.852 0.929 0.698 0.913 0.919 0.889 0.875 0.932 0.802 0.882 0.918 0.885 0.883 0.930 0.931 0.825 0.910 0.827 0.926 0.867 0.912 0.930 0.923 0.838 0.880 0.892 0.874 0.893 0.932 0.921 0.895 0.861 0.923 0.923 0.931 0.879 0.850 0.903 
0.835 0.845 0.775 0.841 0.850 0.591 0.823 0.864 0.686 0.853 0.843 0.716 0.840 0.805 0.834 0.674 0.882 0.846 0.829 0.636 0.840 0.764 0.779 0.835 0.778 0.836 0.816 0.853 0.849 0.820 0.832 1.000 0.730 0.806 0.843 0.815 0.868 0.771 0.828 0.853 0.853 0.854 0.827 0.837 0.803 0.834 0.828 0.764 0.834 0.850 0.856 0.860 0.859 0.759 0.853 0.796 0.810 0.775 0.870 0.662 0.836 0.832 0.806 0.793 0.841 0.736 0.840 0.841 0.801 0.848 0.878 0.863 0.760 0.834 0.781 0.860 0.773 0.857 0.857 0.840 0.825 0.804 0.818 0.831 0.827 0.847 0.843 0.838 0.799 0.854 0.843 0.851 0.805 0.778 0.860 
0.815 0.824 0.720 0.812 0.800 0.532 0.803 0.820 0.707 0.817 0.809 0.663 0.806 0.768 0.802 0.659 0.819 0.804 0.757 0.668 0.791 0.646 0.758 0.793 0.749 0.769 0.774 0.821 0.816 0.782 0.791 0.730 1.000 0.757 0.805 0.820 0.826 0.753 0.772 0.831 0.817 0.804 0.804 0.804 0.770 0.803 0.803 0.769 0.712 0.818 0.804 0.812 0.815 0.727 0.813 0.807 0.743 0.755 0.828 0.633 0.799 0.803 0.768 0.862 0.809 0.720 0.780 0.803 0.767 0.771 0.821 0.819 0.708 0.805 0.730 0.810 0.764 0.814 0.803 0.808 0.743 0.808 0.793 0.748 0.806 0.811 0.802 0.805 0.795 0.821 0.814 0.823 0.753 0.758 0.804 
0.862 0.874 0.784 0.867 0.885 0.603 0.861 0.877 0.703 0.864 0.870 0.733 0.858 0.836 0.881 0.690 0.884 0.874 0.810 0.644 0.864 0.706 0.807 0.867 0.814 0.842 0.841 0.881 0.861 0.852 0.860 0.806 0.757 1.000 0.852 0.859 0.880 0.804 0.832 0.876 0.876 0.872 0.925 0.940 0.907 0.929 0.924 0.777 0.770 0.874 0.882 0.886 0.880 0.784 0.877 0.841 0.838 0.871 0.885 0.649 0.859 0.858 0.833 0.826 0.866 0.756 0.843 0.874 0.827 0.852 0.885 0.892 0.790 0.868 0.770 0.901 0.814 0.878 0.875 0.859 0.808 0.851 0.919 0.807 0.875 0.873 0.862 0.868 0.843 0.884 0.881 0.880 0.818 0.818 0.871 
0.920 0.917 0.816 0.922 0.912 0.620 0.903 0.948 0.754 0.932 0.921 0.755 0.906 0.883 0.900 0.747 0.939 0.919 0.867 0.685 0.889 0.751 0.843 0.919 0.859 0.885 0.894 0.927 0.931 0.903 0.909 0.843 0.805 0.852 1.000 0.902 0.960 0.850 0.897 0.924 0.941 0.922 0.907 0.900 0.872 0.900 0.900 0.831 0.824 0.928 0.930 0.933 0.938 0.794 0.936 0.867 0.866 0.825 0.954 0.703 0.914 0.921 0.895 0.879 0.927 0.795 0.889 0.923 0.878 0.878 0.942 0.938 0.826 0.902 0.839 0.933 0.861 0.918 0.931 0.926 0.840 0.881 0.884 0.868 0.901 0.923 0.920 0.907 0.875 0.935 0.933 0.926 0.862 0.855 0.914 
0.898 0.909 0.795 0.900 0.889 0.607 0.891 0.912 0.767 0.911 0.895 0.755 0.888 0.856 0.902 0.716 0.923 0.890 0.845 0.694 0.876 0.730 0.864 0.889 0.837 0.860 0.860 0.903 0.905 0.873 0.882 0.815 0.820 0.859 0.902 1.000 0.931 0.833 0.865 0.919 0.913 0.895 0.914 0.911 0.877 0.912 0.908 0.835 0.792 0.912 0.896 0.905 0.910 0.794 0.908 0.898 0.846 0.840 0.937 0.693 0.886 0.888 0.850 0.866 0.901 0.793 0.857 0.909 0.862 0.859 0.918 0.915 0.802 0.883 0.797 0.904 0.827 0.902 0.897 0.901 0.840 0.977 0.892 0.838 0.895 0.902 0.890 0.901 0.968 0.920 0.912 0.911 0.853 0.915 0.899 
0.954 0.954 0.834 0.961 0.946 0.635 0.939 0.973 0.786 0.954 0.958 0.776 0.936 0.918 0.933 0.774 0.967 0.948 0.899 0.714 0.926 0.774 0.876 0.947 0.897 0.916 0.924 0.953 0.966 0.938 0.938 0.868 0.826 0.880 0.960 0.931 1.000 0.879 0.928 0.960 0.963 0.954 0.935 0.932 0.898 0.932 0.928 0.830 0.855 0.965 0.960 0.969 0.974 0.814 0.976 0.895 0.892 0.853 0.983 0.730 0.949 0.949 0.916 0.912 0.961 0.821 0.914 0.961 0.916 0.909 0.973 0.973 0.861 0.931 0.845 0.961 0.875 0.953 0.958 0.956 0.873 0.910 0.912 0.903 0.921 0.958 0.952 0.925 0.902 0.964 0.959 0.965 0.894 0.877 0.945 
0.868 0.920 0.938 0.870 0.833 0.677 0.864 0.859 0.772 0.861 0.866 0.761 0.875 0.860 0.850 0.774 0.869 0.847 0.817 0.690 0.823 0.834 0.789 0.842 0.884 0.804 0.847 0.875 0.881 0.853 0.844 0.771 0.753 0.804 0.850 0.833 0.879 1.000 0.849 0.910 0.848 0.841 0.846 0.843 0.828 0.844 0.840 0.755 0.763 0.893 0.863 0.863 0.868 0.743 0.871 0.825 0.882 0.789 0.874 0.685 0.857 0.863 0.822 0.834 0.874 0.779 0.833 0.849 0.859 0.832 0.867 0.870 0.801 0.878 0.761 0.863 0.796 0.850 0.867 0.874 0.772 0.819 0.844 0.804 0.845 0.879 0.848 0.848 0.817 0.878 0.862 0.900 0.793 0.804 0.838 
0.911 0.906 0.810 0.909 0.894 0.621 0.903 0.910 0.737 0.889 0.916 0.777 0.897 0.884 0.887 0.766 0.913 0.898 0.858 0.662 0.876 0.774 0.825 0.905 0.858 0.876 0.895 0.902 0.913 0.927 0.887 0.828 0.772 0.832 0.897 0.865 0.928 0.849 1.000 0.912 0.901 0.900 0.875 0.880 0.847 0.877 0.878 0.772 0.816 0.918 0.913 0.916 0.918 0.784 0.919 0.855 0.852 0.809 0.911 0.697 0.911 0.898 0.890 0.874 0.925 0.799 0.874 0.900 0.881 0.881 0.911 0.910 0.805 0.891 0.805 0.909 0.819 0.895 0.917 0.922 0.824 0.857 0.868 0.858 0.872 0.913 0.903 0.880 0.859 0.904 0.904 0.908 0.847 0.856 0.890 
0.948 0.987 0.873 0.943 0.912 0.605 0.946 0.940 0.770 0.945 0.947 0.784 0.951 0.908 0.927 0.751 0.953 0.923 0.896 0.707 0.902 0.774 0.869 0.916 0.890 0.879 0.905 0.958 0.957 0.918 0.923 0.853 0.831 0.876 0.924 0.919 0.960 0.910 0.912 1.000 0.929 0.920 0.929 0.928 0.894 0.928 0.924 0.816 0.836 0.961 0.935 0.944 0.949 0.815 0.948 0.907 0.887 0.861 0.958 0.717 0.937 0.942 0.896 0.907 0.953 0.823 0.912 0.929 0.918 0.910 0.952 0.950 0.838 0.946 0.825 0.942 0.872 0.931 0.946 0.953 0.853 0.905 0.913 0.875 0.924 0.958 0.925 0.932 0.891 0.959 0.941 0.974 0.872 0.868 0.918 
0.936 0.922 0.804 0.942 0.931 0.609 0.913 0.983 0.767 0.921 0.935 0.761 0.915 0.898 0.921 0.753 0.958 0.945 0.873 0.687 0.913 0.758 0.855 0.932 0.870 0.902 0.901 0.966 0.937 0.922 0.918 0.853 0.817 0.876 0.941 0.913 0.963 0.848 0.901 0.929 1.000 0.949 0.930 0.927 0.893 0.937 0.917 0.813 0.837 0.934 0.943 0.958 0.973 0.812 0.949 0.897 0.867 0.844 0.960 0.701 0.927 0.919 0.891 0.895 0.928 0.805 0.886 0.956 0.883 0.880 0.972 0.972 0.849 0.911 0.847 0.950 0.861 0.951 0.937 0.931 0.852 0.897 0.905 0.881 0.927 0.930 0.945 0.930 0.896 0.941 0.935 0.932 0.881 0.874 0.943 
0.918 0.915 0.798 0.935 0.958 0.640 0.903 0.957 0.762 0.922 0.928 0.747 0.903 0.891 0.906 0.765 0.940 0.930 0.863 0.702 0.904 0.743 0.857 0.939 0.862 0.937 0.893 0.939 0.928 0.915 0.905 0.854 0.804 0.872 0.922 0.895 0.954 0.841 0.900 0.920 0.949 1.000 0.927 0.924 0.890 0.933 0.914 0.799 0.829 0.926 0.931 0.943 0.958 0.817 0.939 0.875 0.864 0.844 0.942 0.695 0.920 0.912 0.895 0.878 0.919 0.808 0.880 0.947 0.876 0.882 0.958 0.958 0.835 0.902 0.819 0.938 0.848 0.949 0.928 0.919 0.862 0.880 0.902 0.874 0.901 0.921 0.930 0.905 0.879 0.925 0.925 0.924 0.879 0.858 0.938 
0.906 0.919 0.808 0.926 0.921 0.600 0.905 0.931 0.742 0.920 0.911 0.757 0.905 0.874 0.912 0.727 0.931 0.910 0.863 0.673 0.891 0.735 0.850 0.915 0.853 0.884 0.878 0.935 0.917 0.896 0.902 0.827 0.804 0.925 0.907 0.914 0.935 0.846 0.875 0.929 0.930 0.927 1.000 0.976 0.942 0.983 0.970 0.806 0.813 0.919 0.910 0.922 0.934 0.803 0.921 0.894 0.857 0.895 0.940 0.679 0.901 0.913 0.869 0.867 0.910 0.795 0.867 0.923 0.872 0.874 0.939 0.946 0.826 0.910 0.809 0.934 0.856 0.932 0.917 0.909 0.845 0.897 0.958 0.858 0.914 0.923 0.907 0.919 0.893 0.932 0.933 0.927 0.862 0.864 0.929 
0.910 0.918 0.805 0.918 0.945 0.597 0.911 0.928 0.739 0.915 0.918 0.758 0.906 0.881 0.927 0.734 0.942 0.917 0.858 0.669 0.908 0.740 0.853 0.910 0.852 0.881 0.882 0.932 0.911 0.897 0.904 0.837 0.804 0.940 0.900 0.911 0.932 0.843 0.880 0.928 0.927 0.924 0.976 1.000 0.966 0.980 0.975 0.801 0.811 0.920 0.926 0.946 0.931 0.812 0.922 0.890 0.860 0.910 0.937 0.676 0.906 0.910 0.880 0.872 0.912 0.798 0.865 0.925 0.875 0.878 0.936 0.943 0.850 0.914 0.806 0.958 0.852 0.930 0.925 0.910 0.848 0.899 0.963 0.853 0.921 0.923 0.909 0.924 0.894 0.932 0.927 0.925 0.860 0.867 0.920 
0.876 0.884 0.789 0.884 0.911 0.603 0.877 0.894 0.727 0.881 0.884 0.744 0.873 0.847 0.892 0.726 0.907 0.883 0.825 0.657 0.874 0.719 0.819 0.876 0.830 0.847 0.848 0.898 0.877 0.864 0.871 0.803 0.770 0.907 0.872 0.877 0.898 0.828 0.847 0.894 0.893 0.890 0.942 0.966 1.000 0.946 0.941 0.822 0.777 0.886 0.892 0.912 0.897 0.780 0.888 0.856 0.838 0.882 0.903 0.670 0.872 0.877 0.846 0.838 0.878 0.790 0.831 0.891 0.865 0.845 0.902 0.909 0.838 0.882 0.792 0.924 0.826 0.896 0.891 0.877 0.814 0.865 0.932 0.819 0.887 0.890 0.876 0.890 0.860 0.898 0.893 0.891 0.827 0.833 0.886 
0.906 0.918 0.808 0.924 0.925 0.601 0.904 0.938 0.742 0.915 0.914 0.760 0.904 0.877 0.916 0.731 0.935 0.916 0.861 0.674 0.894 0.741 0.851 0.909 0.855 0.888 0.878 0.942 0.913 0.897 0.898 0.834 0.803 0.929 0.900 0.912 0.932 0.844 0.877 0.928 0.937 0.933 0.983 0.980 0.946 1.000 0.970 0.802 0.810 0.917 0.913 0.926 0.941 0.808 0.920 0.895 0.858 0.900 0.937 0.681 0.902 0.907 0.869 0.868 0.906 0.798 0.867 0.926 0.870 0.871 0.946 0.953 0.831 0.909 0.805 0.938 0.847 0.939 0.919 0.908 0.847 0.896 0.959 0.855 0.916 0.923 0.908 0.920 0.895 0.930 0.927 0.925 0.862 0.864 0.928 
0.904 0.915 0.802 0.911 0.920 0.596 0.909 0.918 0.733 0.915 0.907 0.750 0.900 0.870 0.909 0.726 0.932 0.907 0.862 0.666 0.890 0.730 0.851 0.902 0.849 0.872 0.877 0.922 0.910 0.888 0.902 0.828 0.803 0.924 0.900 0.908 0.928 0.840 0.878 0.924 0.917 0.914 0.970 0.975 0.941 0.970 1.000 0.803 0.804 0.916 0.911 0.921 0.921 0.806 0.913 0.883 0.851 0.905 0.933 0.678 0.901 0.911 0.873 0.866 0.913 0.795 0.864 0.909 0.877 0.878 0.926 0.933 0.825 0.909 0.800 0.932 0.857 0.920 0.918 0.917 0.863 0.899 0.952 0.841 0.933 0.933 0.898 0.915 0.894 0.932 0.928 0.922 0.857 0.857 0.913 
0.798 0.808 0.802 0.807 0.795 0.589 0.798 0.816 0.709 0.819 0.799 0.695 0.798 0.763 0.796 0.659 0.817 0.802 0.780 0.653 0.782 0.671 0.751 0.798 0.751 0.775 0.778 0.809 0.810 0.776 0.795 0.764 0.769 0.777 0.831 0.835 0.830 0.755 0.772 0.816 0.813 0.799 0.806 0.801 0.822 0.802 0.803 1.000 0.731 0.813 0.807 0.809 0.813 0.690 0.816 0.764 0.765 0.759 0.830 0.673 0.796 0.798 0.773 0.823 0.811 0.731 0.850 0.803 0.788 0.761 0.821 0.815 0.726 0.805 0.752 0.810 0.782 0.805 0.812 0.809 0.774 0.820 0.797 0.773 0.797 0.806 0.796 0.803 0.806 0.820 0.811 0.810 0.765 0.782 0.800 
0.852 0.831 0.744 0.828 0.823 0.565 0.839 0.843 0.722 0.821 0.851 0.734 0.824 0.817 0.812 0.667 0.840 0.836 0.858 0.622 0.852 0.812 0.803 0.854 0.790 0.800 0.823 0.831 0.849 0.831 0.831 0.834 0.712 0.770 0.824 0.792 0.855 0.763 0.816 0.836 0.837 0.829 0.813 0.811 0.777 0.810 0.804 0.731 1.000 0.835 0.839 0.848 0.849 0.775 0.836 0.780 0.818 0.765 0.839 0.670 0.851 0.850 0.816 0.812 0.843 0.746 0.833 0.844 0.799 0.816 0.844 0.845 0.736 0.828 0.816 0.839 0.772 0.830 0.838 0.838 0.818 0.785 0.805 0.868 0.797 0.840 0.855 0.805 0.773 0.828 0.837 0.840 0.857 0.768 0.841 
0.943 0.973 0.836 0.961 0.920 0.611 0.934 0.944 0.771 0.935 0.944 0.771 0.948 0.906 0.931 0.759 0.951 0.935 0.888 0.693 0.904 0.781 0.864 0.920 0.881 0.885 0.909 0.951 0.956 0.923 0.919 0.850 0.818 0.874 0.928 0.912 0.965 0.893 0.918 0.961 0.934 0.926 0.919 0.920 0.886 0.917 0.916 0.813 0.835 1.000 0.950 0.952 0.955 0.816 0.956 0.893 0.875 0.852 0.957 0.722 0.936 0.937 0.902 0.903 0.951 0.821 0.901 0.931 0.917 0.911 0.950 0.953 0.844 0.936 0.825 0.945 0.867 0.932 0.944 0.947 0.854 0.899 0.903 0.878 0.921 0.951 0.926 0.920 0.887 0.957 0.935 0.962 0.868 0.861 0.924 
0.929 0.938 0.815 0.934 0.936 0.617 0.921 0.950 0.760 0.922 0.939 0.772 0.915 0.902 0.933 0.760 0.950 0.958 0.873 0.684 0.916 0.765 0.860 0.928 0.868 0.893 0.908 0.944 0.938 0.921 0.919 0.856 0.804 0.882 0.930 0.896 0.960 0.863 0.913 0.935 0.943 0.931 0.910 0.926 0.892 0.913 0.911 0.807 0.839 0.950 1.000 0.978 0.971 0.812 0.955 0.871 0.872 0.856 0.947 0.708 0.932 0.920 0.910 0.889 0.945 0.813 0.889 0.941 0.898 0.899 0.950 0.950 0.851 0.922 0.834 0.957 0.857 0.931 0.957 0.933 0.852 0.886 0.904 0.879 0.911 0.934 0.928 0.914 0.880 0.943 0.934 0.945 0.870 0.859 0.923 
0.940 0.938 0.818 0.949 0.955 0.615 0.929 0.964 0.770 0.928 0.949 0.772 0.929 0.912 0.935 0.766 0.961 0.966 0.883 0.688 0.932 0.772 0.859 0.938 0.878 0.902 0.913 0.959 0.944 0.934 0.930 0.860 0.812 0.886 0.933 0.905 0.969 0.863 0.916 0.944 0.958 0.943 0.922 0.946 0.912 0.926 0.921 0.809 0.848 0.952 0.978 1.000 0.985 0.817 0.961 0.886 0.878 0.855 0.956 0.711 0.943 0.932 0.913 0.898 0.947 0.818 0.894 0.956 0.905 0.898 0.964 0.964 0.872 0.928 0.838 0.973 0.868 0.944 0.951 0.941 0.860 0.893 0.909 0.888 0.919 0.942 0.941 0.922 0.887 0.945 0.939 0.944 0.880 0.870 0.933 
0.941 0.943 0.823 0.960 0.940 0.618 0.928 0.979 0.774 0.933 0.950 0.771 0.931 0.912 0.929 0.766 0.959 0.970 0.888 0.695 0.923 0.773 0.860 0.942 0.884 0.913 0.915 0.974 0.952 0.938 0.929 0.859 0.815 0.880 0.938 0.910 0.974 0.868 0.918 0.949 0.973 0.958 0.934 0.931 0.897 0.941 0.921 0.813 0.849 0.955 0.971 0.985 1.000 0.815 0.964 0.897 0.878 0.848 0.961 0.716 0.944 0.934 0.907 0.899 0.946 0.819 0.900 0.963 0.904 0.897 0.979 0.979 0.857 0.929 0.840 0.958 0.868 0.959 0.950 0.945 0.860 0.894 0.909 0.891 0.920 0.946 0.945 0.924 0.893 0.948 0.945 0.949 0.884 0.871 0.946 
0.811 0.814 0.705 0.800 0.810 0.585 0.805 0.819 0.679 0.820 0.814 0.704 0.809 0.780 0.815 0.646 0.812 0.800 0.785 0.604 0.809 0.741 0.827 0.801 0.744 0.796 0.798 0.829 0.804 0.808 0.790 0.759 0.727 0.784 0.794 0.794 0.814 0.743 0.784 0.815 0.812 0.817 0.803 0.812 0.780 0.808 0.806 0.690 0.775 0.816 0.812 0.817 0.815 1.000 0.811 0.780 0.783 0.757 0.816 0.622 0.804 0.801 0.789 0.776 0.805 0.751 0.770 0.804 0.767 0.795 0.820 0.820 0.713 0.801 0.739 0.822 0.753 0.830 0.808 0.795 0.794 0.790 0.796 0.779 0.836 0.809 0.800 0.825 0.783 0.816 0.806 0.814 0.796 0.770 0.804 
0.942 0.947 0.824 0.956 0.933 0.617 0.927 0.958 0.774 0.931 0.951 0.778 0.931 0.914 0.932 0.761 0.950 0.945 0.884 0.696 0.918 0.768 0.863 0.929 0.876 0.900 0.917 0.949 0.956 0.933 0.923 0.853 0.813 0.877 0.936 0.908 0.976 0.871 0.919 0.948 0.949 0.939 0.921 0.922 0.888 0.920 0.913 0.816 0.836 0.956 0.955 0.961 0.964 0.811 1.000 0.888 0.876 0.846 0.958 0.714 0.945 0.930 0.912 0.903 0.953 0.818 0.903 0.947 0.904 0.899 0.959 0.959 0.851 0.925 0.831 0.951 0.862 0.939 0.953 0.945 0.856 0.890 0.901 0.892 0.917 0.941 0.936 0.920 0.887 0.953 0.942 0.950 0.877 0.863 0.931 
0.885 0.898 0.786 0.898 0.860 0.576 0.880 0.896 0.746 0.881 0.881 0.745 0.890 0.845 0.886 0.701 0.900 0.875 0.828 0.674 0.855 0.717 0.836 0.869 0.823 0.828 0.845 0.898 0.892 0.865 0.870 0.796 0.807 0.841 0.867 0.898 0.895 0.825 0.855 0.907 0.897 0.875 0.894 0.890 0.856 0.895 0.883 0.764 0.780 0.893 0.871 0.886 0.897 0.780 0.888 1.000 0.826 0.825 0.905 0.671 0.872 0.871 0.832 0.851 0.881 0.777 0.843 0.894 0.847 0.842 0.904 0.903 0.788 0.875 0.780 0.889 0.815 0.890 0.877 0.885 0.806 0.885 0.875 0.828 0.884 0.886 0.878 0.886 0.874 0.895 0.890 0.894 0.829 0.832 0.880 
0.891 0.880 0.856 0.868 0.864 0.692 0.879 0.877 0.783 0.868 0.892 0.771 0.863 0.876 0.866 0.743 0.873 0.864 0.839 0.702 0.857 0.799 0.818 0.882 0.883 0.849 0.853 0.871 0.884 0.870 0.865 0.810 0.743 0.838 0.866 0.846 0.892 0.882 0.852 0.887 0.867 0.864 0.857 0.860 0.838 0.858 0.851 0.765 0.818 0.875 0.872 0.878 0.878 0.783 0.876 0.826 1.000 0.815 0.878 0.693 0.888 0.891 0.845 0.835 0.882 0.798 0.876 0.873 0.851 0.856 0.879 0.882 0.794 0.874 0.792 0.887 0.810 0.870 0.878 0.879 0.808 0.839 0.855 0.836 0.842 0.889 0.882 0.844 0.825 0.875 0.879 0.889 0.845 0.828 0.867 
0.844 0.859 0.750 0.840 0.851 0.564 0.854 0.845 0.720 0.843 0.843 0.758 0.849 0.818 0.853 0.689 0.866 0.843 0.802 0.620 0.829 0.679 0.802 0.840 0.794 0.802 0.821 0.850 0.849 0.822 0.852 0.775 0.755 0.871 0.825 0.840 0.853 0.789 0.809 0.861 0.844 0.844 0.895 0.910 0.882 0.900 0.905 0.759 0.765 0.852 0.856 0.855 0.848 0.757 0.846 0.825 0.815 1.000 0.859 0.645 0.849 0.859 0.816 0.820 0.843 0.764 0.811 0.841 0.805 0.813 0.854 0.860 0.759 0.858 0.758 0.867 0.849 0.849 0.861 0.843 0.782 0.841 0.896 0.790 0.858 0.860 0.851 0.855 0.825 0.864 0.858 0.863 0.806 0.803 0.842 
0.939 0.949 0.832 0.947 0.933 0.622 0.925 0.964 0.769 0.954 0.940 0.765 0.934 0.901 0.937 0.757 0.984 0.937 0.884 0.700 0.909 0.768 0.870 0.928 0.883 0.898 0.907 0.953 0.949 0.920 0.929 0.870 0.828 0.885 0.954 0.937 0.983 0.874 0.911 0.958 0.960 0.942 0.940 0.937 0.903 0.937 0.933 0.830 0.839 0.957 0.947 0.956 0.961 0.816 0.958 0.905 0.878 0.859 1.000 0.718 0.932 0.937 0.899 0.897 0.945 0.814 0.897 0.946 0.907 0.901 0.973 0.971 0.859 0.928 0.840 0.959 0.880 0.950 0.948 0.942 0.861 0.916 0.917 0.886 0.929 0.949 0.940 0.934 0.908 0.971 0.945 0.956 0.882 0.873 0.941 
0.709 0.715 0.660 0.709 0.686 0.524 0.699 0.710 0.711 0.699 0.710 0.645 0.707 0.689 0.688 0.625 0.714 0.700 0.697 0.621 0.690 0.648 0.686 0.701 0.679 0.666 0.686 0.700 0.715 0.689 0.698 0.662 0.633 0.649 0.703 0.693 0.730 0.685 0.697 0.717 0.701 0.695 0.679 0.676 0.670 0.681 0.678 0.673 0.670 0.722 0.708 0.711 0.716 0.622 0.714 0.671 0.693 0.645 0.718 1.000 0.704 0.704 0.671 0.715 0.719 0.646 0.692 0.709 0.723 0.695 0.714 0.711 0.659 0.700 0.674 0.704 0.659 0.694 0.710 0.715 0.672 0.687 0.681 0.704 0.675 0.717 0.702 0.678 0.672 0.712 0.712 0.719 0.691 0.659 0.695 
0.953 0.931 0.813 0.928 0.914 0.604 0.947 0.937 0.777 0.908 0.965 0.784 0.929 0.934 0.912 0.767 0.935 0.926 0.891 0.679 0.904 0.773 0.849 0.933 0.886 0.876 0.908 0.932 0.941 0.939 0.913 0.836 0.799 0.859 0.914 0.886 0.949 0.857 0.911 0.937 0.927 0.920 0.901 0.906 0.872 0.902 0.901 0.796 0.851 0.936 0.932 0.943 0.944 0.804 0.945 0.872 0.888 0.849 0.932 0.704 1.000 0.954 0.926 0.912 0.944 0.832 0.911 0.934 0.901 0.896 0.937 0.937 0.828 0.927 0.842 0.932 0.866 0.918 0.933 0.949 0.845 0.883 0.898 0.885 0.900 0.945 0.947 0.901 0.870 0.926 0.932 0.933 0.900 0.869 0.911 
0.949 0.938 0.819 0.924 0.908 0.604 0.962 0.928 0.774 0.928 0.951 0.776 0.926 0.920 0.909 0.748 0.934 0.915 0.892 0.683 0.887 0.760 0.843 0.923 0.895 0.868 0.902 0.925 0.945 0.916 0.919 0.832 0.803 0.858 0.921 0.888 0.949 0.863 0.898 0.942 0.919 0.912 0.913 0.910 0.877 0.907 0.911 0.798 0.850 0.937 0.920 0.932 0.934 0.801 0.930 0.871 0.891 0.859 0.937 0.704 0.954 1.000 0.906 0.908 0.937 0.817 0.909 0.924 0.898 0.893 0.930 0.939 0.830 0.923 0.834 0.933 0.879 0.922 0.932 0.941 0.836 0.874 0.900 0.880 0.902 0.962 0.932 0.908 0.865 0.934 0.932 0.952 0.887 0.862 0.909 
0.911 0.890 0.788 0.892 0.897 0.600 0.904 0.901 0.747 0.889 0.923 0.761 0.887 0.887 0.879 0.756 0.900 0.892 0.845 0.650 0.875 0.746 0.833 0.900 0.845 0.858 0.877 0.891 0.899 0.908 0.889 0.806 0.768 0.833 0.895 0.850 0.916 0.822 0.890 0.896 0.891 0.895 0.869 0.880 0.846 0.869 0.873 0.773 0.816 0.902 0.910 0.913 0.907 0.789 0.912 0.832 0.845 0.816 0.899 0.671 0.926 0.906 1.000 0.873 0.918 0.806 0.878 0.898 0.863 0.869 0.901 0.900 0.798 0.892 0.811 0.904 0.837 0.886 0.909 0.913 0.817 0.848 0.866 0.853 0.861 0.901 0.908 0.869 0.836 0.897 0.891 0.891 0.854 0.837 0.877 
0.956 0.903 0.789 0.893 0.874 0.570 0.912 0.900 0.786 0.876 0.930 0.748 0.886 0.889 0.876 0.738 0.894 0.885 0.853 0.691 0.867 0.733 0.816 0.885 0.851 0.832 0.878 0.893 0.910 0.890 0.875 0.793 0.862 0.826 0.879 0.866 0.912 0.834 0.874 0.907 0.895 0.878 0.867 0.872 0.838 0.868 0.866 0.823 0.812 0.903 0.889 0.898 0.899 0.776 0.903 0.851 0.835 0.820 0.897 0.715 0.912 0.908 0.873 1.000 0.909 0.796 0.881 0.900 0.868 0.865 0.894 0.900 0.792 0.893 0.818 0.895 0.836 0.881 0.898 0.904 0.804 0.854 0.870 0.848 0.872 0.907 0.912 0.877 0.843 0.898 0.892 0.907 0.856 0.840 0.878 
0.950 0.948 0.835 0.938 0.917 0.608 0.947 0.937 0.772 0.934 0.950 0.778 0.928 0.912 0.922 0.759 0.941 0.926 0.899 0.686 0.906 0.769 0.869 0.925 0.885 0.879 0.921 0.938 0.952 0.929 0.932 0.841 0.809 0.866 0.927 0.901 0.961 0.874 0.925 0.953 0.928 0.919 0.910 0.912 0.878 0.906 0.913 0.811 0.843 0.951 0.945 0.947 0.946 0.805 0.953 0.881 0.882 0.843 0.945 0.719 0.944 0.937 0.918 0.909 1.000 0.827 0.917 0.929 0.931 0.933 0.939 0.941 0.834 0.934 0.833 0.940 0.867 0.920 0.962 0.955 0.858 0.893 0.902 0.887 0.908 0.954 0.932 0.917 0.876 0.951 0.937 0.956 0.874 0.865 0.912 
0.825 0.818 0.746 0.813 0.802 0.615 0.820 0.812 0.728 0.817 0.832 0.732 0.811 0.796 0.799 0.701 0.814 0.805 0.786 0.630 0.785 0.711 0.772 0.814 0.790 0.775 0.797 0.816 0.819 0.809 0.802 0.736 0.720 0.756 0.795 0.793 0.821 0.779 0.799 0.823 0.805 0.808 0.795 0.798 0.790 0.798 0.795 0.731 0.746 0.821 0.813 0.818 0.819 0.751 0.818 0.777 0.798 0.764 0.814 0.646 0.832 0.817 0.806 0.796 0.827 1.000 0.790 0.810 0.798 0.790 0.813 0.817 0.736 0.818 0.744 0.812 0.778 0.823 0.813 0.823 0.762 0.794 0.796 0.778 0.791 0.822 0.827 0.794 0.782 0.813 0.806 0.815 0.789 0.790 0.799 
0.922 0.905 0.885 0.891 0.871 0.614 0.905 0.894 0.748 0.896 0.923 0.750 0.883 0.889 0.868 0.717 0.892 0.876 0.882 0.685 0.857 0.751 0.820 0.885 0.870 0.851 0.871 0.889 0.916 0.886 0.882 0.840 0.780 0.843 0.889 0.857 0.914 0.833 0.874 0.912 0.886 0.880 0.867 0.865 0.831 0.867 0.864 0.850 0.833 0.901 0.889 0.894 0.900 0.770 0.903 0.843 0.876 0.811 0.897 0.692 0.911 0.909 0.878 0.881 0.917 0.790 1.000 0.887 0.867 0.864 0.895 0.898 0.785 0.887 0.802 0.892 0.833 0.887 0.905 0.912 0.844 0.845 0.858 0.865 0.861 0.908 0.897 0.873 0.831 0.899 0.897 0.909 0.853 0.820 0.873 
0.938 0.923 0.804 0.941 0.937 0.615 0.918 0.963 0.786 0.916 0.946 0.771 0.912 0.908 0.925 0.753 0.943 0.938 0.874 0.692 0.915 0.756 0.864 0.944 0.874 0.902 0.903 0.945 0.936 0.927 0.918 0.841 0.803 0.874 0.923 0.909 0.961 0.849 0.900 0.929 0.956 0.947 0.923 0.925 0.891 0.926 0.909 0.803 0.844 0.931 0.941 0.956 0.963 0.804 0.947 0.894 0.873 0.841 0.946 0.709 0.934 0.924 0.898 0.900 0.929 0.810 0.887 1.000 0.885 0.878 0.963 0.962 0.848 0.912 0.833 0.949 0.854 0.942 0.935 0.928 0.852 0.895 0.903 0.886 0.905 0.930 0.944 0.907 0.891 0.931 0.932 0.933 0.896 0.877 0.934 
0.909 0.913 0.813 0.898 0.873 0.594 0.903 0.893 0.749 0.888 0.909 0.734 0.892 0.870 0.884 0.763 0.902 0.882 0.860 0.667 0.859 0.754 0.821 0.882 0.864 0.835 0.871 0.900 0.910 0.886 0.885 0.801 0.767 0.827 0.878 0.862 0.916 0.859 0.881 0.918 0.883 0.876 0.872 0.875 0.865 0.870 0.877 0.788 0.799 0.917 0.898 0.905 0.904 0.767 0.904 0.847 0.851 0.805 0.907 0.723 0.901 0.898 0.863 0.868 0.931 0.798 0.867 0.885 1.000 0.894 0.897 0.903 0.861 0.893 0.834 0.900 0.827 0.882 0.906 0.907 0.813 0.855 0.864 0.844 0.872 0.918 0.888 0.875 0.837 0.910 0.895 0.916 0.832 0.828 0.873 
0.905 0.906 0.788 0.891 0.878 0.612 0.900 0.888 0.727 0.883 0.905 0.742 0.884 0.867 0.879 0.724 0.897 0.889 0.851 0.667 0.871 0.759 0.827 0.879 0.840 0.857 0.874 0.894 0.902 0.880 0.883 0.848 0.771 0.852 0.878 0.859 0.909 0.832 0.881 0.910 0.880 0.882 0.874 0.878 0.845 0.871 0.878 0.761 0.816 0.911 0.899 0.898 0.897 0.795 0.899 0.842 0.856 0.813 0.901 0.695 0.896 0.893 0.869 0.865 0.933 0.790 0.864 0.878 0.894 1.000 0.890 0.897 0.790 0.889 0.800 0.897 0.832 0.876 0.908 0.902 0.810 0.852 0.868 0.834 0.870 0.911 0.887 0.874 0.836 0.907 0.892 0.913 0.829 0.829 0.896 
0.936 0.941 0.826 0.950 0.939 0.616 0.922 0.984 0.773 0.941 0.945 0.771 0.934 0.907 0.933 0.761 0.971 0.950 0.884 0.694 0.920 0.771 0.864 0.942 0.879 0.913 0.910 0.971 0.946 0.932 0.930 0.878 0.821 0.885 0.942 0.918 0.973 0.867 0.911 0.952 0.972 0.958 0.939 0.936 0.902 0.946 0.926 0.821 0.844 0.950 0.950 0.964 0.979 0.820 0.959 0.904 0.879 0.854 0.973 0.714 0.937 0.930 0.901 0.894 0.939 0.813 0.895 0.963 0.897 0.890 1.000 0.983 0.860 0.931 0.845 0.960 0.875 0.962 0.949 0.940 0.859 0.902 0.914 0.889 0.927 0.945 0.946 0.931 0.901 0.954 0.943 0.947 0.886 0.877 0.950 
0.942 0.944 0.825 0.959 0.941 0.617 0.927 0.979 0.773 0.942 0.949 0.768 0.932 0.911 0.942 0.763 0.969 0.950 0.888 0.694 0.919 0.771 0.863 0.943 0.889 0.913 0.914 0.970 0.950 0.933 0.931 0.863 0.819 0.892 0.938 0.915 0.973 0.870 0.910 0.950 0.972 0.958 0.946 0.943 0.909 0.953 0.933 0.815 0.845 0.953 0.950 0.964 0.979 0.820 0.959 0.903 0.882 0.860 0.971 0.711 0.937 0.939 0.900 0.900 0.941 0.817 0.898 0.962 0.903 0.897 0.983 1.000 0.877 0.934 0.838 0.970 0.883 0.977 0.957 0.938 0.858 0.899 0.921 0.891 0.927 0.952 0.950 0.931 0.898 0.960 0.948 0.955 0.888 0.873 0.951 
0.833 0.833 0.758 0.842 0.849 0.588 0.820 0.857 0.719 0.829 0.840 0.679 0.826 0.828 0.843 0.739 0.863 0.839 0.776 0.626 0.821 0.707 0.755 0.831 0.803 0.794 0.807 0.847 0.837 0.820 0.825 0.760 0.708 0.790 0.826 0.802 0.861 0.801 0.805 0.838 0.849 0.835 0.826 0.850 0.838 0.831 0.825 0.726 0.736 0.844 0.851 0.872 0.857 0.713 0.851 0.788 0.794 0.759 0.859 0.659 0.828 0.830 0.798 0.792 0.834 0.736 0.785 0.848 0.861 0.790 0.860 0.877 1.000 0.827 0.767 0.878 0.775 0.854 0.850 0.826 0.750 0.790 0.816 0.786 0.822 0.840 0.838 0.824 0.785 0.849 0.834 0.843 0.777 0.771 0.830 
0.923 0.941 0.837 0.923 0.900 0.588 0.919 0.921 0.773 0.914 0.928 0.781 0.930 0.895 0.916 0.756 0.928 0.910 0.874 0.667 0.889 0.766 0.846 0.911 0.869 0.859 0.898 0.940 0.927 0.910 0.910 0.834 0.805 0.868 0.902 0.883 0.931 0.878 0.891 0.946 0.911 0.902 0.910 0.914 0.882 0.909 0.909 0.805 0.828 0.936 0.922 0.928 0.929 0.801 0.925 0.875 0.874 0.858 0.928 0.700 0.927 0.923 0.892 0.893 0.934 0.818 0.887 0.912 0.893 0.889 0.931 0.934 0.827 1.000 0.824 0.933 0.886 0.915 0.931 0.933 0.834 0.877 0.927 0.863 0.906 0.937 0.915 0.909 0.866 0.935 0.917 0.936 0.859 0.854 0.900 
0.843 0.819 0.730 0.812 0.813 0.548 0.820 0.849 0.726 0.817 0.847 0.724 0.813 0.808 0.808 0.706 0.842 0.830 0.784 0.618 0.844 0.747 0.779 0.845 0.782 0.779 0.820 0.834 0.832 0.823 0.827 0.781 0.730 0.770 0.839 0.797 0.845 0.761 0.805 0.825 0.847 0.819 0.809 0.806 0.792 0.805 0.800 0.752 0.816 0.825 0.834 0.838 0.840 0.739 0.831 0.780 0.792 0.758 0.840 0.674 0.842 0.834 0.811 0.818 0.833 0.744 0.802 0.833 0.834 0.800 0.845 0.838 0.767 0.824 1.000 0.829 0.772 0.818 0.836 0.830 0.742 0.788 0.812 0.800 0.806 0.833 0.856 0.817 0.781 0.826 0.830 0.828 0.800 0.786 0.836 
0.936 0.935 0.821 0.944 0.952 0.615 0.926 0.957 0.763 0.932 0.944 0.771 0.926 0.907 0.947 0.759 0.964 0.942 0.881 0.683 0.921 0.767 0.857 0.936 0.879 0.900 0.910 0.952 0.941 0.926 0.926 0.860 0.810 0.901 0.933 0.904 0.961 0.863 0.909 0.942 0.950 0.938 0.934 0.958 0.924 0.938 0.932 0.810 0.839 0.945 0.957 0.973 0.958 0.822 0.951 0.889 0.887 0.867 0.959 0.704 0.932 0.933 0.904 0.895 0.940 0.812 0.892 0.949 0.900 0.897 0.960 0.970 0.878 0.933 0.829 1.000 0.877 0.950 0.964 0.930 0.856 0.893 0.921 0.881 0.926 0.944 0.938 0.929 0.888 0.956 0.945 0.946 0.878 0.869 0.933 
0.858 0.865 0.763 0.855 0.844 0.580 0.863 0.867 0.740 0.863 0.856 0.756 0.863 0.834 0.849 0.701 0.877 0.853 0.818 0.616 0.824 0.680 0.796 0.857 0.814 0.802 0.834 0.867 0.871 0.836 0.867 0.773 0.764 0.814 0.861 0.827 0.875 0.796 0.819 0.872 0.861 0.848 0.856 0.852 0.826 0.847 0.857 0.782 0.772 0.867 0.857 0.868 0.868 0.753 0.862 0.815 0.810 0.849 0.880 0.659 0.866 0.879 0.837 0.836 0.867 0.778 0.833 0.854 0.827 0.832 0.875 0.883 0.775 0.886 0.772 0.877 1.000 0.862 0.872 0.860 0.779 0.833 0.846 0.800 0.850 0.877 0.864 0.849 0.806 0.886 0.861 0.875 0.810 0.794 0.848 
0.922 0.924 0.815 0.938 0.933 0.622 0.911 0.958 0.758 0.965 0.931 0.755 0.913 0.892 0.921 0.752 0.948 0.929 0.875 0.688 0.902 0.755 0.853 0.927 0.869 0.913 0.894 0.950 0.930 0.913 0.912 0.857 0.814 0.878 0.918 0.902 0.953 0.850 0.895 0.931 0.951 0.949 0.932 0.930 0.896 0.939 0.920 0.805 0.830 0.932 0.931 0.944 0.959 0.830 0.939 0.890 0.870 0.849 0.950 0.694 0.918 0.922 0.886 0.881 0.920 0.823 0.887 0.942 0.882 0.876 0.962 0.977 0.854 0.915 0.818 0.950 0.862 1.000 0.937 0.918 0.855 0.887 0.908 0.875 0.910 0.932 0.929 0.914 0.885 0.938 0.932 0.935 0.876 0.859 0.937 
0.938 0.939 0.830 0.937 0.928 0.612 0.932 0.946 0.758 0.935 0.947 0.777 0.921 0.909 0.932 0.759 0.959 0.933 0.889 0.685 0.901 0.767 0.868 0.928 0.878 0.891 0.920 0.942 0.946 0.921 0.930 0.857 0.803 0.875 0.931 0.897 0.958 0.867 0.917 0.946 0.937 0.928 0.917 0.925 0.891 0.919 0.918 0.812 0.838 0.944 0.957 0.951 0.950 0.808 0.953 0.877 0.878 0.861 0.948 0.710 0.933 0.932 0.909 0.898 0.962 0.813 0.905 0.935 0.906 0.908 0.949 0.957 0.850 0.931 0.836 0.964 0.872 0.937 1.000 0.936 0.851 0.890 0.909 0.883 0.911 0.947 0.931 0.929 0.883 0.957 0.943 0.954 0.872 0.865 0.923 
0.944 0.948 0.832 0.934 0.912 0.605 0.939 0.938 0.772 0.922 0.947 0.776 0.929 0.909 0.913 0.762 0.941 0.924 0.892 0.694 0.906 0.766 0.854 0.925 0.882 0.878 0.905 0.934 0.946 0.925 0.923 0.840 0.808 0.859 0.926 0.901 0.956 0.874 0.922 0.953 0.931 0.919 0.909 0.910 0.877 0.908 0.917 0.809 0.838 0.947 0.933 0.941 0.945 0.795 0.945 0.885 0.879 0.843 0.942 0.715 0.949 0.941 0.913 0.904 0.955 0.823 0.912 0.928 0.907 0.902 0.940 0.938 0.826 0.933 0.830 0.930 0.860 0.918 0.936 1.000 0.859 0.890 0.901 0.880 0.908 0.970 0.931 0.912 0.881 0.939 0.933 0.942 0.883 0.868 0.913 
0.843 0.846 0.771 0.852 0.859 0.608 0.836 0.856 0.705 0.854 0.846 0.709 0.834 0.808 0.828 0.678 0.857 0.843 0.868 0.648 0.822 0.741 0.830 0.856 0.785 0.846 0.816 0.848 0.851 0.830 0.838 0.825 0.743 0.808 0.840 0.840 0.873 0.772 0.824 0.853 0.852 0.862 0.845 0.848 0.814 0.847 0.863 0.774 0.818 0.854 0.852 0.860 0.860 0.794 0.856 0.806 0.808 0.782 0.861 0.672 0.845 0.836 0.817 0.804 0.858 0.762 0.844 0.852 0.813 0.810 0.859 0.858 0.750 0.834 0.742 0.856 0.779 0.855 0.851 0.859 1.000 0.837 0.827 0.863 0.850 0.857 0.837 0.831 0.820 0.856 0.856 0.851 0.864 0.796 0.843 
0.885 0.895 0.780 0.883 0.877 0.595 0.878 0.897 0.753 0.890 0.883 0.747 0.888 0.846 0.888 0.707 0.911 0.876 0.836 0.678 0.867 0.718 0.883 0.882 0.827 0.844 0.852 0.888 0.890 0.860 0.880 0.804 0.808 0.851 0.881 0.977 0.910 0.819 0.857 0.905 0.897 0.880 0.897 0.899 0.865 0.896 0.899 0.820 0.785 0.899 0.886 0.893 0.894 0.790 0.890 0.885 0.839 0.841 0.916 0.687 0.883 0.874 0.848 0.854 0.893 0.794 0.845 0.895 0.855 0.852 0.902 0.899 0.790 0.877 0.788 0.893 0.833 0.887 0.890 0.890 0.837 1.000 0.882 0.827 0.887 0.892 0.878 0.885 0.956 0.910 0.900 0.897 0.849 0.905 0.884 
0.899 0.906 0.805 0.898 0.908 0.585 0.897 0.906 0.754 0.900 0.907 0.762 0.890 0.873 0.905 0.735 0.919 0.893 0.851 0.659 0.880 0.742 0.838 0.900 0.846 0.858 0.874 0.910 0.899 0.887 0.892 0.818 0.793 0.919 0.884 0.892 0.912 0.844 0.868 0.913 0.905 0.902 0.958 0.963 0.932 0.959 0.952 0.797 0.805 0.903 0.904 0.909 0.909 0.796 0.901 0.875 0.855 0.896 0.917 0.681 0.898 0.900 0.866 0.870 0.902 0.796 0.858 0.903 0.864 0.868 0.914 0.921 0.816 0.927 0.812 0.921 0.846 0.908 0.909 0.901 0.827 0.882 1.000 0.848 0.898 0.914 0.899 0.902 0.877 0.915 0.911 0.913 0.855 0.856 0.902 
0.885 0.871 0.782 0.877 0.869 0.585 0.868 0.889 0.752 0.867 0.892 0.751 0.863 0.853 0.860 0.711 0.884 0.868 0.895 0.647 0.850 0.790 0.827 0.894 0.824 0.838 0.857 0.872 0.884 0.872 0.874 0.831 0.748 0.807 0.868 0.838 0.903 0.804 0.858 0.875 0.881 0.874 0.858 0.853 0.819 0.855 0.841 0.773 0.868 0.878 0.879 0.888 0.891 0.779 0.892 0.828 0.836 0.790 0.886 0.704 0.885 0.880 0.853 0.848 0.887 0.778 0.865 0.886 0.844 0.834 0.889 0.891 0.786 0.863 0.800 0.881 0.800 0.875 0.883 0.880 0.863 0.827 0.848 1.000 0.840 0.884 0.890 0.851 0.817 0.876 0.877 0.882 0.899 0.818 0.866 
0.910 0.920 0.801 0.907 0.892 0.580 0.909 0.926 0.735 0.904 0.908 0.757 0.911 0.870 0.906 0.718 0.927 0.906 0.855 0.660 0.879 0.737 0.852 0.890 0.841 0.859 0.876 0.936 0.911 0.889 0.893 0.827 0.806 0.875 0.901 0.895 0.921 0.845 0.872 0.924 0.927 0.901 0.914 0.921 0.887 0.916 0.933 0.797 0.797 0.921 0.911 0.919 0.920 0.836 0.917 0.884 0.842 0.858 0.929 0.675 0.900 0.902 0.861 0.872 0.908 0.791 0.861 0.905 0.872 0.870 0.927 0.927 0.822 0.906 0.806 0.926 0.850 0.910 0.911 0.908 0.850 0.887 0.898 0.840 1.000 0.921 0.896 0.966 0.879 0.934 0.912 0.921 0.851 0.848 0.902 
0.947 0.954 0.834 0.934 0.916 0.605 0.946 0.939 0.768 0.938 0.947 0.768 0.934 0.909 0.924 0.754 0.948 0.925 0.898 0.691 0.898 0.769 0.858 0.928 0.895 0.881 0.913 0.942 0.952 0.923 0.932 0.847 0.811 0.873 0.923 0.902 0.958 0.879 0.913 0.958 0.930 0.921 0.923 0.923 0.890 0.923 0.933 0.806 0.840 0.951 0.934 0.942 0.946 0.809 0.941 0.886 0.889 0.860 0.949 0.717 0.945 0.962 0.901 0.907 0.954 0.822 0.908 0.930 0.918 0.911 0.945 0.952 0.840 0.937 0.833 0.944 0.877 0.932 0.947 0.970 0.857 0.892 0.914 0.884 0.921 1.000 0.932 0.921 0.882 0.955 0.941 0.968 0.882 0.867 0.920 
0.952 0.920 0.802 0.923 0.920 0.607 0.927 0.950 0.789 0.909 0.957 0.771 0.903 0.918 0.911 0.771 0.942 0.923 0.886 0.681 0.904 0.766 0.840 0.940 0.882 0.884 0.903 0.929 0.934 0.927 0.921 0.843 0.802 0.862 0.920 0.890 0.952 0.848 0.903 0.925 0.945 0.930 0.907 0.909 0.876 0.908 0.898 0.796 0.855 0.926 0.928 0.941 0.945 0.800 0.936 0.878 0.882 0.851 0.940 0.702 0.947 0.932 0.908 0.912 0.932 0.827 0.897 0.944 0.888 0.887 0.946 0.950 0.838 0.915 0.856 0.938 0.864 0.929 0.931 0.931 0.837 0.878 0.899 0.890 0.896 0.932 1.000 0.901 0.873 0.929 0.924 0.931 0.905 0.874 0.921 
0.915 0.922 0.812 0.908 0.895 0.582 0.917 0.930 0.738 0.914 0.915 0.762 0.917 0.876 0.913 0.724 0.940 0.903 0.859 0.668 0.878 0.746 0.854 0.894 0.847 0.863 0.883 0.939 0.916 0.886 0.895 0.838 0.805 0.868 0.907 0.901 0.925 0.848 0.880 0.932 0.930 0.905 0.919 0.924 0.890 0.920 0.915 0.803 0.805 0.920 0.914 0.922 0.924 0.825 0.920 0.886 0.844 0.855 0.934 0.678 0.901 0.908 0.869 0.877 0.917 0.794 0.873 0.907 0.875 0.874 0.931 0.931 0.824 0.909 0.817 0.929 0.849 0.914 0.929 0.912 0.831 0.885 0.902 0.851 0.966 0.921 0.901 1.000 0.884 0.934 0.913 0.924 0.850 0.858 0.905 
0.873 0.881 0.778 0.877 0.872 0.607 0.868 0.895 0.746 0.881 0.877 0.749 0.866 0.840 0.885 0.723 0.906 0.872 0.823 0.667 0.859 0.731 0.841 0.874 0.817 0.849 0.865 0.886 0.881 0.874 0.861 0.799 0.795 0.843 0.875 0.968 0.902 0.817 0.859 0.891 0.896 0.879 0.893 0.894 0.860 0.895 0.894 0.806 0.773 0.887 0.880 0.887 0.893 0.783 0.887 0.874 0.825 0.825 0.908 0.672 0.870 0.865 0.836 0.843 0.876 0.782 0.831 0.891 0.837 0.836 0.901 0.898 0.785 0.866 0.781 0.888 0.806 0.885 0.883 0.881 0.820 0.956 0.877 0.817 0.879 0.882 0.873 0.884 1.000 0.891 0.889 0.883 0.837 0.909 0.882 
0.939 0.954 0.836 0.940 0.918 0.608 0.926 0.946 0.759 0.949 0.938 0.766 0.934 0.900 0.942 0.748 0.962 0.928 0.885 0.688 0.895 0.764 0.875 0.916 0.878 0.883 0.905 0.950 0.947 0.914 0.923 0.854 0.821 0.884 0.935 0.920 0.964 0.878 0.904 0.959 0.941 0.925 0.932 0.932 0.898 0.930 0.932 0.820 0.828 0.957 0.943 0.945 0.948 0.816 0.953 0.895 0.875 0.864 0.971 0.712 0.926 0.934 0.897 0.898 0.951 0.813 0.899 0.931 0.910 0.907 0.954 0.960 0.849 0.935 0.826 0.956 0.886 0.938 0.957 0.939 0.856 0.910 0.915 0.876 0.934 0.955 0.929 0.934 0.891 1.000 0.938 0.963 0.871 0.862 0.927 
0.932 0.935 0.822 0.934 0.917 0.611 0.926 0.942 0.760 0.926 0.937 0.772 0.919 0.898 0.908 0.749 0.940 0.928 0.886 0.692 0.907 0.756 0.857 0.934 0.877 0.888 0.903 0.932 0.941 0.918 0.923 0.843 0.814 0.881 0.933 0.912 0.959 0.862 0.904 0.941 0.935 0.925 0.933 0.927 0.893 0.927 0.928 0.811 0.837 0.935 0.934 0.939 0.945 0.806 0.942 0.890 0.879 0.858 0.945 0.712 0.932 0.932 0.891 0.892 0.937 0.806 0.897 0.932 0.895 0.892 0.943 0.948 0.834 0.917 0.830 0.945 0.861 0.932 0.943 0.933 0.856 0.900 0.911 0.877 0.912 0.941 0.924 0.913 0.889 0.938 1.000 0.945 0.882 0.863 0.926 
0.948 0.978 0.848 0.942 0.918 0.610 0.942 0.942 0.772 0.944 0.944 0.776 0.938 0.906 0.929 0.749 0.951 0.928 0.895 0.703 0.898 0.767 0.872 0.922 0.897 0.884 0.914 0.944 0.963 0.917 0.931 0.851 0.823 0.880 0.926 0.911 0.965 0.900 0.908 0.974 0.932 0.924 0.927 0.925 0.891 0.925 0.922 0.810 0.840 0.962 0.945 0.944 0.949 0.814 0.950 0.894 0.889 0.863 0.956 0.719 0.933 0.952 0.891 0.907 0.956 0.815 0.909 0.933 0.916 0.913 0.947 0.955 0.843 0.936 0.828 0.946 0.875 0.935 0.954 0.942 0.851 0.897 0.913 0.882 0.921 0.968 0.931 0.924 0.883 0.963 0.945 1.000 0.875 0.860 0.922 
0.897 0.865 0.760 0.865 0.874 0.599 0.879 0.886 0.764 0.860 0.899 0.749 0.857 0.858 0.855 0.720 0.885 0.867 0.880 0.652 0.849 0.768 0.839 0.909 0.829 0.844 0.843 0.864 0.878 0.873 0.879 0.805 0.753 0.818 0.862 0.853 0.894 0.793 0.847 0.872 0.881 0.879 0.862 0.860 0.827 0.862 0.857 0.765 0.857 0.868 0.870 0.880 0.884 0.796 0.877 0.829 0.845 0.806 0.882 0.691 0.900 0.887 0.854 0.856 0.874 0.789 0.853 0.896 0.832 0.829 0.886 0.888 0.777 0.859 0.800 0.878 0.810 0.876 0.872 0.883 0.864 0.849 0.855 0.899 0.851 0.882 0.905 0.850 0.837 0.871 0.882 0.875 1.000 0.839 0.871 
0.870 0.857 0.764 0.855 0.858 0.600 0.870 0.879 0.740 0.849 0.878 0.758 0.852 0.844 0.864 0.728 0.876 0.857 0.815 0.643 0.842 0.738 0.813 0.875 0.827 0.825 0.848 0.865 0.856 0.870 0.850 0.778 0.758 0.818 0.855 0.915 0.877 0.804 0.856 0.868 0.874 0.858 0.864 0.867 0.833 0.864 0.857 0.782 0.768 0.861 0.859 0.870 0.871 0.770 0.863 0.832 0.828 0.803 0.873 0.659 0.869 0.862 0.837 0.840 0.865 0.790 0.820 0.877 0.828 0.829 0.877 0.873 0.771 0.854 0.786 0.869 0.794 0.859 0.865 0.868 0.796 0.905 0.856 0.818 0.848 0.867 0.874 0.858 0.909 0.862 0.863 0.860 0.839 1.000 0.861 
0.915 0.912 0.797 0.929 0.922 0.613 0.901 0.947 0.752 0.915 0.922 0.755 0.901 0.881 0.905 0.740 0.936 0.930 0.863 0.687 0.908 0.764 0.846 0.924 0.855 0.899 0.887 0.934 0.924 0.909 0.903 0.860 0.804 0.871 0.914 0.899 0.945 0.838 0.890 0.918 0.943 0.938 0.929 0.920 0.886 0.928 0.913 0.800 0.841 0.924 0.923 0.933 0.946 0.804 0.931 0.880 0.867 0.842 0.941 0.695 0.911 0.909 0.877 0.878 0.912 0.799 0.873 0.934 0.873 0.896 0.950 0.951 0.830 0.900 0.836 0.933 0.848 0.937 0.923 0.913 0.843 0.884 0.902 0.866 0.902 0.920 0.921 0.905 0.882 0.927 0.926 0.922 0.871 0.861 1.000 
