0 0.000 0.010 0.019 0.014 0.015 0.032 0.012 0.009 0.025 0.013 0.010 0.019 0.012 0.013 0.013 0.020 0.010 0.014 0.015 0.028 0.014 0.023 0.018 0.017 0.013 0.018 0.016 0.011 0.013 0.016 0.014 0.019 0.024 0.018 0.013 0.013 0.008 0.016 0.016 0.008 0.011 0.015 0.014 0.012 0.016 0.012 0.015 0.023 0.018 0.011 0.011 0.010 0.010 0.018 0.022 0.013 0.020 0.016 0.009 0.021 0.009 0.009 0.016 0.020 0.010 0.022 0.014 0.018 0.014 0.013 0.011 0.010 0.018 0.018 0.017 0.012 0.017 0.014 0.011 0.010 0.017 0.014 0.016 0.018 0.013 0.011 0.011 0.013 0.016 0.010 0.013 0.009 0.018 0.017 0.013 
1 0.010 0.000 0.018 0.012 0.015 0.031 0.013 0.007 0.024 0.012 0.010 0.018 0.010 0.013 0.011 0.020 0.009 0.013 0.015 0.029 0.014 0.023 0.019 0.018 0.013 0.017 0.015 0.010 0.011 0.016 0.013 0.019 0.024 0.019 0.013 0.013 0.007 0.013 0.014 0.005 0.010 0.016 0.014 0.014 0.017 0.014 0.016 0.022 0.019 0.009 0.012 0.010 0.009 0.018 0.022 0.013 0.019 0.014 0.007 0.021 0.011 0.010 0.015 0.021 0.009 0.022 0.013 0.017 0.014 0.014 0.010 0.009 0.017 0.017 0.016 0.012 0.016 0.014 0.011 0.010 0.016 0.013 0.016 0.018 0.012 0.010 0.012 0.013 0.016 0.008 0.011 0.008 0.018 0.018 0.012 
2 0.019 0.018 0.000 0.021 0.022 0.027 0.020 0.018 0.029 0.019 0.020 0.024 0.020 0.019 0.020 0.022 0.019 0.021 0.020 0.027 0.022 0.021 0.024 0.024 0.015 0.024 0.022 0.019 0.020 0.022 0.021 0.023 0.028 0.022 0.020 0.021 0.018 0.013 0.022 0.017 0.019 0.023 0.022 0.022 0.022 0.022 0.023 0.024 0.024 0.019 0.020 0.019 0.019 0.023 0.027 0.021 0.022 0.022 0.018 0.025 0.020 0.020 0.022 0.027 0.018 0.024 0.014 0.024 0.020 0.022 0.019 0.019 0.021 0.024 0.022 0.020 0.022 0.022 0.020 0.019 0.021 0.021 0.024 0.024 0.021 0.019 0.020 0.021 0.022 0.018 0.020 0.018 0.025 0.023 0.020 
3 0.014 0.012 0.021 0.000 0.013 0.031 0.014 0.013 0.023 0.017 0.012 0.018 0.010 0.016 0.012 0.020 0.014 0.012 0.017 0.030 0.013 0.024 0.018 0.016 0.017 0.019 0.015 0.012 0.011 0.015 0.014 0.021 0.023 0.019 0.012 0.011 0.012 0.018 0.014 0.013 0.012 0.014 0.014 0.014 0.017 0.013 0.013 0.022 0.019 0.011 0.015 0.013 0.012 0.020 0.022 0.015 0.018 0.018 0.013 0.022 0.015 0.014 0.015 0.022 0.015 0.021 0.017 0.015 0.016 0.017 0.012 0.012 0.018 0.016 0.016 0.015 0.018 0.013 0.014 0.014 0.016 0.012 0.014 0.017 0.014 0.014 0.015 0.016 0.014 0.013 0.012 0.013 0.018 0.017 0.014 
4 0.015 0.015 0.022 0.013 0.000 0.031 0.014 0.014 0.026 0.017 0.013 0.020 0.015 0.017 0.014 0.021 0.015 0.014 0.017 0.030 0.013 0.025 0.017 0.018 0.017 0.019 0.017 0.014 0.014 0.016 0.014 0.021 0.024 0.019 0.014 0.011 0.014 0.020 0.017 0.014 0.014 0.015 0.013 0.011 0.015 0.013 0.010 0.022 0.020 0.015 0.015 0.013 0.014 0.020 0.022 0.014 0.019 0.018 0.015 0.022 0.015 0.016 0.016 0.022 0.015 0.021 0.018 0.018 0.016 0.018 0.014 0.014 0.018 0.018 0.016 0.016 0.020 0.014 0.015 0.015 0.016 0.012 0.014 0.018 0.015 0.015 0.015 0.016 0.014 0.015 0.013 0.015 0.019 0.015 0.015 
5 0.032 0.031 0.027 0.031 0.031 0.000 0.032 0.031 0.034 0.031 0.032 0.031 0.032 0.031 0.031 0.031 0.032 0.031 0.032 0.033 0.031 0.029 0.031 0.033 0.029 0.031 0.029 0.031 0.031 0.031 0.031 0.031 0.031 0.029 0.031 0.031 0.031 0.028 0.030 0.032 0.032 0.030 0.031 0.031 0.031 0.031 0.031 0.028 0.033 0.031 0.031 0.032 0.031 0.030 0.034 0.031 0.023 0.031 0.031 0.032 0.032 0.032 0.031 0.032 0.032 0.029 0.030 0.032 0.031 0.032 0.032 0.032 0.032 0.033 0.032 0.031 0.031 0.030 0.031 0.032 0.030 0.031 0.032 0.033 0.032 0.032 0.032 0.032 0.030 0.032 0.031 0.032 0.034 0.030 0.030 
6 0.012 0.013 0.020 0.014 0.014 0.032 0.000 0.012 0.024 0.015 0.010 0.018 0.014 0.016 0.012 0.021 0.012 0.013 0.014 0.030 0.013 0.025 0.019 0.017 0.016 0.019 0.016 0.013 0.011 0.015 0.012 0.021 0.024 0.020 0.011 0.012 0.012 0.018 0.016 0.012 0.013 0.015 0.016 0.015 0.018 0.015 0.015 0.021 0.018 0.014 0.013 0.013 0.013 0.019 0.022 0.014 0.019 0.016 0.012 0.021 0.012 0.013 0.015 0.021 0.011 0.021 0.015 0.018 0.014 0.016 0.012 0.013 0.017 0.017 0.016 0.014 0.017 0.014 0.013 0.012 0.016 0.013 0.015 0.017 0.014 0.012 0.014 0.016 0.016 0.012 0.012 0.012 0.018 0.017 0.015 
7 0.009 0.007 0.018 0.013 0.014 0.031 0.012 0.000 0.025 0.012 0.010 0.020 0.011 0.012 0.012 0.020 0.007 0.012 0.014 0.028 0.013 0.023 0.018 0.017 0.012 0.016 0.016 0.009 0.010 0.014 0.012 0.018 0.024 0.019 0.012 0.012 0.003 0.014 0.014 0.004 0.007 0.014 0.014 0.013 0.016 0.013 0.015 0.022 0.018 0.009 0.010 0.008 0.007 0.018 0.022 0.012 0.020 0.014 0.003 0.020 0.010 0.011 0.014 0.022 0.009 0.021 0.013 0.017 0.014 0.014 0.008 0.008 0.017 0.017 0.015 0.011 0.016 0.013 0.011 0.009 0.015 0.012 0.017 0.017 0.013 0.009 0.010 0.013 0.015 0.008 0.011 0.008 0.018 0.017 0.010 
8 0.025 0.024 0.029 0.023 0.026 0.034 0.024 0.025 0.000 0.026 0.024 0.023 0.024 0.026 0.024 0.025 0.025 0.024 0.026 0.035 0.024 0.033 0.024 0.022 0.028 0.028 0.024 0.025 0.023 0.026 0.023 0.029 0.024 0.028 0.023 0.024 0.024 0.028 0.026 0.025 0.025 0.025 0.025 0.026 0.027 0.025 0.025 0.025 0.024 0.024 0.025 0.025 0.024 0.029 0.022 0.026 0.020 0.024 0.025 0.023 0.024 0.025 0.024 0.022 0.024 0.028 0.026 0.021 0.023 0.026 0.024 0.024 0.027 0.022 0.025 0.025 0.024 0.025 0.025 0.025 0.026 0.025 0.023 0.022 0.025 0.025 0.024 0.025 0.026 0.024 0.023 0.024 0.023 0.028 0.025 
9 0.013 0.012 0.019 0.017 0.017 0.031 0.015 0.012 0.026 0.000 0.014 0.020 0.015 0.016 0.015 0.022 0.013 0.016 0.015 0.028 0.017 0.025 0.019 0.020 0.016 0.018 0.019 0.014 0.015 0.018 0.015 0.019 0.024 0.019 0.015 0.015 0.012 0.017 0.018 0.011 0.014 0.017 0.016 0.016 0.019 0.016 0.017 0.023 0.021 0.014 0.015 0.014 0.013 0.017 0.024 0.015 0.020 0.017 0.012 0.023 0.013 0.014 0.017 0.022 0.012 0.022 0.014 0.020 0.017 0.017 0.014 0.013 0.019 0.019 0.018 0.015 0.018 0.017 0.014 0.014 0.016 0.016 0.018 0.020 0.015 0.014 0.015 0.016 0.018 0.012 0.014 0.011 0.021 0.019 0.015 
10 0.010 0.010 0.020 0.012 0.013 0.032 0.010 0.010 0.024 0.014 0.000 0.018 0.012 0.013 0.010 0.020 0.009 0.011 0.013 0.029 0.012 0.023 0.018 0.016 0.013 0.018 0.014 0.011 0.010 0.013 0.011 0.020 0.024 0.019 0.010 0.011 0.010 0.016 0.014 0.009 0.012 0.014 0.015 0.014 0.017 0.014 0.013 0.022 0.018 0.011 0.012 0.010 0.010 0.019 0.021 0.014 0.019 0.016 0.010 0.020 0.011 0.011 0.014 0.022 0.010 0.021 0.015 0.016 0.012 0.014 0.012 0.011 0.016 0.017 0.015 0.012 0.018 0.012 0.011 0.010 0.015 0.011 0.015 0.016 0.014 0.011 0.013 0.015 0.014 0.010 0.010 0.010 0.018 0.015 0.013 
11 0.019 0.018 0.024 0.018 0.020 0.031 0.018 0.020 0.023 0.020 0.018 0.000 0.019 0.021 0.018 0.024 0.020 0.019 0.021 0.034 0.020 0.028 0.022 0.022 0.022 0.025 0.020 0.020 0.018 0.021 0.018 0.025 0.023 0.024 0.018 0.019 0.020 0.022 0.021 0.019 0.019 0.020 0.020 0.021 0.022 0.020 0.019 0.023 0.023 0.019 0.020 0.020 0.019 0.024 0.025 0.020 0.018 0.014 0.019 0.024 0.020 0.019 0.020 0.021 0.019 0.023 0.022 0.022 0.020 0.022 0.019 0.019 0.021 0.019 0.021 0.020 0.017 0.019 0.020 0.020 0.022 0.019 0.019 0.022 0.018 0.020 0.021 0.019 0.021 0.019 0.017 0.019 0.022 0.022 0.020 
12 0.012 0.010 0.020 0.010 0.015 0.032 0.014 0.011 0.024 0.015 0.012 0.019 0.000 0.014 0.014 0.020 0.011 0.013 0.017 0.030 0.015 0.022 0.019 0.018 0.015 0.019 0.017 0.010 0.013 0.017 0.015 0.020 0.024 0.019 0.014 0.013 0.011 0.016 0.016 0.010 0.011 0.016 0.014 0.013 0.016 0.013 0.015 0.023 0.020 0.009 0.013 0.011 0.010 0.019 0.023 0.014 0.019 0.016 0.011 0.022 0.013 0.012 0.016 0.021 0.012 0.022 0.015 0.017 0.015 0.016 0.011 0.011 0.018 0.017 0.017 0.013 0.017 0.015 0.012 0.012 0.017 0.014 0.016 0.019 0.013 0.012 0.014 0.014 0.016 0.011 0.013 0.011 0.019 0.019 0.013 
13 0.013 0.013 0.019 0.016 0.017 0.031 0.016 0.012 0.026 0.016 0.013 0.021 0.014 0.000 0.015 0.020 0.012 0.015 0.017 0.027 0.016 0.023 0.020 0.019 0.013 0.019 0.018 0.013 0.015 0.017 0.015 0.021 0.026 0.021 0.016 0.016 0.012 0.016 0.017 0.012 0.013 0.018 0.017 0.016 0.019 0.016 0.017 0.021 0.020 0.013 0.014 0.012 0.013 0.020 0.023 0.016 0.021 0.017 0.012 0.021 0.014 0.014 0.017 0.023 0.013 0.024 0.017 0.019 0.017 0.017 0.013 0.013 0.016 0.019 0.018 0.014 0.018 0.017 0.014 0.013 0.018 0.015 0.019 0.020 0.016 0.013 0.015 0.017 0.018 0.012 0.015 0.013 0.020 0.019 0.015 
14 0.013 0.011 0.020 0.012 0.014 0.031 0.012 0.012 0.024 0.015 0.010 0.018 0.014 0.015 0.000 0.021 0.011 0.012 0.016 0.029 0.013 0.025 0.018 0.017 0.015 0.018 0.015 0.013 0.011 0.014 0.013 0.020 0.024 0.020 0.012 0.012 0.012 0.017 0.015 0.012 0.013 0.015 0.016 0.015 0.018 0.016 0.015 0.022 0.019 0.013 0.014 0.012 0.012 0.019 0.021 0.015 0.019 0.016 0.012 0.021 0.014 0.013 0.014 0.022 0.012 0.022 0.016 0.017 0.015 0.017 0.012 0.012 0.017 0.017 0.016 0.014 0.018 0.012 0.014 0.013 0.015 0.012 0.016 0.017 0.014 0.012 0.014 0.016 0.015 0.011 0.011 0.012 0.018 0.017 0.014 
15 0.020 0.020 0.022 0.020 0.021 0.031 0.021 0.020 0.025 0.022 0.020 0.024 0.020 0.020 0.021 0.000 0.020 0.021 0.022 0.027 0.021 0.024 0.021 0.020 0.018 0.025 0.022 0.020 0.021 0.022 0.021 0.027 0.027 0.025 0.021 0.020 0.020 0.020 0.023 0.020 0.021 0.021 0.022 0.022 0.022 0.021 0.021 0.024 0.023 0.021 0.021 0.020 0.020 0.025 0.023 0.022 0.022 0.022 0.020 0.024 0.020 0.021 0.021 0.025 0.020 0.025 0.023 0.021 0.019 0.022 0.020 0.020 0.020 0.022 0.022 0.021 0.023 0.021 0.021 0.021 0.023 0.021 0.022 0.021 0.022 0.021 0.021 0.022 0.021 0.020 0.021 0.020 0.022 0.022 0.022 
16 0.010 0.009 0.019 0.014 0.015 0.032 0.012 0.007 0.025 0.013 0.009 0.020 0.011 0.012 0.011 0.020 0.000 0.013 0.015 0.028 0.013 0.022 0.018 0.017 0.011 0.016 0.016 0.010 0.010 0.014 0.012 0.018 0.025 0.019 0.013 0.012 0.007 0.016 0.015 0.008 0.008 0.015 0.015 0.013 0.016 0.014 0.015 0.023 0.018 0.010 0.010 0.008 0.008 0.017 0.022 0.012 0.020 0.015 0.006 0.020 0.011 0.011 0.015 0.022 0.008 0.021 0.014 0.017 0.014 0.014 0.008 0.009 0.017 0.017 0.015 0.010 0.017 0.014 0.010 0.008 0.015 0.012 0.016 0.017 0.012 0.008 0.010 0.014 0.015 0.008 0.012 0.010 0.018 0.017 0.011 
17 0.014 0.013 0.021 0.012 0.014 0.031 0.013 0.012 0.024 0.016 0.011 0.019 0.013 0.015 0.012 0.021 0.013 0.000 0.016 0.030 0.013 0.024 0.018 0.017 0.016 0.019 0.015 0.013 0.013 0.015 0.013 0.021 0.023 0.019 0.012 0.012 0.012 0.018 0.014 0.012 0.013 0.015 0.015 0.015 0.018 0.015 0.014 0.022 0.018 0.013 0.013 0.012 0.012 0.020 0.021 0.015 0.019 0.017 0.012 0.021 0.014 0.014 0.015 0.021 0.013 0.021 0.016 0.017 0.015 0.016 0.013 0.013 0.018 0.017 0.015 0.015 0.018 0.014 0.013 0.013 0.016 0.012 0.016 0.017 0.015 0.013 0.014 0.016 0.015 0.011 0.012 0.013 0.018 0.017 0.014 
18 0.015 0.015 0.020 0.017 0.017 0.032 0.014 0.014 0.026 0.015 0.013 0.021 0.017 0.017 0.016 0.022 0.015 0.016 0.000 0.027 0.017 0.024 0.020 0.019 0.018 0.019 0.018 0.015 0.015 0.016 0.015 0.019 0.026 0.021 0.015 0.016 0.015 0.020 0.019 0.014 0.016 0.018 0.019 0.018 0.021 0.018 0.018 0.024 0.020 0.016 0.015 0.015 0.015 0.019 0.023 0.017 0.021 0.019 0.015 0.022 0.014 0.016 0.017 0.024 0.014 0.021 0.015 0.020 0.016 0.016 0.015 0.015 0.020 0.019 0.018 0.015 0.020 0.016 0.015 0.014 0.014 0.016 0.018 0.019 0.018 0.014 0.015 0.018 0.018 0.015 0.015 0.015 0.020 0.019 0.017 
19 0.028 0.029 0.027 0.030 0.030 0.033 0.030 0.028 0.035 0.028 0.029 0.034 0.030 0.027 0.029 0.027 0.028 0.030 0.027 0.000 0.029 0.029 0.030 0.031 0.026 0.028 0.030 0.029 0.029 0.030 0.030 0.027 0.036 0.030 0.029 0.029 0.027 0.027 0.030 0.028 0.028 0.030 0.031 0.030 0.030 0.030 0.031 0.030 0.029 0.029 0.029 0.028 0.028 0.029 0.034 0.029 0.032 0.030 0.028 0.029 0.029 0.030 0.031 0.035 0.029 0.030 0.028 0.031 0.029 0.029 0.028 0.029 0.026 0.032 0.029 0.029 0.032 0.029 0.029 0.028 0.027 0.029 0.031 0.031 0.031 0.029 0.029 0.031 0.030 0.029 0.029 0.029 0.031 0.030 0.027 
20 0.014 0.014 0.022 0.013 0.013 0.031 0.013 0.013 0.024 0.017 0.012 0.020 0.015 0.016 0.013 0.021 0.013 0.013 0.017 0.029 0.000 0.023 0.018 0.016 0.016 0.018 0.016 0.014 0.013 0.015 0.013 0.020 0.024 0.019 0.013 0.012 0.012 0.019 0.016 0.013 0.013 0.014 0.015 0.014 0.017 0.014 0.013 0.023 0.018 0.014 0.015 0.013 0.013 0.019 0.021 0.015 0.019 0.018 0.013 0.022 0.014 0.015 0.015 0.022 0.015 0.021 0.018 0.017 0.016 0.016 0.013 0.013 0.019 0.018 0.016 0.015 0.019 0.014 0.015 0.014 0.016 0.012 0.015 0.017 0.015 0.014 0.014 0.015 0.014 0.014 0.012 0.014 0.019 0.017 0.013 
21 0.023 0.023 0.021 0.024 0.025 0.029 0.025 0.023 0.033 0.025 0.023 0.028 0.022 0.023 0.025 0.024 0.022 0.024 0.024 0.029 0.023 0.000 0.025 0.026 0.019 0.027 0.023 0.022 0.025 0.022 0.026 0.025 0.032 0.026 0.025 0.024 0.023 0.020 0.025 0.023 0.023 0.025 0.025 0.024 0.024 0.024 0.025 0.028 0.024 0.023 0.024 0.022 0.023 0.025 0.030 0.024 0.026 0.027 0.023 0.028 0.023 0.023 0.025 0.029 0.023 0.026 0.024 0.026 0.023 0.023 0.023 0.023 0.025 0.026 0.024 0.023 0.028 0.025 0.023 0.023 0.026 0.024 0.026 0.026 0.024 0.023 0.024 0.024 0.023 0.023 0.025 0.024 0.026 0.023 0.023 
22 0.018 0.019 0.024 0.018 0.017 0.031 0.019 0.018 0.024 0.019 0.018 0.022 0.019 0.020 0.018 0.021 0.018 0.018 0.020 0.030 0.018 0.025 0.000 0.014 0.021 0.023 0.020 0.018 0.018 0.020 0.018 0.022 0.023 0.022 0.018 0.017 0.018 0.023 0.021 0.018 0.018 0.018 0.019 0.018 0.020 0.018 0.017 0.024 0.018 0.019 0.019 0.018 0.018 0.020 0.021 0.018 0.018 0.021 0.018 0.023 0.018 0.019 0.020 0.022 0.019 0.023 0.020 0.014 0.020 0.020 0.018 0.018 0.022 0.021 0.019 0.019 0.022 0.018 0.019 0.019 0.019 0.017 0.019 0.015 0.018 0.018 0.019 0.019 0.019 0.019 0.018 0.019 0.016 0.020 0.018 
23 0.017 0.018 0.024 0.016 0.018 0.033 0.017 0.017 0.022 0.020 0.016 0.022 0.018 0.019 0.017 0.020 0.017 0.017 0.019 0.031 0.016 0.026 0.014 0.000 0.020 0.022 0.018 0.016 0.016 0.018 0.017 0.024 0.024 0.023 0.017 0.016 0.016 0.022 0.020 0.017 0.016 0.018 0.019 0.019 0.021 0.018 0.018 0.024 0.017 0.017 0.018 0.017 0.016 0.023 0.018 0.018 0.020 0.020 0.017 0.022 0.017 0.018 0.017 0.022 0.018 0.024 0.020 0.010 0.018 0.019 0.016 0.016 0.021 0.020 0.018 0.016 0.021 0.017 0.018 0.017 0.020 0.016 0.019 0.008 0.018 0.017 0.017 0.019 0.017 0.017 0.016 0.018 0.013 0.020 0.018 
24 0.013 0.013 0.015 0.017 0.017 0.029 0.016 0.012 0.028 0.016 0.013 0.022 0.015 0.013 0.015 0.018 0.011 0.016 0.018 0.026 0.016 0.019 0.021 0.020 0.000 0.019 0.017 0.013 0.015 0.017 0.016 0.021 0.027 0.021 0.016 0.016 0.012 0.011 0.018 0.012 0.013 0.018 0.017 0.016 0.017 0.016 0.018 0.022 0.021 0.014 0.014 0.012 0.013 0.020 0.024 0.016 0.021 0.018 0.012 0.023 0.014 0.014 0.017 0.024 0.013 0.022 0.017 0.020 0.016 0.017 0.013 0.013 0.017 0.020 0.018 0.014 0.019 0.017 0.014 0.013 0.018 0.016 0.020 0.020 0.016 0.013 0.015 0.017 0.017 0.013 0.015 0.013 0.021 0.018 0.015 
25 0.018 0.017 0.024 0.019 0.019 0.031 0.019 0.016 0.028 0.018 0.018 0.025 0.019 0.019 0.018 0.025 0.016 0.019 0.019 0.028 0.018 0.027 0.023 0.022 0.019 0.000 0.020 0.017 0.018 0.018 0.019 0.020 0.028 0.022 0.018 0.018 0.015 0.021 0.019 0.017 0.016 0.019 0.019 0.019 0.021 0.018 0.020 0.026 0.024 0.016 0.016 0.016 0.016 0.020 0.026 0.018 0.024 0.020 0.016 0.024 0.016 0.019 0.017 0.027 0.017 0.025 0.020 0.022 0.020 0.019 0.016 0.016 0.022 0.023 0.021 0.016 0.022 0.017 0.017 0.016 0.016 0.019 0.021 0.022 0.019 0.016 0.017 0.020 0.019 0.017 0.018 0.017 0.025 0.020 0.016 
26 0.016 0.015 0.022 0.015 0.017 0.029 0.016 0.016 0.024 0.019 0.014 0.020 0.017 0.018 0.015 0.022 0.016 0.015 0.018 0.030 0.016 0.023 0.020 0.018 0.017 0.020 0.000 0.016 0.015 0.015 0.017 0.022 0.025 0.022 0.015 0.016 0.015 0.019 0.015 0.015 0.016 0.017 0.019 0.018 0.019 0.018 0.018 0.022 0.021 0.015 0.017 0.016 0.015 0.022 0.022 0.018 0.019 0.018 0.016 0.023 0.016 0.016 0.015 0.023 0.016 0.022 0.019 0.018 0.016 0.018 0.016 0.015 0.019 0.019 0.018 0.016 0.020 0.016 0.016 0.016 0.018 0.016 0.018 0.019 0.018 0.017 0.016 0.018 0.015 0.016 0.015 0.016 0.020 0.016 0.017 
27 0.011 0.010 0.019 0.012 0.014 0.031 0.013 0.009 0.025 0.014 0.011 0.020 0.010 0.013 0.013 0.020 0.010 0.013 0.015 0.029 0.014 0.022 0.018 0.016 0.013 0.017 0.016 0.000 0.012 0.014 0.013 0.019 0.024 0.019 0.013 0.011 0.009 0.016 0.016 0.008 0.008 0.013 0.012 0.013 0.017 0.011 0.015 0.023 0.019 0.008 0.012 0.010 0.009 0.018 0.022 0.012 0.019 0.016 0.009 0.021 0.011 0.012 0.013 0.022 0.011 0.022 0.014 0.017 0.015 0.014 0.006 0.006 0.018 0.016 0.015 0.010 0.016 0.012 0.011 0.011 0.016 0.013 0.016 0.017 0.012 0.010 0.012 0.013 0.014 0.009 0.012 0.010 0.019 0.018 0.011 
28 0.013 0.011 0.020 0.011 0.014 0.031 0.011 0.010 0.023 0.015 0.010 0.018 0.013 0.015 0.011 0.021 0.010 0.013 0.015 0.029 0.013 0.025 0.018 0.016 0.015 0.018 0.015 0.012 0.000 0.014 0.011 0.020 0.023 0.021 0.011 0.011 0.010 0.017 0.014 0.011 0.011 0.014 0.016 0.016 0.019 0.016 0.015 0.021 0.019 0.011 0.013 0.012 0.011 0.019 0.021 0.014 0.018 0.016 0.009 0.021 0.013 0.014 0.014 0.022 0.012 0.021 0.015 0.016 0.013 0.016 0.011 0.011 0.017 0.016 0.015 0.013 0.018 0.013 0.013 0.012 0.015 0.012 0.016 0.017 0.014 0.012 0.013 0.016 0.015 0.012 0.011 0.011 0.018 0.017 0.013 
29 0.016 0.016 0.022 0.015 0.016 0.031 0.015 0.014 0.026 0.018 0.013 0.021 0.017 0.017 0.014 0.022 0.014 0.015 0.016 0.030 0.015 0.022 0.020 0.018 0.017 0.018 0.015 0.014 0.014 0.000 0.015 0.022 0.026 0.022 0.015 0.014 0.015 0.020 0.015 0.015 0.014 0.016 0.018 0.018 0.020 0.017 0.018 0.023 0.019 0.015 0.015 0.014 0.015 0.021 0.022 0.016 0.021 0.019 0.015 0.022 0.014 0.016 0.014 0.025 0.015 0.023 0.018 0.018 0.016 0.017 0.014 0.014 0.019 0.018 0.017 0.014 0.021 0.015 0.015 0.015 0.018 0.015 0.018 0.017 0.017 0.015 0.014 0.018 0.014 0.015 0.015 0.015 0.020 0.015 0.016 
30 0.014 0.013 0.021 0.014 0.014 0.031 0.012 0.012 0.023 0.015 0.011 0.018 0.015 0.015 0.013 0.021 0.012 0.013 0.015 0.030 0.013 0.026 0.018 0.017 0.016 0.019 0.017 0.013 0.011 0.015 0.000 0.021 0.023 0.020 0.012 0.012 0.012 0.018 0.017 0.012 0.013 0.015 0.016 0.016 0.018 0.015 0.014 0.022 0.019 0.014 0.014 0.013 0.013 0.019 0.022 0.014 0.018 0.015 0.012 0.021 0.013 0.015 0.013 0.022 0.012 0.021 0.016 0.018 0.015 0.016 0.012 0.013 0.017 0.017 0.016 0.013 0.015 0.014 0.013 0.013 0.016 0.012 0.015 0.017 0.015 0.012 0.014 0.015 0.015 0.013 0.011 0.013 0.019 0.018 0.014 
31 0.019 0.019 0.023 0.021 0.021 0.031 0.021 0.018 0.029 0.019 0.020 0.025 0.020 0.021 0.020 0.027 0.018 0.021 0.019 0.027 0.020 0.025 0.022 0.024 0.021 0.020 0.022 0.019 0.020 0.022 0.021 0.000 0.029 0.023 0.021 0.021 0.018 0.023 0.022 0.019 0.019 0.022 0.021 0.020 0.023 0.021 0.022 0.027 0.023 0.019 0.020 0.018 0.019 0.018 0.027 0.020 0.025 0.022 0.019 0.025 0.020 0.020 0.022 0.027 0.019 0.024 0.019 0.024 0.022 0.019 0.019 0.019 0.024 0.024 0.022 0.020 0.023 0.021 0.020 0.019 0.019 0.020 0.023 0.024 0.021 0.019 0.019 0.022 0.022 0.019 0.021 0.019 0.024 0.023 0.018 
32 0.024 0.024 0.028 0.023 0.024 0.031 0.024 0.024 0.024 0.024 0.024 0.023 0.024 0.026 0.024 0.027 0.025 0.023 0.026 0.036 0.024 0.032 0.023 0.024 0.027 0.028 0.025 0.024 0.023 0.026 0.023 0.029 0.000 0.025 0.023 0.023 0.024 0.028 0.025 0.024 0.024 0.024 0.024 0.024 0.026 0.025 0.023 0.021 0.026 0.024 0.024 0.024 0.024 0.026 0.025 0.024 0.020 0.024 0.024 0.025 0.025 0.024 0.025 0.015 0.025 0.025 0.025 0.024 0.024 0.026 0.024 0.025 0.027 0.022 0.024 0.024 0.024 0.024 0.024 0.024 0.026 0.022 0.023 0.024 0.024 0.024 0.025 0.025 0.025 0.024 0.023 0.024 0.024 0.026 0.025 
33 0.018 0.019 0.022 0.019 0.019 0.029 0.020 0.019 0.028 0.019 0.019 0.024 0.019 0.021 0.020 0.025 0.019 0.019 0.021 0.030 0.019 0.026 0.022 0.023 0.021 0.022 0.022 0.019 0.021 0.022 0.020 0.023 0.025 0.000 0.019 0.019 0.018 0.023 0.020 0.019 0.019 0.020 0.016 0.015 0.018 0.018 0.017 0.025 0.024 0.019 0.017 0.018 0.018 0.021 0.027 0.019 0.021 0.022 0.019 0.024 0.019 0.019 0.022 0.024 0.019 0.022 0.018 0.023 0.022 0.019 0.019 0.019 0.024 0.022 0.022 0.020 0.021 0.020 0.018 0.018 0.020 0.019 0.020 0.023 0.019 0.019 0.019 0.021 0.021 0.019 0.020 0.018 0.024 0.022 0.018 
34 0.013 0.013 0.020 0.012 0.014 0.031 0.011 0.012 0.023 0.015 0.010 0.018 0.014 0.016 0.012 0.021 0.013 0.012 0.015 0.029 0.013 0.025 0.018 0.017 0.016 0.018 0.015 0.013 0.011 0.015 0.012 0.021 0.023 0.019 0.000 0.012 0.011 0.018 0.014 0.012 0.013 0.014 0.015 0.015 0.018 0.015 0.014 0.021 0.018 0.013 0.013 0.012 0.011 0.019 0.022 0.014 0.019 0.017 0.012 0.021 0.013 0.014 0.014 0.022 0.012 0.021 0.016 0.018 0.014 0.016 0.013 0.012 0.017 0.017 0.017 0.014 0.017 0.013 0.013 0.012 0.016 0.012 0.015 0.017 0.015 0.013 0.013 0.016 0.015 0.012 0.011 0.010 0.018 0.017 0.014 
35 0.013 0.013 0.021 0.011 0.011 0.031 0.012 0.012 0.024 0.015 0.011 0.019 0.013 0.016 0.012 0.020 0.012 0.012 0.016 0.029 0.012 0.024 0.017 0.016 0.016 0.018 0.016 0.011 0.011 0.014 0.012 0.021 0.023 0.019 0.012 0.000 0.011 0.018 0.015 0.012 0.010 0.013 0.012 0.013 0.016 0.012 0.011 0.021 0.019 0.012 0.014 0.012 0.011 0.019 0.021 0.012 0.018 0.017 0.011 0.022 0.014 0.015 0.014 0.021 0.014 0.020 0.016 0.016 0.015 0.017 0.011 0.011 0.017 0.016 0.015 0.013 0.018 0.012 0.014 0.013 0.015 0.006 0.014 0.016 0.014 0.013 0.013 0.015 0.009 0.013 0.011 0.013 0.018 0.014 0.012 
36 0.008 0.007 0.018 0.012 0.014 0.031 0.012 0.003 0.024 0.012 0.010 0.020 0.011 0.012 0.012 0.020 0.007 0.012 0.015 0.027 0.012 0.023 0.018 0.016 0.012 0.015 0.015 0.009 0.010 0.015 0.012 0.018 0.024 0.018 0.011 0.011 0.000 0.015 0.014 0.005 0.008 0.014 0.013 0.012 0.016 0.013 0.014 0.022 0.018 0.009 0.010 0.007 0.006 0.018 0.021 0.012 0.020 0.014 0.005 0.020 0.010 0.011 0.014 0.022 0.009 0.021 0.013 0.017 0.014 0.014 0.008 0.008 0.017 0.018 0.015 0.011 0.016 0.013 0.010 0.009 0.015 0.012 0.016 0.017 0.013 0.009 0.010 0.014 0.015 0.008 0.011 0.008 0.018 0.016 0.010 
37 0.016 0.013 0.013 0.018 0.020 0.028 0.018 0.014 0.028 0.017 0.016 0.022 0.016 0.016 0.017 0.020 0.016 0.018 0.020 0.027 0.019 0.020 0.023 0.022 0.011 0.021 0.019 0.016 0.017 0.020 0.018 0.023 0.028 0.023 0.018 0.018 0.015 0.000 0.019 0.014 0.016 0.020 0.019 0.019 0.019 0.019 0.020 0.023 0.023 0.016 0.018 0.016 0.016 0.023 0.026 0.018 0.021 0.019 0.015 0.024 0.017 0.016 0.020 0.025 0.016 0.024 0.018 0.022 0.017 0.019 0.016 0.016 0.019 0.021 0.020 0.017 0.020 0.019 0.017 0.017 0.021 0.019 0.021 0.022 0.017 0.017 0.018 0.019 0.020 0.015 0.017 0.015 0.022 0.021 0.017 
38 0.016 0.014 0.022 0.014 0.017 0.030 0.016 0.014 0.026 0.018 0.014 0.021 0.016 0.017 0.015 0.023 0.015 0.014 0.019 0.030 0.016 0.025 0.021 0.020 0.018 0.019 0.015 0.016 0.014 0.015 0.017 0.022 0.025 0.020 0.014 0.015 0.014 0.019 0.000 0.015 0.016 0.017 0.018 0.017 0.019 0.018 0.017 0.023 0.021 0.015 0.015 0.015 0.015 0.021 0.024 0.018 0.021 0.020 0.015 0.023 0.017 0.016 0.016 0.024 0.016 0.022 0.018 0.019 0.017 0.019 0.016 0.016 0.020 0.020 0.019 0.017 0.021 0.016 0.015 0.016 0.018 0.016 0.019 0.020 0.018 0.017 0.017 0.019 0.016 0.015 0.015 0.015 0.021 0.017 0.017 
39 0.008 0.005 0.017 0.013 0.014 0.032 0.012 0.004 0.025 0.011 0.009 0.019 0.010 0.012 0.012 0.020 0.008 0.012 0.014 0.028 0.013 0.023 0.018 0.017 0.012 0.017 0.015 0.008 0.011 0.015 0.012 0.019 0.024 0.019 0.012 0.012 0.005 0.014 0.015 0.000 0.008 0.015 0.014 0.013 0.016 0.013 0.015 0.022 0.018 0.008 0.011 0.008 0.008 0.018 0.022 0.012 0.019 0.014 0.005 0.020 0.010 0.010 0.014 0.021 0.008 0.022 0.012 0.017 0.013 0.013 0.008 0.008 0.017 0.017 0.015 0.011 0.016 0.013 0.010 0.009 0.015 0.012 0.016 0.017 0.012 0.009 0.011 0.013 0.015 0.007 0.011 0.007 0.018 0.017 0.010 
40 0.011 0.010 0.019 0.012 0.014 0.032 0.013 0.007 0.025 0.014 0.012 0.019 0.011 0.013 0.013 0.021 0.008 0.013 0.016 0.028 0.013 0.023 0.018 0.016 0.013 0.016 0.016 0.008 0.011 0.014 0.013 0.019 0.024 0.019 0.013 0.010 0.008 0.016 0.016 0.008 0.000 0.014 0.012 0.013 0.016 0.012 0.014 0.022 0.018 0.008 0.011 0.009 0.008 0.018 0.022 0.011 0.019 0.015 0.007 0.021 0.011 0.013 0.014 0.022 0.011 0.021 0.014 0.017 0.015 0.015 0.006 0.007 0.018 0.016 0.015 0.010 0.017 0.013 0.012 0.010 0.015 0.012 0.016 0.017 0.012 0.010 0.011 0.014 0.013 0.010 0.012 0.010 0.019 0.017 0.009 
41 0.015 0.016 0.023 0.014 0.015 0.030 0.015 0.014 0.025 0.017 0.014 0.020 0.016 0.018 0.015 0.021 0.015 0.015 0.018 0.030 0.014 0.025 0.018 0.018 0.018 0.019 0.017 0.013 0.014 0.016 0.015 0.022 0.024 0.020 0.014 0.013 0.014 0.020 0.017 0.015 0.014 0.000 0.015 0.016 0.019 0.014 0.015 0.023 0.020 0.015 0.016 0.015 0.014 0.020 0.023 0.016 0.019 0.019 0.014 0.023 0.016 0.016 0.015 0.022 0.016 0.021 0.019 0.018 0.017 0.018 0.013 0.014 0.020 0.019 0.017 0.016 0.020 0.013 0.016 0.016 0.017 0.014 0.016 0.018 0.016 0.015 0.015 0.015 0.015 0.015 0.014 0.015 0.020 0.017 0.015 
42 0.014 0.014 0.022 0.014 0.013 0.031 0.016 0.014 0.025 0.016 0.015 0.020 0.014 0.017 0.016 0.022 0.015 0.015 0.019 0.031 0.015 0.025 0.019 0.019 0.017 0.019 0.019 0.012 0.016 0.018 0.016 0.021 0.024 0.016 0.015 0.012 0.013 0.019 0.018 0.014 0.012 0.015 0.000 0.008 0.013 0.010 0.010 0.023 0.020 0.014 0.014 0.013 0.013 0.019 0.024 0.012 0.020 0.017 0.014 0.023 0.014 0.015 0.017 0.021 0.015 0.021 0.017 0.019 0.019 0.017 0.013 0.013 0.020 0.018 0.018 0.015 0.018 0.015 0.014 0.014 0.018 0.014 0.015 0.019 0.013 0.014 0.014 0.015 0.015 0.014 0.014 0.013 0.021 0.018 0.014 
43 0.012 0.014 0.022 0.014 0.011 0.031 0.015 0.013 0.026 0.016 0.014 0.021 0.013 0.016 0.015 0.022 0.013 0.015 0.018 0.030 0.014 0.024 0.018 0.019 0.016 0.019 0.018 0.013 0.016 0.018 0.016 0.020 0.024 0.015 0.015 0.013 0.012 0.019 0.017 0.013 0.013 0.016 0.008 0.000 0.010 0.011 0.009 0.023 0.020 0.014 0.013 0.012 0.012 0.019 0.024 0.012 0.020 0.018 0.013 0.022 0.014 0.014 0.018 0.021 0.014 0.021 0.017 0.019 0.018 0.017 0.014 0.014 0.020 0.019 0.018 0.015 0.018 0.016 0.014 0.013 0.018 0.013 0.015 0.019 0.014 0.014 0.014 0.015 0.015 0.014 0.014 0.013 0.020 0.016 0.014 
44 0.016 0.017 0.022 0.017 0.015 0.031 0.018 0.016 0.027 0.019 0.017 0.022 0.016 0.019 0.018 0.022 0.016 0.018 0.021 0.030 0.017 0.024 0.020 0.021 0.017 0.021 0.019 0.017 0.019 0.020 0.018 0.023 0.026 0.018 0.018 0.016 0.016 0.019 0.019 0.016 0.016 0.019 0.013 0.010 0.000 0.015 0.013 0.021 0.022 0.017 0.016 0.015 0.016 0.021 0.025 0.016 0.021 0.020 0.017 0.023 0.017 0.017 0.020 0.023 0.017 0.020 0.020 0.021 0.018 0.019 0.017 0.017 0.020 0.020 0.020 0.018 0.020 0.019 0.017 0.016 0.020 0.016 0.018 0.022 0.017 0.017 0.017 0.018 0.018 0.017 0.017 0.017 0.022 0.019 0.017 
45 0.012 0.014 0.022 0.013 0.013 0.031 0.015 0.013 0.025 0.016 0.014 0.020 0.013 0.016 0.016 0.021 0.014 0.015 0.018 0.030 0.014 0.024 0.018 0.018 0.016 0.018 0.018 0.011 0.016 0.017 0.015 0.021 0.025 0.018 0.015 0.012 0.013 0.019 0.018 0.013 0.012 0.014 0.010 0.011 0.015 0.000 0.013 0.023 0.020 0.013 0.014 0.013 0.012 0.019 0.023 0.013 0.020 0.017 0.013 0.023 0.013 0.014 0.016 0.021 0.015 0.022 0.017 0.019 0.018 0.016 0.012 0.011 0.019 0.018 0.018 0.014 0.017 0.014 0.013 0.014 0.017 0.014 0.012 0.019 0.013 0.013 0.014 0.013 0.015 0.014 0.014 0.013 0.021 0.016 0.013 
46 0.015 0.016 0.023 0.013 0.010 0.031 0.015 0.015 0.025 0.017 0.013 0.019 0.015 0.017 0.015 0.021 0.015 0.014 0.018 0.031 0.013 0.025 0.017 0.018 0.018 0.020 0.018 0.015 0.015 0.018 0.014 0.022 0.023 0.017 0.014 0.011 0.014 0.020 0.017 0.015 0.014 0.015 0.010 0.009 0.013 0.013 0.000 0.023 0.020 0.015 0.015 0.014 0.014 0.020 0.023 0.014 0.019 0.018 0.015 0.023 0.016 0.016 0.017 0.022 0.016 0.021 0.019 0.018 0.017 0.018 0.015 0.015 0.019 0.018 0.018 0.017 0.018 0.015 0.015 0.015 0.017 0.009 0.014 0.019 0.015 0.015 0.016 0.016 0.014 0.015 0.013 0.015 0.020 0.016 0.016 
47 0.023 0.022 0.024 0.022 0.022 0.028 0.021 0.022 0.025 0.023 0.022 0.023 0.023 0.021 0.022 0.024 0.023 0.022 0.024 0.030 0.023 0.028 0.024 0.024 0.022 0.026 0.022 0.023 0.021 0.023 0.022 0.027 0.021 0.025 0.021 0.021 0.022 0.023 0.023 0.022 0.022 0.023 0.023 0.023 0.021 0.023 0.023 0.000 0.025 0.023 0.022 0.023 0.022 0.025 0.026 0.022 0.022 0.022 0.022 0.024 0.023 0.023 0.023 0.019 0.022 0.024 0.024 0.024 0.022 0.025 0.023 0.023 0.021 0.022 0.023 0.023 0.023 0.023 0.022 0.023 0.024 0.021 0.023 0.024 0.023 0.023 0.023 0.024 0.022 0.023 0.022 0.022 0.024 0.023 0.023 
48 0.018 0.019 0.024 0.019 0.020 0.033 0.018 0.018 0.024 0.021 0.018 0.023 0.020 0.020 0.019 0.023 0.018 0.018 0.020 0.029 0.018 0.024 0.018 0.017 0.021 0.024 0.021 0.019 0.019 0.019 0.019 0.023 0.026 0.024 0.018 0.019 0.018 0.023 0.021 0.018 0.018 0.020 0.020 0.020 0.022 0.020 0.020 0.025 0.000 0.019 0.019 0.018 0.018 0.023 0.022 0.019 0.022 0.021 0.018 0.024 0.017 0.019 0.020 0.023 0.018 0.024 0.021 0.018 0.019 0.020 0.018 0.018 0.022 0.022 0.019 0.019 0.023 0.021 0.019 0.018 0.022 0.019 0.021 0.016 0.020 0.019 0.018 0.020 0.020 0.018 0.019 0.018 0.017 0.021 0.019 
49 0.011 0.009 0.019 0.011 0.015 0.031 0.014 0.009 0.024 0.014 0.011 0.019 0.009 0.013 0.013 0.021 0.010 0.013 0.016 0.029 0.014 0.023 0.019 0.017 0.014 0.016 0.015 0.008 0.011 0.015 0.014 0.019 0.024 0.019 0.013 0.012 0.009 0.016 0.015 0.008 0.008 0.015 0.014 0.014 0.017 0.013 0.015 0.023 0.019 0.000 0.012 0.010 0.009 0.018 0.022 0.013 0.019 0.015 0.009 0.021 0.012 0.012 0.014 0.021 0.011 0.022 0.014 0.016 0.015 0.015 0.008 0.008 0.018 0.016 0.015 0.011 0.017 0.013 0.012 0.011 0.016 0.013 0.016 0.017 0.012 0.011 0.013 0.014 0.015 0.010 0.012 0.010 0.019 0.018 0.011 
50 0.011 0.012 0.020 0.015 0.015 0.031 0.013 0.010 0.025 0.015 0.012 0.020 0.013 0.014 0.014 0.021 0.010 0.013 0.015 0.029 0.015 0.024 0.019 0.018 0.014 0.016 0.017 0.012 0.013 0.015 0.014 0.020 0.024 0.017 0.013 0.014 0.010 0.018 0.015 0.011 0.011 0.016 0.014 0.013 0.016 0.014 0.015 0.022 0.019 0.012 0.000 0.010 0.010 0.017 0.022 0.013 0.020 0.016 0.011 0.021 0.010 0.013 0.016 0.021 0.011 0.021 0.015 0.018 0.016 0.013 0.011 0.011 0.018 0.018 0.017 0.011 0.016 0.015 0.008 0.008 0.016 0.013 0.016 0.018 0.014 0.010 0.012 0.016 0.016 0.011 0.014 0.011 0.020 0.018 0.013 
51 0.010 0.010 0.019 0.013 0.013 0.032 0.013 0.008 0.025 0.014 0.010 0.020 0.011 0.012 0.012 0.020 0.008 0.012 0.015 0.028 0.013 0.022 0.018 0.017 0.012 0.016 0.016 0.010 0.012 0.014 0.013 0.018 0.024 0.018 0.012 0.012 0.007 0.016 0.015 0.008 0.009 0.015 0.013 0.012 0.015 0.013 0.014 0.023 0.018 0.010 0.010 0.000 0.006 0.018 0.022 0.012 0.020 0.015 0.008 0.020 0.010 0.011 0.015 0.022 0.010 0.021 0.014 0.017 0.014 0.014 0.009 0.009 0.016 0.017 0.016 0.011 0.017 0.014 0.010 0.009 0.015 0.012 0.016 0.017 0.013 0.009 0.011 0.014 0.015 0.009 0.012 0.010 0.018 0.017 0.011 
52 0.010 0.009 0.019 0.012 0.014 0.031 0.013 0.007 0.024 0.013 0.010 0.019 0.010 0.013 0.012 0.020 0.008 0.012 0.015 0.028 0.013 0.023 0.018 0.016 0.013 0.016 0.015 0.009 0.011 0.015 0.013 0.019 0.024 0.018 0.011 0.011 0.006 0.016 0.015 0.008 0.008 0.014 0.013 0.012 0.016 0.012 0.014 0.022 0.018 0.009 0.010 0.006 0.000 0.018 0.022 0.011 0.019 0.015 0.007 0.021 0.011 0.011 0.014 0.022 0.010 0.021 0.014 0.017 0.015 0.014 0.008 0.008 0.017 0.017 0.015 0.011 0.016 0.013 0.011 0.010 0.015 0.012 0.016 0.017 0.012 0.010 0.011 0.014 0.014 0.009 0.011 0.009 0.018 0.017 0.011 
53 0.018 0.018 0.023 0.020 0.020 0.030 0.019 0.018 0.029 0.017 0.019 0.024 0.019 0.020 0.019 0.025 0.017 0.020 0.019 0.029 0.019 0.025 0.020 0.023 0.020 0.020 0.022 0.018 0.019 0.021 0.019 0.018 0.026 0.021 0.019 0.019 0.018 0.023 0.021 0.018 0.018 0.020 0.019 0.019 0.021 0.019 0.020 0.025 0.023 0.018 0.017 0.018 0.018 0.000 0.026 0.018 0.022 0.021 0.018 0.025 0.018 0.019 0.021 0.025 0.018 0.023 0.019 0.023 0.021 0.018 0.018 0.018 0.023 0.022 0.021 0.018 0.021 0.019 0.018 0.017 0.020 0.019 0.021 0.023 0.019 0.017 0.018 0.021 0.021 0.018 0.020 0.018 0.023 0.022 0.018 
54 0.022 0.022 0.027 0.022 0.022 0.034 0.022 0.022 0.022 0.024 0.021 0.025 0.023 0.023 0.021 0.023 0.022 0.021 0.023 0.034 0.021 0.030 0.021 0.018 0.024 0.026 0.022 0.022 0.021 0.022 0.022 0.027 0.025 0.027 0.022 0.021 0.021 0.026 0.024 0.022 0.022 0.023 0.024 0.024 0.025 0.023 0.023 0.026 0.022 0.022 0.022 0.022 0.022 0.026 0.000 0.023 0.021 0.024 0.022 0.022 0.022 0.023 0.022 0.024 0.022 0.027 0.024 0.019 0.021 0.023 0.022 0.022 0.024 0.023 0.022 0.022 0.025 0.022 0.022 0.022 0.024 0.021 0.023 0.019 0.023 0.022 0.022 0.024 0.023 0.022 0.021 0.022 0.020 0.024 0.022 
55 0.013 0.013 0.021 0.015 0.014 0.031 0.014 0.012 0.026 0.015 0.014 0.020 0.014 0.016 0.015 0.022 0.012 0.015 0.017 0.029 0.015 0.024 0.018 0.018 0.016 0.018 0.018 0.012 0.014 0.016 0.014 0.020 0.024 0.019 0.014 0.012 0.012 0.018 0.018 0.012 0.011 0.016 0.012 0.012 0.016 0.013 0.014 0.022 0.019 0.013 0.013 0.012 0.011 0.018 0.023 0.000 0.019 0.016 0.012 0.022 0.014 0.014 0.016 0.022 0.013 0.021 0.016 0.019 0.018 0.017 0.011 0.012 0.019 0.017 0.017 0.013 0.018 0.015 0.014 0.013 0.017 0.013 0.016 0.018 0.014 0.012 0.013 0.015 0.015 0.013 0.014 0.013 0.020 0.017 0.013 
56 0.020 0.019 0.022 0.018 0.019 0.023 0.019 0.020 0.020 0.020 0.019 0.018 0.019 0.021 0.019 0.022 0.020 0.019 0.021 0.032 0.019 0.026 0.018 0.020 0.021 0.024 0.019 0.019 0.018 0.021 0.018 0.025 0.020 0.021 0.019 0.018 0.020 0.021 0.021 0.019 0.019 0.019 0.020 0.020 0.021 0.020 0.019 0.022 0.022 0.019 0.020 0.020 0.019 0.022 0.021 0.019 0.000 0.020 0.019 0.023 0.020 0.020 0.020 0.021 0.020 0.021 0.021 0.019 0.019 0.022 0.019 0.019 0.022 0.020 0.021 0.020 0.019 0.018 0.020 0.020 0.021 0.018 0.020 0.020 0.019 0.019 0.020 0.019 0.020 0.020 0.018 0.019 0.021 0.021 0.020 
57 0.016 0.014 0.022 0.018 0.018 0.031 0.016 0.014 0.024 0.017 0.016 0.014 0.016 0.017 0.016 0.022 0.015 0.017 0.019 0.030 0.018 0.027 0.021 0.020 0.018 0.020 0.018 0.016 0.016 0.019 0.015 0.022 0.024 0.022 0.017 0.017 0.014 0.019 0.020 0.014 0.015 0.019 0.017 0.018 0.020 0.017 0.018 0.022 0.021 0.015 0.016 0.015 0.015 0.021 0.024 0.016 0.020 0.000 0.015 0.023 0.015 0.016 0.018 0.022 0.015 0.023 0.018 0.021 0.018 0.018 0.015 0.015 0.020 0.020 0.020 0.016 0.012 0.018 0.016 0.015 0.019 0.017 0.019 0.020 0.016 0.015 0.016 0.017 0.019 0.015 0.016 0.015 0.021 0.020 0.016 
58 0.009 0.007 0.018 0.013 0.015 0.031 0.012 0.003 0.025 0.012 0.010 0.019 0.011 0.012 0.012 0.020 0.006 0.012 0.015 0.028 0.013 0.023 0.018 0.017 0.012 0.016 0.016 0.009 0.009 0.015 0.012 0.019 0.024 0.019 0.012 0.011 0.005 0.015 0.015 0.005 0.007 0.014 0.014 0.013 0.017 0.013 0.015 0.022 0.018 0.009 0.011 0.008 0.007 0.018 0.022 0.012 0.019 0.015 0.000 0.021 0.011 0.011 0.015 0.022 0.009 0.021 0.013 0.017 0.014 0.014 0.007 0.008 0.017 0.017 0.015 0.010 0.016 0.013 0.011 0.009 0.015 0.012 0.017 0.017 0.012 0.009 0.011 0.013 0.014 0.008 0.012 0.008 0.018 0.017 0.010 
59 0.021 0.021 0.025 0.022 0.022 0.032 0.021 0.020 0.023 0.023 0.020 0.024 0.022 0.021 0.021 0.024 0.020 0.021 0.022 0.029 0.022 0.028 0.023 0.022 0.023 0.024 0.023 0.021 0.021 0.022 0.021 0.025 0.025 0.024 0.021 0.022 0.020 0.024 0.023 0.020 0.021 0.023 0.023 0.022 0.023 0.023 0.023 0.024 0.024 0.021 0.021 0.020 0.021 0.025 0.022 0.022 0.023 0.023 0.021 0.000 0.021 0.021 0.023 0.024 0.021 0.026 0.022 0.022 0.021 0.022 0.021 0.021 0.022 0.021 0.022 0.021 0.025 0.021 0.021 0.021 0.023 0.022 0.021 0.022 0.022 0.021 0.022 0.023 0.023 0.021 0.021 0.021 0.023 0.024 0.021 
60 0.009 0.011 0.020 0.015 0.015 0.032 0.012 0.010 0.024 0.013 0.011 0.020 0.013 0.014 0.014 0.020 0.011 0.014 0.014 0.029 0.014 0.023 0.018 0.017 0.014 0.016 0.016 0.011 0.013 0.014 0.013 0.020 0.025 0.019 0.013 0.014 0.010 0.017 0.017 0.010 0.011 0.016 0.014 0.014 0.017 0.013 0.016 0.023 0.017 0.012 0.010 0.010 0.011 0.018 0.022 0.014 0.020 0.015 0.011 0.021 0.000 0.011 0.015 0.021 0.010 0.022 0.014 0.018 0.014 0.012 0.011 0.010 0.018 0.017 0.017 0.011 0.017 0.014 0.010 0.008 0.016 0.014 0.015 0.017 0.013 0.010 0.009 0.014 0.016 0.010 0.014 0.010 0.019 0.017 0.013 
61 0.009 0.010 0.020 0.014 0.016 0.032 0.013 0.011 0.025 0.014 0.011 0.019 0.012 0.014 0.013 0.021 0.011 0.014 0.016 0.030 0.015 0.023 0.019 0.018 0.014 0.019 0.016 0.012 0.014 0.016 0.015 0.020 0.024 0.019 0.014 0.015 0.011 0.016 0.016 0.010 0.013 0.016 0.015 0.014 0.017 0.014 0.016 0.023 0.019 0.012 0.013 0.011 0.011 0.019 0.023 0.014 0.020 0.016 0.011 0.021 0.011 0.000 0.017 0.020 0.010 0.022 0.015 0.018 0.014 0.014 0.013 0.012 0.018 0.018 0.017 0.013 0.018 0.016 0.012 0.011 0.017 0.015 0.016 0.018 0.012 0.012 0.013 0.014 0.017 0.011 0.013 0.010 0.019 0.018 0.014 
62 0.016 0.015 0.022 0.015 0.016 0.031 0.015 0.014 0.024 0.017 0.014 0.020 0.016 0.017 0.014 0.021 0.015 0.015 0.017 0.031 0.015 0.025 0.020 0.017 0.017 0.017 0.015 0.013 0.014 0.014 0.013 0.022 0.025 0.022 0.014 0.014 0.014 0.020 0.016 0.014 0.014 0.015 0.017 0.018 0.020 0.016 0.017 0.023 0.020 0.014 0.016 0.015 0.014 0.021 0.022 0.016 0.020 0.018 0.015 0.023 0.015 0.017 0.000 0.024 0.015 0.023 0.018 0.018 0.016 0.018 0.013 0.013 0.019 0.018 0.017 0.013 0.019 0.014 0.015 0.016 0.016 0.015 0.017 0.017 0.016 0.014 0.015 0.016 0.015 0.015 0.013 0.014 0.020 0.018 0.015 
63 0.020 0.021 0.027 0.022 0.022 0.032 0.021 0.022 0.022 0.022 0.022 0.021 0.021 0.023 0.022 0.025 0.022 0.021 0.024 0.035 0.022 0.029 0.022 0.022 0.024 0.027 0.023 0.022 0.022 0.025 0.022 0.027 0.015 0.024 0.022 0.021 0.022 0.025 0.024 0.021 0.022 0.022 0.021 0.021 0.023 0.021 0.022 0.019 0.023 0.021 0.021 0.022 0.022 0.025 0.024 0.022 0.021 0.022 0.022 0.024 0.021 0.020 0.024 0.000 0.021 0.025 0.023 0.022 0.022 0.023 0.022 0.022 0.025 0.019 0.022 0.021 0.021 0.023 0.021 0.021 0.025 0.021 0.020 0.022 0.021 0.021 0.022 0.021 0.023 0.021 0.021 0.021 0.022 0.024 0.023 
64 0.010 0.009 0.018 0.015 0.015 0.032 0.011 0.009 0.024 0.012 0.010 0.019 0.012 0.013 0.012 0.020 0.008 0.013 0.014 0.029 0.015 0.023 0.019 0.018 0.013 0.017 0.016 0.011 0.012 0.015 0.012 0.019 0.025 0.019 0.012 0.014 0.009 0.016 0.016 0.008 0.011 0.016 0.015 0.014 0.017 0.015 0.016 0.022 0.018 0.011 0.011 0.010 0.010 0.018 0.022 0.013 0.020 0.015 0.009 0.021 0.010 0.010 0.015 0.021 0.000 0.022 0.013 0.018 0.014 0.014 0.011 0.010 0.017 0.017 0.016 0.011 0.016 0.015 0.010 0.009 0.016 0.014 0.016 0.017 0.013 0.010 0.011 0.014 0.017 0.008 0.012 0.008 0.018 0.018 0.013 
65 0.022 0.022 0.024 0.021 0.021 0.029 0.021 0.021 0.028 0.022 0.021 0.023 0.022 0.024 0.022 0.025 0.021 0.021 0.021 0.030 0.021 0.026 0.023 0.024 0.022 0.025 0.022 0.022 0.021 0.023 0.021 0.024 0.025 0.022 0.021 0.020 0.021 0.024 0.022 0.022 0.021 0.021 0.021 0.021 0.020 0.022 0.021 0.024 0.024 0.022 0.021 0.021 0.021 0.023 0.027 0.021 0.021 0.023 0.021 0.026 0.022 0.022 0.023 0.025 0.022 0.000 0.021 0.024 0.021 0.024 0.022 0.022 0.023 0.024 0.022 0.022 0.024 0.022 0.022 0.022 0.021 0.020 0.022 0.024 0.022 0.022 0.022 0.022 0.021 0.022 0.021 0.022 0.026 0.022 0.022 
66 0.014 0.013 0.014 0.017 0.018 0.030 0.015 0.013 0.026 0.014 0.015 0.022 0.015 0.017 0.016 0.023 0.014 0.016 0.015 0.028 0.018 0.024 0.020 0.020 0.017 0.020 0.019 0.014 0.015 0.018 0.016 0.019 0.025 0.018 0.016 0.016 0.013 0.018 0.018 0.012 0.014 0.019 0.017 0.017 0.020 0.017 0.019 0.024 0.021 0.014 0.015 0.014 0.014 0.019 0.024 0.016 0.021 0.018 0.013 0.022 0.014 0.015 0.018 0.023 0.013 0.021 0.000 0.020 0.018 0.017 0.014 0.014 0.020 0.020 0.018 0.016 0.019 0.017 0.014 0.014 0.016 0.017 0.019 0.020 0.016 0.014 0.015 0.017 0.019 0.013 0.016 0.012 0.021 0.021 0.016 
67 0.018 0.017 0.024 0.015 0.018 0.032 0.018 0.017 0.021 0.020 0.016 0.022 0.017 0.019 0.017 0.021 0.017 0.017 0.020 0.031 0.017 0.026 0.014 0.010 0.020 0.022 0.018 0.017 0.016 0.018 0.018 0.024 0.024 0.023 0.018 0.016 0.017 0.022 0.019 0.017 0.017 0.018 0.019 0.019 0.021 0.019 0.018 0.024 0.018 0.016 0.018 0.017 0.017 0.023 0.019 0.019 0.019 0.021 0.017 0.022 0.018 0.018 0.018 0.022 0.018 0.024 0.020 0.000 0.018 0.020 0.017 0.017 0.021 0.020 0.018 0.018 0.022 0.018 0.019 0.018 0.020 0.017 0.019 0.011 0.019 0.018 0.018 0.020 0.018 0.018 0.017 0.018 0.015 0.020 0.018 
68 0.014 0.014 0.020 0.016 0.016 0.031 0.014 0.014 0.023 0.017 0.012 0.020 0.015 0.017 0.015 0.019 0.014 0.015 0.016 0.029 0.016 0.023 0.020 0.018 0.016 0.020 0.016 0.015 0.013 0.016 0.015 0.022 0.024 0.022 0.014 0.015 0.014 0.017 0.017 0.013 0.015 0.017 0.019 0.018 0.018 0.018 0.017 0.022 0.019 0.015 0.016 0.014 0.015 0.021 0.021 0.018 0.019 0.018 0.014 0.021 0.014 0.014 0.016 0.022 0.014 0.021 0.018 0.018 0.000 0.017 0.015 0.015 0.017 0.017 0.017 0.015 0.020 0.016 0.015 0.014 0.018 0.015 0.018 0.018 0.017 0.015 0.015 0.017 0.017 0.014 0.014 0.014 0.019 0.018 0.017 
69 0.013 0.014 0.022 0.017 0.018 0.032 0.016 0.014 0.026 0.017 0.014 0.022 0.016 0.017 0.017 0.022 0.014 0.016 0.016 0.029 0.016 0.023 0.020 0.019 0.017 0.019 0.018 0.014 0.016 0.017 0.016 0.019 0.026 0.019 0.016 0.017 0.014 0.019 0.019 0.013 0.015 0.018 0.017 0.017 0.019 0.016 0.018 0.025 0.020 0.015 0.013 0.014 0.014 0.018 0.023 0.017 0.022 0.018 0.014 0.022 0.012 0.014 0.018 0.023 0.014 0.024 0.017 0.020 0.017 0.000 0.014 0.014 0.020 0.019 0.019 0.014 0.019 0.016 0.013 0.012 0.019 0.017 0.018 0.019 0.016 0.014 0.014 0.017 0.019 0.014 0.016 0.013 0.021 0.020 0.013 
70 0.011 0.010 0.019 0.012 0.014 0.032 0.012 0.008 0.024 0.014 0.012 0.019 0.011 0.013 0.012 0.020 0.008 0.013 0.015 0.028 0.013 0.023 0.018 0.016 0.013 0.016 0.016 0.006 0.011 0.014 0.012 0.019 0.024 0.019 0.013 0.011 0.008 0.016 0.016 0.008 0.006 0.013 0.013 0.014 0.017 0.012 0.015 0.023 0.018 0.008 0.011 0.009 0.008 0.018 0.022 0.011 0.019 0.015 0.007 0.021 0.011 0.013 0.013 0.022 0.011 0.022 0.014 0.017 0.015 0.014 0.000 0.005 0.017 0.016 0.015 0.010 0.016 0.012 0.011 0.010 0.015 0.012 0.016 0.016 0.012 0.008 0.011 0.013 0.014 0.009 0.011 0.010 0.019 0.018 0.010 
71 0.010 0.009 0.019 0.012 0.014 0.032 0.013 0.008 0.024 0.013 0.011 0.019 0.011 0.013 0.012 0.020 0.009 0.013 0.015 0.029 0.013 0.023 0.018 0.016 0.013 0.016 0.015 0.006 0.011 0.014 0.013 0.019 0.025 0.019 0.012 0.011 0.008 0.016 0.016 0.008 0.007 0.014 0.013 0.014 0.017 0.011 0.015 0.023 0.018 0.008 0.011 0.009 0.008 0.018 0.022 0.012 0.019 0.015 0.008 0.021 0.010 0.012 0.013 0.022 0.010 0.022 0.014 0.017 0.015 0.014 0.005 0.000 0.017 0.016 0.015 0.009 0.016 0.011 0.010 0.009 0.015 0.013 0.016 0.016 0.011 0.009 0.011 0.012 0.014 0.009 0.012 0.009 0.019 0.017 0.010 
72 0.018 0.017 0.021 0.018 0.018 0.032 0.017 0.017 0.027 0.019 0.016 0.021 0.018 0.016 0.017 0.020 0.017 0.018 0.020 0.026 0.019 0.025 0.022 0.021 0.017 0.022 0.019 0.018 0.017 0.019 0.017 0.024 0.027 0.024 0.017 0.017 0.017 0.019 0.020 0.017 0.018 0.020 0.020 0.020 0.020 0.019 0.019 0.021 0.022 0.018 0.018 0.016 0.017 0.023 0.024 0.019 0.022 0.020 0.017 0.022 0.018 0.018 0.019 0.025 0.017 0.023 0.020 0.021 0.017 0.020 0.017 0.017 0.000 0.019 0.020 0.018 0.021 0.018 0.017 0.017 0.020 0.017 0.019 0.021 0.018 0.017 0.018 0.019 0.019 0.017 0.017 0.017 0.022 0.020 0.019 
73 0.018 0.017 0.024 0.016 0.018 0.033 0.017 0.017 0.022 0.019 0.017 0.019 0.017 0.019 0.017 0.022 0.017 0.017 0.019 0.032 0.018 0.026 0.021 0.020 0.020 0.023 0.019 0.016 0.016 0.018 0.017 0.024 0.022 0.022 0.017 0.016 0.018 0.021 0.020 0.017 0.016 0.019 0.018 0.019 0.020 0.018 0.018 0.022 0.022 0.016 0.018 0.017 0.017 0.022 0.023 0.017 0.020 0.020 0.017 0.021 0.017 0.018 0.018 0.019 0.017 0.024 0.020 0.020 0.017 0.019 0.016 0.016 0.019 0.000 0.017 0.017 0.020 0.018 0.017 0.018 0.021 0.016 0.014 0.020 0.017 0.017 0.017 0.018 0.018 0.017 0.017 0.017 0.021 0.021 0.018 
74 0.017 0.016 0.022 0.016 0.016 0.032 0.016 0.015 0.025 0.018 0.015 0.021 0.017 0.018 0.016 0.022 0.015 0.015 0.018 0.029 0.016 0.024 0.019 0.018 0.018 0.021 0.018 0.015 0.015 0.017 0.016 0.022 0.024 0.022 0.017 0.015 0.015 0.020 0.019 0.015 0.015 0.017 0.018 0.018 0.020 0.018 0.018 0.023 0.019 0.015 0.017 0.016 0.015 0.021 0.022 0.017 0.021 0.020 0.015 0.022 0.017 0.017 0.017 0.022 0.016 0.022 0.018 0.018 0.017 0.019 0.015 0.015 0.020 0.017 0.000 0.016 0.021 0.017 0.017 0.017 0.018 0.016 0.018 0.018 0.017 0.016 0.016 0.017 0.017 0.016 0.015 0.016 0.019 0.020 0.016 
75 0.012 0.012 0.020 0.015 0.016 0.031 0.014 0.011 0.025 0.015 0.012 0.020 0.013 0.014 0.014 0.021 0.010 0.015 0.015 0.029 0.015 0.023 0.019 0.016 0.014 0.016 0.016 0.010 0.013 0.014 0.013 0.020 0.024 0.020 0.014 0.013 0.011 0.017 0.017 0.011 0.010 0.016 0.015 0.015 0.018 0.014 0.017 0.023 0.019 0.011 0.011 0.011 0.011 0.018 0.022 0.013 0.020 0.016 0.010 0.021 0.011 0.013 0.013 0.021 0.011 0.022 0.016 0.018 0.015 0.014 0.010 0.009 0.018 0.017 0.016 0.000 0.017 0.014 0.010 0.011 0.016 0.014 0.016 0.017 0.013 0.010 0.011 0.014 0.015 0.011 0.014 0.012 0.019 0.018 0.012 
76 0.017 0.016 0.022 0.018 0.020 0.031 0.017 0.016 0.024 0.018 0.018 0.017 0.017 0.018 0.018 0.023 0.017 0.018 0.020 0.032 0.019 0.028 0.022 0.021 0.019 0.022 0.020 0.016 0.018 0.021 0.015 0.023 0.024 0.021 0.017 0.018 0.016 0.020 0.021 0.016 0.017 0.020 0.018 0.018 0.020 0.017 0.018 0.023 0.023 0.017 0.016 0.017 0.016 0.021 0.025 0.018 0.019 0.012 0.016 0.025 0.017 0.018 0.019 0.021 0.016 0.024 0.019 0.022 0.020 0.019 0.016 0.016 0.021 0.020 0.021 0.017 0.000 0.019 0.016 0.015 0.020 0.017 0.019 0.022 0.016 0.015 0.018 0.018 0.020 0.016 0.017 0.015 0.023 0.022 0.018 
77 0.014 0.014 0.022 0.013 0.014 0.030 0.014 0.013 0.025 0.017 0.012 0.019 0.015 0.017 0.012 0.021 0.014 0.014 0.016 0.029 0.014 0.025 0.018 0.017 0.017 0.017 0.016 0.012 0.013 0.015 0.014 0.021 0.024 0.020 0.013 0.012 0.013 0.019 0.016 0.013 0.013 0.013 0.015 0.016 0.019 0.014 0.015 0.023 0.021 0.013 0.015 0.014 0.013 0.019 0.022 0.015 0.018 0.018 0.013 0.021 0.014 0.016 0.014 0.023 0.015 0.022 0.017 0.018 0.016 0.016 0.012 0.011 0.018 0.018 0.017 0.014 0.019 0.000 0.014 0.014 0.016 0.013 0.016 0.018 0.015 0.014 0.015 0.015 0.014 0.014 0.012 0.014 0.020 0.017 0.013 
78 0.011 0.011 0.020 0.014 0.015 0.031 0.013 0.011 0.025 0.014 0.011 0.020 0.012 0.014 0.014 0.021 0.010 0.013 0.015 0.029 0.015 0.023 0.019 0.018 0.014 0.017 0.016 0.011 0.013 0.015 0.013 0.020 0.024 0.018 0.013 0.014 0.010 0.017 0.015 0.010 0.012 0.016 0.014 0.014 0.017 0.013 0.015 0.022 0.019 0.012 0.008 0.010 0.011 0.018 0.022 0.014 0.020 0.016 0.011 0.021 0.010 0.012 0.015 0.021 0.010 0.022 0.014 0.019 0.015 0.013 0.011 0.010 0.017 0.017 0.017 0.010 0.016 0.014 0.000 0.009 0.016 0.014 0.016 0.018 0.014 0.009 0.012 0.015 0.017 0.010 0.014 0.010 0.019 0.018 0.013 
79 0.010 0.010 0.019 0.014 0.015 0.032 0.012 0.009 0.025 0.014 0.010 0.020 0.012 0.013 0.013 0.021 0.008 0.013 0.014 0.028 0.014 0.023 0.019 0.017 0.013 0.016 0.016 0.011 0.012 0.015 0.013 0.019 0.024 0.018 0.012 0.013 0.009 0.017 0.016 0.009 0.010 0.016 0.014 0.013 0.016 0.014 0.015 0.023 0.018 0.011 0.008 0.009 0.010 0.017 0.022 0.013 0.020 0.015 0.009 0.021 0.008 0.011 0.016 0.021 0.009 0.022 0.014 0.018 0.014 0.012 0.010 0.009 0.017 0.018 0.017 0.011 0.015 0.014 0.009 0.000 0.015 0.013 0.016 0.017 0.013 0.009 0.011 0.015 0.016 0.009 0.013 0.010 0.019 0.017 0.012 
80 0.017 0.016 0.021 0.016 0.016 0.030 0.016 0.015 0.026 0.016 0.015 0.022 0.017 0.018 0.015 0.023 0.015 0.016 0.014 0.027 0.016 0.026 0.019 0.020 0.018 0.016 0.018 0.016 0.015 0.018 0.016 0.019 0.026 0.020 0.016 0.015 0.015 0.021 0.018 0.015 0.015 0.017 0.018 0.018 0.020 0.017 0.017 0.024 0.022 0.016 0.016 0.015 0.015 0.020 0.024 0.017 0.021 0.019 0.015 0.023 0.016 0.017 0.016 0.025 0.016 0.021 0.016 0.020 0.018 0.019 0.015 0.015 0.020 0.021 0.018 0.016 0.020 0.016 0.016 0.015 0.000 0.015 0.019 0.020 0.016 0.015 0.017 0.018 0.017 0.016 0.015 0.016 0.022 0.019 0.016 
81 0.014 0.013 0.021 0.012 0.012 0.031 0.013 0.012 0.025 0.016 0.011 0.019 0.014 0.015 0.012 0.021 0.012 0.012 0.016 0.029 0.012 0.024 0.017 0.016 0.016 0.019 0.016 0.013 0.012 0.015 0.012 0.020 0.022 0.019 0.012 0.006 0.012 0.019 0.016 0.012 0.012 0.014 0.014 0.013 0.016 0.014 0.009 0.021 0.019 0.013 0.013 0.012 0.012 0.019 0.021 0.013 0.018 0.017 0.012 0.022 0.014 0.015 0.015 0.021 0.014 0.020 0.017 0.017 0.015 0.017 0.012 0.013 0.017 0.016 0.016 0.014 0.017 0.013 0.014 0.013 0.015 0.000 0.015 0.017 0.014 0.013 0.014 0.015 0.010 0.013 0.011 0.013 0.018 0.015 0.014 
82 0.016 0.016 0.024 0.014 0.014 0.032 0.015 0.017 0.023 0.018 0.015 0.019 0.016 0.019 0.016 0.022 0.016 0.016 0.018 0.031 0.015 0.026 0.019 0.019 0.020 0.021 0.018 0.016 0.016 0.018 0.015 0.023 0.023 0.020 0.015 0.014 0.016 0.021 0.019 0.016 0.016 0.016 0.015 0.015 0.018 0.012 0.014 0.023 0.021 0.016 0.016 0.016 0.016 0.021 0.023 0.016 0.020 0.019 0.017 0.021 0.015 0.016 0.017 0.020 0.016 0.022 0.019 0.019 0.018 0.018 0.016 0.016 0.019 0.014 0.018 0.016 0.019 0.016 0.016 0.016 0.019 0.015 0.000 0.019 0.015 0.016 0.016 0.016 0.017 0.016 0.015 0.016 0.021 0.017 0.017 
83 0.018 0.018 0.024 0.017 0.018 0.033 0.017 0.017 0.022 0.020 0.016 0.022 0.019 0.020 0.017 0.021 0.017 0.017 0.019 0.031 0.017 0.026 0.015 0.008 0.020 0.022 0.019 0.017 0.017 0.017 0.017 0.024 0.024 0.023 0.017 0.016 0.017 0.022 0.020 0.017 0.017 0.018 0.019 0.019 0.022 0.019 0.019 0.024 0.016 0.017 0.018 0.017 0.017 0.023 0.019 0.018 0.020 0.020 0.017 0.022 0.017 0.018 0.017 0.022 0.017 0.024 0.020 0.011 0.018 0.019 0.016 0.016 0.021 0.020 0.018 0.017 0.022 0.018 0.018 0.017 0.020 0.017 0.019 0.000 0.019 0.017 0.017 0.019 0.018 0.018 0.017 0.017 0.013 0.020 0.018 
84 0.013 0.012 0.021 0.014 0.015 0.032 0.014 0.013 0.025 0.015 0.014 0.018 0.013 0.016 0.014 0.022 0.012 0.015 0.018 0.031 0.015 0.024 0.018 0.018 0.016 0.019 0.018 0.012 0.014 0.017 0.015 0.021 0.024 0.019 0.015 0.014 0.013 0.017 0.018 0.012 0.012 0.016 0.013 0.014 0.017 0.013 0.015 0.023 0.020 0.012 0.014 0.013 0.012 0.019 0.023 0.014 0.019 0.016 0.012 0.022 0.013 0.012 0.016 0.021 0.013 0.022 0.016 0.019 0.017 0.016 0.012 0.011 0.018 0.017 0.017 0.013 0.016 0.015 0.014 0.013 0.016 0.014 0.015 0.019 0.000 0.012 0.014 0.013 0.016 0.012 0.013 0.012 0.020 0.019 0.014 
85 0.011 0.010 0.019 0.014 0.015 0.032 0.012 0.009 0.025 0.014 0.011 0.020 0.012 0.013 0.012 0.021 0.008 0.013 0.014 0.029 0.014 0.023 0.018 0.017 0.013 0.016 0.017 0.010 0.012 0.015 0.012 0.019 0.024 0.019 0.013 0.013 0.009 0.017 0.017 0.009 0.010 0.015 0.014 0.014 0.017 0.013 0.015 0.023 0.019 0.011 0.010 0.009 0.010 0.017 0.022 0.012 0.019 0.015 0.009 0.021 0.010 0.012 0.014 0.021 0.010 0.022 0.014 0.018 0.015 0.014 0.008 0.009 0.017 0.017 0.016 0.010 0.015 0.014 0.009 0.009 0.015 0.013 0.016 0.017 0.012 0.000 0.012 0.014 0.016 0.009 0.012 0.010 0.019 0.018 0.012 
86 0.011 0.012 0.020 0.015 0.015 0.032 0.014 0.010 0.024 0.015 0.013 0.021 0.014 0.015 0.014 0.021 0.010 0.014 0.015 0.029 0.014 0.024 0.019 0.017 0.015 0.017 0.016 0.012 0.013 0.014 0.014 0.019 0.025 0.019 0.013 0.013 0.010 0.018 0.017 0.011 0.011 0.015 0.014 0.014 0.017 0.014 0.016 0.023 0.018 0.013 0.012 0.011 0.011 0.018 0.022 0.013 0.020 0.016 0.011 0.022 0.009 0.013 0.015 0.022 0.011 0.022 0.015 0.018 0.015 0.014 0.011 0.011 0.018 0.017 0.016 0.011 0.018 0.015 0.012 0.011 0.017 0.014 0.016 0.017 0.014 0.012 0.000 0.015 0.016 0.012 0.015 0.011 0.019 0.017 0.013 
87 0.013 0.013 0.021 0.016 0.016 0.032 0.016 0.013 0.025 0.016 0.015 0.019 0.014 0.017 0.016 0.022 0.014 0.016 0.018 0.031 0.015 0.024 0.019 0.019 0.017 0.020 0.018 0.013 0.016 0.018 0.015 0.022 0.025 0.021 0.016 0.015 0.014 0.019 0.019 0.013 0.014 0.015 0.015 0.015 0.018 0.013 0.016 0.024 0.020 0.014 0.016 0.014 0.014 0.021 0.024 0.015 0.019 0.017 0.013 0.023 0.014 0.014 0.016 0.021 0.014 0.022 0.017 0.020 0.017 0.017 0.013 0.012 0.019 0.018 0.017 0.014 0.018 0.015 0.015 0.015 0.018 0.015 0.016 0.019 0.013 0.014 0.015 0.000 0.017 0.014 0.014 0.013 0.020 0.019 0.014 
88 0.016 0.016 0.022 0.014 0.014 0.030 0.016 0.015 0.026 0.018 0.014 0.021 0.016 0.018 0.015 0.021 0.015 0.015 0.018 0.030 0.014 0.023 0.019 0.017 0.017 0.019 0.015 0.014 0.015 0.014 0.015 0.022 0.025 0.021 0.015 0.009 0.015 0.020 0.016 0.015 0.013 0.015 0.015 0.015 0.018 0.015 0.014 0.022 0.020 0.015 0.016 0.015 0.014 0.021 0.023 0.015 0.020 0.019 0.014 0.023 0.016 0.017 0.015 0.023 0.017 0.021 0.019 0.018 0.017 0.019 0.014 0.014 0.019 0.018 0.017 0.015 0.020 0.014 0.017 0.016 0.017 0.010 0.017 0.018 0.016 0.016 0.016 0.017 0.000 0.016 0.014 0.016 0.020 0.015 0.015 
89 0.010 0.008 0.018 0.013 0.015 0.032 0.012 0.008 0.024 0.012 0.010 0.019 0.011 0.012 0.011 0.020 0.008 0.011 0.015 0.029 0.014 0.023 0.019 0.017 0.013 0.017 0.016 0.009 0.012 0.015 0.013 0.019 0.024 0.019 0.012 0.013 0.008 0.015 0.015 0.007 0.010 0.015 0.014 0.014 0.017 0.014 0.015 0.023 0.018 0.010 0.011 0.009 0.009 0.018 0.022 0.013 0.020 0.015 0.008 0.021 0.010 0.011 0.015 0.021 0.008 0.022 0.013 0.018 0.014 0.014 0.009 0.009 0.017 0.017 0.016 0.011 0.016 0.014 0.010 0.009 0.016 0.013 0.016 0.018 0.012 0.009 0.012 0.014 0.016 0.000 0.012 0.008 0.018 0.018 0.012 
90 0.013 0.011 0.020 0.012 0.013 0.031 0.012 0.011 0.023 0.014 0.010 0.017 0.013 0.015 0.011 0.021 0.012 0.012 0.015 0.029 0.012 0.025 0.018 0.016 0.015 0.018 0.015 0.012 0.011 0.015 0.011 0.021 0.023 0.020 0.011 0.011 0.011 0.017 0.015 0.011 0.012 0.014 0.014 0.014 0.017 0.014 0.013 0.022 0.019 0.012 0.014 0.012 0.011 0.020 0.021 0.014 0.018 0.016 0.012 0.021 0.014 0.013 0.013 0.021 0.012 0.021 0.016 0.017 0.014 0.016 0.011 0.012 0.017 0.017 0.015 0.014 0.017 0.012 0.014 0.013 0.015 0.011 0.015 0.017 0.013 0.012 0.015 0.014 0.014 0.012 0.000 0.011 0.018 0.017 0.013 
91 0.009 0.008 0.018 0.013 0.015 0.032 0.012 0.008 0.024 0.011 0.010 0.019 0.011 0.013 0.012 0.020 0.010 0.013 0.015 0.029 0.014 0.024 0.019 0.018 0.013 0.017 0.016 0.010 0.011 0.015 0.013 0.019 0.024 0.018 0.010 0.013 0.008 0.015 0.015 0.007 0.010 0.015 0.013 0.013 0.017 0.013 0.015 0.022 0.018 0.010 0.011 0.010 0.009 0.018 0.022 0.013 0.019 0.015 0.008 0.021 0.010 0.010 0.014 0.021 0.008 0.022 0.012 0.018 0.014 0.013 0.010 0.009 0.017 0.017 0.016 0.012 0.015 0.014 0.010 0.010 0.016 0.013 0.016 0.017 0.012 0.010 0.011 0.013 0.016 0.008 0.011 0.000 0.019 0.018 0.012 
92 0.018 0.018 0.025 0.018 0.019 0.034 0.018 0.018 0.023 0.021 0.018 0.022 0.019 0.020 0.018 0.022 0.018 0.018 0.020 0.031 0.019 0.026 0.016 0.013 0.021 0.025 0.020 0.019 0.018 0.020 0.019 0.024 0.024 0.024 0.018 0.018 0.018 0.022 0.021 0.018 0.019 0.020 0.021 0.020 0.022 0.021 0.020 0.024 0.017 0.019 0.020 0.018 0.018 0.023 0.020 0.020 0.021 0.021 0.018 0.023 0.019 0.019 0.020 0.022 0.018 0.026 0.021 0.015 0.019 0.021 0.019 0.019 0.022 0.021 0.019 0.019 0.023 0.020 0.019 0.019 0.022 0.018 0.021 0.013 0.020 0.019 0.019 0.020 0.020 0.018 0.018 0.019 0.000 0.022 0.020 
93 0.017 0.018 0.023 0.017 0.015 0.030 0.017 0.017 0.028 0.019 0.015 0.022 0.019 0.019 0.017 0.022 0.017 0.017 0.019 0.030 0.017 0.023 0.020 0.020 0.018 0.020 0.016 0.018 0.017 0.015 0.018 0.023 0.026 0.022 0.017 0.014 0.016 0.021 0.017 0.017 0.017 0.017 0.018 0.016 0.019 0.016 0.016 0.023 0.021 0.018 0.018 0.017 0.017 0.022 0.024 0.017 0.021 0.020 0.017 0.024 0.017 0.018 0.018 0.024 0.018 0.022 0.021 0.020 0.018 0.020 0.018 0.017 0.020 0.021 0.020 0.018 0.022 0.017 0.018 0.017 0.019 0.015 0.017 0.020 0.019 0.018 0.017 0.019 0.015 0.018 0.017 0.018 0.022 0.000 0.018 
94 0.013 0.012 0.020 0.014 0.015 0.030 0.015 0.010 0.025 0.015 0.013 0.020 0.013 0.015 0.014 0.022 0.011 0.014 0.017 0.027 0.013 0.023 0.018 0.018 0.015 0.016 0.017 0.011 0.013 0.016 0.014 0.018 0.025 0.018 0.014 0.012 0.010 0.017 0.017 0.010 0.009 0.015 0.014 0.014 0.017 0.013 0.016 0.023 0.019 0.011 0.013 0.011 0.011 0.018 0.022 0.013 0.020 0.016 0.010 0.021 0.013 0.014 0.015 0.023 0.013 0.022 0.016 0.018 0.017 0.013 0.010 0.010 0.019 0.018 0.016 0.012 0.018 0.013 0.013 0.012 0.016 0.014 0.017 0.018 0.014 0.012 0.013 0.014 0.015 0.012 0.013 0.012 0.020 0.018 0.000 
