1.000 0.931 0.837 0.878 0.868 0.646 0.908 0.942 0.685 0.908 0.934 0.817 0.901 0.902 0.897 0.819 0.931 0.885 0.879 0.728 0.880 0.785 0.819 0.831 0.908 0.878 0.869 0.918 0.893 0.878 0.873 0.836 0.728 0.833 0.899 0.895 0.949 0.882 0.863 0.948 0.915 0.862 0.880 0.903 0.862 0.899 0.862 0.764 0.813 0.916 0.911 0.931 0.935 0.839 0.757 0.892 0.856 0.872 0.936 0.790 0.937 0.934 0.867 0.819 0.927 0.764 0.886 0.821 0.884 0.901 0.914 0.926 0.836 0.830 0.837 0.902 0.866 0.891 0.917 0.930 0.856 0.881 0.860 0.834 0.885 0.916 0.924 0.881 0.871 0.928 0.899 0.941 0.802 0.856 0.897 
0.931 1.000 0.882 0.905 0.866 0.646 0.890 0.968 0.689 0.933 0.930 0.832 0.927 0.914 0.926 0.809 0.939 0.901 0.879 0.727 0.874 0.784 0.811 0.820 0.915 0.873 0.877 0.932 0.917 0.884 0.885 0.840 0.725 0.816 0.895 0.901 0.967 0.944 0.885 0.982 0.931 0.850 0.872 0.883 0.844 0.882 0.855 0.768 0.796 0.939 0.904 0.932 0.939 0.835 0.746 0.892 0.857 0.884 0.964 0.794 0.918 0.930 0.878 0.791 0.933 0.763 0.924 0.830 0.886 0.884 0.934 0.940 0.846 0.836 0.854 0.909 0.866 0.894 0.910 0.925 0.862 0.889 0.846 0.833 0.903 0.923 0.904 0.882 0.871 0.956 0.921 0.952 0.806 0.844 0.911 
0.837 0.882 1.000 0.796 0.774 0.711 0.809 0.874 0.626 0.866 0.837 0.735 0.821 0.841 0.824 0.784 0.845 0.805 0.835 0.755 0.782 0.823 0.743 0.736 0.891 0.786 0.787 0.839 0.823 0.805 0.805 0.789 0.648 0.788 0.818 0.808 0.873 0.928 0.786 0.889 0.838 0.761 0.788 0.791 0.772 0.789 0.762 0.737 0.739 0.839 0.818 0.838 0.845 0.779 0.667 0.806 0.799 0.789 0.871 0.740 0.829 0.823 0.801 0.700 0.854 0.750 0.930 0.738 0.808 0.794 0.841 0.847 0.787 0.743 0.788 0.819 0.778 0.802 0.827 0.836 0.815 0.795 0.746 0.749 0.798 0.836 0.816 0.794 0.786 0.858 0.825 0.872 0.715 0.771 0.817 
0.878 0.905 0.796 1.000 0.887 0.649 0.875 0.902 0.703 0.853 0.913 0.833 0.937 0.859 0.910 0.803 0.890 0.915 0.851 0.694 0.884 0.778 0.818 0.843 0.857 0.849 0.883 0.917 0.913 0.886 0.870 0.811 0.732 0.815 0.897 0.921 0.907 0.851 0.903 0.901 0.910 0.886 0.884 0.882 0.845 0.890 0.896 0.761 0.790 0.922 0.868 0.900 0.916 0.804 0.740 0.871 0.866 0.843 0.898 0.762 0.869 0.872 0.880 0.769 0.867 0.778 0.840 0.862 0.852 0.837 0.908 0.910 0.825 0.837 0.841 0.869 0.832 0.909 0.870 0.874 0.864 0.899 0.871 0.837 0.874 0.873 0.859 0.840 0.888 0.890 0.910 0.890 0.793 0.859 0.883 
0.868 0.866 0.774 0.887 1.000 0.651 0.867 0.881 0.648 0.845 0.897 0.806 0.860 0.854 0.890 0.784 0.876 0.881 0.847 0.683 0.893 0.749 0.826 0.825 0.848 0.837 0.855 0.876 0.875 0.870 0.873 0.798 0.730 0.832 0.876 0.916 0.890 0.817 0.848 0.883 0.885 0.865 0.906 0.924 0.884 0.889 0.937 0.761 0.789 0.868 0.862 0.895 0.886 0.796 0.745 0.876 0.853 0.834 0.875 0.756 0.860 0.843 0.865 0.759 0.859 0.774 0.823 0.825 0.849 0.825 0.880 0.880 0.821 0.818 0.844 0.855 0.804 0.889 0.857 0.867 0.863 0.911 0.873 0.821 0.862 0.867 0.863 0.843 0.895 0.864 0.899 0.866 0.781 0.878 0.862 
0.646 0.646 0.711 0.649 0.651 1.000 0.634 0.659 0.536 0.656 0.657 0.622 0.631 0.656 0.663 0.625 0.658 0.645 0.652 0.650 0.661 0.696 0.631 0.597 0.687 0.677 0.681 0.651 0.651 0.668 0.634 0.665 0.579 0.676 0.654 0.665 0.664 0.690 0.680 0.653 0.650 0.661 0.633 0.635 0.636 0.644 0.633 0.675 0.604 0.650 0.655 0.652 0.656 0.661 0.550 0.642 0.765 0.635 0.659 0.605 0.639 0.632 0.663 0.573 0.641 0.650 0.664 0.609 0.647 0.648 0.655 0.655 0.620 0.586 0.633 0.657 0.635 0.672 0.653 0.642 0.680 0.655 0.621 0.610 0.626 0.641 0.647 0.624 0.668 0.643 0.653 0.643 0.578 0.667 0.675 
0.908 0.890 0.809 0.875 0.867 0.634 1.000 0.908 0.679 0.881 0.926 0.833 0.861 0.864 0.907 0.790 0.903 0.895 0.889 0.696 0.878 0.745 0.806 0.823 0.865 0.838 0.860 0.886 0.910 0.893 0.897 0.801 0.728 0.807 0.917 0.897 0.909 0.840 0.860 0.904 0.894 0.851 0.848 0.856 0.819 0.853 0.857 0.774 0.807 0.877 0.883 0.894 0.897 0.820 0.749 0.872 0.853 0.849 0.908 0.776 0.899 0.879 0.886 0.781 0.914 0.771 0.878 0.815 0.877 0.862 0.898 0.896 0.833 0.828 0.835 0.877 0.844 0.891 0.892 0.907 0.860 0.885 0.853 0.831 0.859 0.909 0.882 0.840 0.872 0.905 0.903 0.910 0.789 0.860 0.863 
0.942 0.968 0.874 0.902 0.881 0.659 0.908 1.000 0.685 0.934 0.940 0.829 0.919 0.925 0.919 0.817 0.965 0.913 0.894 0.751 0.898 0.792 0.833 0.839 0.929 0.897 0.881 0.944 0.938 0.912 0.902 0.857 0.736 0.832 0.915 0.923 0.992 0.919 0.889 0.986 0.959 0.877 0.887 0.901 0.859 0.896 0.872 0.787 0.818 0.945 0.925 0.957 0.964 0.855 0.765 0.915 0.870 0.893 0.991 0.808 0.931 0.919 0.899 0.796 0.945 0.782 0.923 0.844 0.895 0.895 0.957 0.954 0.853 0.836 0.872 0.926 0.874 0.911 0.923 0.942 0.883 0.911 0.847 0.854 0.892 0.940 0.931 0.884 0.894 0.957 0.921 0.957 0.799 0.867 0.932 
0.685 0.689 0.626 0.703 0.648 0.536 0.679 0.685 1.000 0.666 0.684 0.685 0.675 0.662 0.684 0.705 0.669 0.686 0.664 0.571 0.676 0.574 0.682 0.714 0.649 0.648 0.684 0.687 0.703 0.682 0.696 0.612 0.651 0.606 0.699 0.685 0.692 0.662 0.673 0.681 0.680 0.670 0.669 0.639 0.628 0.669 0.659 0.646 0.658 0.698 0.659 0.676 0.690 0.601 0.715 0.658 0.716 0.675 0.679 0.671 0.697 0.675 0.707 0.683 0.682 0.592 0.653 0.719 0.682 0.657 0.692 0.688 0.643 0.704 0.658 0.669 0.680 0.684 0.669 0.673 0.655 0.675 0.704 0.718 0.671 0.678 0.700 0.671 0.668 0.681 0.703 0.696 0.676 0.645 0.661 
0.908 0.933 0.866 0.853 0.845 0.656 0.881 0.934 0.666 1.000 0.906 0.802 0.877 0.884 0.893 0.786 0.910 0.866 0.883 0.734 0.846 0.760 0.807 0.795 0.886 0.859 0.839 0.898 0.882 0.860 0.870 0.836 0.719 0.832 0.883 0.877 0.935 0.882 0.843 0.942 0.898 0.831 0.859 0.866 0.827 0.859 0.836 0.759 0.789 0.897 0.882 0.904 0.908 0.849 0.721 0.876 0.842 0.857 0.931 0.766 0.903 0.897 0.863 0.769 0.928 0.770 0.915 0.799 0.858 0.866 0.899 0.908 0.820 0.810 0.826 0.880 0.844 0.865 0.889 0.899 0.866 0.866 0.827 0.811 0.871 0.895 0.885 0.864 0.846 0.922 0.895 0.937 0.771 0.829 0.881 
0.934 0.930 0.837 0.913 0.897 0.657 0.926 0.940 0.684 0.906 1.000 0.845 0.906 0.912 0.934 0.821 0.945 0.921 0.911 0.730 0.900 0.788 0.837 0.854 0.913 0.876 0.902 0.920 0.931 0.920 0.912 0.840 0.744 0.823 0.927 0.929 0.943 0.880 0.900 0.948 0.914 0.882 0.863 0.890 0.850 0.878 0.897 0.778 0.823 0.918 0.914 0.932 0.931 0.838 0.778 0.888 0.876 0.869 0.935 0.804 0.919 0.918 0.906 0.793 0.935 0.788 0.887 0.854 0.914 0.899 0.916 0.927 0.867 0.850 0.863 0.909 0.862 0.922 0.922 0.936 0.885 0.927 0.871 0.862 0.880 0.915 0.902 0.869 0.901 0.931 0.934 0.938 0.812 0.887 0.896 
0.817 0.832 0.735 0.833 0.806 0.622 0.833 0.829 0.685 0.802 0.845 1.000 0.813 0.796 0.837 0.736 0.822 0.823 0.797 0.611 0.810 0.671 0.758 0.765 0.781 0.758 0.808 0.823 0.836 0.812 0.834 0.739 0.725 0.732 0.829 0.840 0.830 0.781 0.801 0.829 0.827 0.804 0.793 0.788 0.761 0.802 0.806 0.738 0.738 0.829 0.797 0.822 0.826 0.740 0.701 0.802 0.829 0.898 0.831 0.723 0.812 0.807 0.818 0.779 0.822 0.725 0.779 0.774 0.804 0.784 0.827 0.832 0.781 0.801 0.783 0.808 0.843 0.831 0.807 0.815 0.788 0.831 0.810 0.779 0.816 0.811 0.801 0.804 0.812 0.824 0.851 0.826 0.733 0.788 0.799 
0.901 0.927 0.821 0.937 0.860 0.631 0.861 0.919 0.675 0.877 0.906 0.813 1.000 0.885 0.885 0.802 0.915 0.890 0.849 0.694 0.860 0.807 0.799 0.825 0.885 0.852 0.850 0.934 0.892 0.856 0.856 0.822 0.719 0.823 0.870 0.886 0.918 0.875 0.872 0.928 0.916 0.843 0.878 0.894 0.855 0.889 0.870 0.743 0.777 0.936 0.884 0.921 0.921 0.827 0.726 0.875 0.845 0.855 0.917 0.765 0.889 0.895 0.857 0.779 0.901 0.767 0.865 0.837 0.855 0.860 0.918 0.918 0.826 0.838 0.832 0.891 0.847 0.875 0.897 0.899 0.839 0.880 0.851 0.812 0.883 0.898 0.871 0.868 0.858 0.913 0.885 0.912 0.791 0.826 0.882 
0.902 0.914 0.841 0.859 0.854 0.656 0.864 0.925 0.662 0.884 0.912 0.796 0.885 1.000 0.894 0.810 0.929 0.877 0.858 0.754 0.857 0.785 0.802 0.804 0.922 0.861 0.847 0.905 0.883 0.875 0.867 0.825 0.698 0.809 0.869 0.879 0.925 0.886 0.848 0.929 0.905 0.829 0.842 0.877 0.835 0.856 0.840 0.793 0.780 0.906 0.900 0.923 0.913 0.826 0.737 0.871 0.843 0.855 0.920 0.801 0.897 0.883 0.864 0.762 0.909 0.740 0.869 0.809 0.856 0.865 0.908 0.913 0.873 0.818 0.827 0.895 0.843 0.869 0.900 0.915 0.849 0.878 0.823 0.816 0.861 0.916 0.885 0.845 0.851 0.920 0.884 0.909 0.771 0.832 0.885 
0.897 0.926 0.824 0.910 0.890 0.663 0.907 0.919 0.684 0.893 0.934 0.837 0.885 0.894 1.000 0.802 0.923 0.913 0.875 0.718 0.887 0.759 0.830 0.829 0.897 0.861 0.887 0.900 0.918 0.905 0.896 0.832 0.734 0.814 0.910 0.915 0.921 0.872 0.886 0.920 0.903 0.872 0.849 0.872 0.834 0.858 0.872 0.774 0.801 0.900 0.885 0.914 0.910 0.827 0.759 0.875 0.869 0.860 0.918 0.791 0.888 0.891 0.899 0.774 0.912 0.772 0.868 0.838 0.877 0.854 0.908 0.917 0.856 0.833 0.849 0.888 0.839 0.919 0.887 0.898 0.879 0.909 0.856 0.851 0.881 0.910 0.882 0.854 0.888 0.925 0.926 0.912 0.801 0.869 0.883 
0.819 0.809 0.784 0.803 0.784 0.625 0.790 0.817 0.705 0.786 0.821 0.736 0.802 0.810 0.802 1.000 0.808 0.790 0.783 0.728 0.791 0.761 0.762 0.788 0.837 0.763 0.782 0.817 0.800 0.799 0.788 0.713 0.664 0.720 0.798 0.807 0.819 0.817 0.763 0.821 0.801 0.777 0.772 0.777 0.769 0.787 0.775 0.734 0.737 0.805 0.783 0.810 0.813 0.724 0.726 0.774 0.793 0.767 0.813 0.735 0.814 0.789 0.798 0.720 0.804 0.707 0.772 0.777 0.817 0.785 0.811 0.817 0.800 0.779 0.768 0.799 0.764 0.800 0.792 0.797 0.765 0.796 0.782 0.782 0.767 0.800 0.810 0.770 0.793 0.807 0.802 0.814 0.733 0.774 0.782 
0.931 0.939 0.845 0.890 0.876 0.658 0.903 0.965 0.669 0.910 0.945 0.822 0.915 0.929 0.923 0.808 1.000 0.905 0.891 0.740 0.892 0.798 0.833 0.842 0.934 0.900 0.877 0.934 0.933 0.912 0.905 0.870 0.729 0.833 0.901 0.916 0.961 0.890 0.877 0.957 0.953 0.869 0.872 0.904 0.863 0.887 0.869 0.776 0.820 0.933 0.936 0.953 0.950 0.864 0.761 0.914 0.862 0.882 0.975 0.807 0.924 0.918 0.890 0.792 0.954 0.784 0.894 0.839 0.892 0.891 0.951 0.948 0.859 0.844 0.870 0.938 0.868 0.902 0.935 0.953 0.882 0.915 0.852 0.855 0.893 0.951 0.928 0.883 0.888 0.948 0.910 0.933 0.802 0.867 0.919 
0.885 0.901 0.805 0.915 0.881 0.645 0.895 0.913 0.686 0.866 0.921 0.823 0.890 0.877 0.913 0.790 0.905 1.000 0.868 0.702 0.888 0.757 0.824 0.827 0.874 0.843 0.885 0.894 0.899 0.887 0.888 0.819 0.742 0.813 0.904 0.910 0.918 0.851 0.890 0.909 0.903 0.862 0.858 0.874 0.836 0.860 0.878 0.775 0.806 0.899 0.892 0.908 0.911 0.815 0.757 0.874 0.854 0.844 0.908 0.775 0.884 0.870 0.885 0.787 0.889 0.770 0.858 0.845 0.862 0.853 0.896 0.900 0.832 0.820 0.855 0.872 0.835 0.893 0.889 0.900 0.869 0.904 0.847 0.838 0.862 0.894 0.879 0.833 0.879 0.925 0.910 0.899 0.786 0.861 0.881 
0.879 0.879 0.835 0.851 0.847 0.652 0.889 0.894 0.664 0.883 0.911 0.797 0.849 0.858 0.875 0.783 0.891 0.868 1.000 0.742 0.852 0.771 0.817 0.815 0.854 0.854 0.847 0.878 0.885 0.887 0.878 0.835 0.709 0.795 0.879 0.873 0.894 0.831 0.839 0.897 0.867 0.832 0.818 0.828 0.790 0.831 0.833 0.744 0.810 0.864 0.878 0.883 0.876 0.836 0.739 0.844 0.835 0.833 0.890 0.780 0.904 0.860 0.870 0.750 0.892 0.799 0.894 0.814 0.875 0.877 0.883 0.887 0.813 0.807 0.844 0.875 0.824 0.873 0.883 0.900 0.895 0.872 0.828 0.827 0.833 0.890 0.880 0.822 0.855 0.890 0.881 0.887 0.792 0.835 0.848 
0.728 0.727 0.755 0.694 0.683 0.650 0.696 0.751 0.571 0.734 0.730 0.611 0.694 0.754 0.718 0.728 0.740 0.702 0.742 1.000 0.722 0.729 0.694 0.668 0.770 0.730 0.699 0.719 0.719 0.706 0.686 0.759 0.560 0.687 0.713 0.714 0.759 0.745 0.686 0.745 0.728 0.674 0.677 0.697 0.701 0.685 0.673 0.704 0.701 0.719 0.712 0.739 0.744 0.710 0.609 0.702 0.679 0.680 0.746 0.718 0.718 0.701 0.686 0.588 0.722 0.678 0.738 0.668 0.719 0.725 0.728 0.728 0.760 0.662 0.708 0.704 0.654 0.711 0.712 0.728 0.737 0.705 0.665 0.677 0.672 0.718 0.718 0.661 0.700 0.722 0.705 0.730 0.650 0.691 0.756 
0.880 0.874 0.782 0.884 0.893 0.661 0.878 0.898 0.676 0.846 0.900 0.810 0.860 0.857 0.887 0.791 0.892 0.888 0.852 0.722 1.000 0.775 0.836 0.836 0.853 0.852 0.872 0.884 0.883 0.880 0.881 0.835 0.729 0.809 0.883 0.909 0.906 0.824 0.862 0.892 0.892 0.872 0.864 0.873 0.834 0.877 0.890 0.762 0.818 0.877 0.863 0.900 0.898 0.818 0.754 0.870 0.855 0.838 0.892 0.767 0.872 0.863 0.881 0.770 0.869 0.766 0.831 0.834 0.852 0.867 0.893 0.891 0.813 0.806 0.849 0.866 0.826 0.888 0.862 0.870 0.859 0.906 0.861 0.838 0.851 0.879 0.873 0.850 0.897 0.871 0.902 0.877 0.780 0.858 0.899 
0.785 0.784 0.823 0.778 0.749 0.696 0.745 0.792 0.574 0.760 0.788 0.671 0.807 0.785 0.759 0.761 0.798 0.757 0.771 0.729 0.775 1.000 0.736 0.729 0.836 0.753 0.773 0.812 0.754 0.794 0.731 0.768 0.607 0.740 0.746 0.765 0.790 0.828 0.747 0.801 0.790 0.733 0.759 0.775 0.760 0.771 0.745 0.679 0.750 0.784 0.770 0.801 0.796 0.758 0.643 0.759 0.753 0.719 0.790 0.688 0.790 0.774 0.746 0.663 0.785 0.720 0.778 0.723 0.762 0.797 0.794 0.794 0.736 0.725 0.763 0.787 0.706 0.756 0.776 0.778 0.743 0.756 0.731 0.725 0.752 0.780 0.772 0.757 0.770 0.784 0.749 0.782 0.707 0.770 0.792 
0.819 0.811 0.743 0.818 0.826 0.631 0.806 0.833 0.682 0.807 0.837 0.758 0.799 0.802 0.830 0.762 0.833 0.824 0.817 0.694 0.836 0.736 1.000 0.870 0.799 0.787 0.810 0.828 0.822 0.814 0.813 0.790 0.723 0.750 0.814 0.848 0.838 0.761 0.781 0.829 0.836 0.805 0.797 0.811 0.775 0.808 0.821 0.712 0.806 0.820 0.811 0.837 0.835 0.807 0.752 0.822 0.840 0.782 0.829 0.736 0.830 0.797 0.814 0.741 0.808 0.739 0.798 0.870 0.796 0.808 0.834 0.834 0.760 0.760 0.811 0.815 0.771 0.833 0.801 0.821 0.841 0.848 0.791 0.874 0.818 0.824 0.821 0.799 0.823 0.817 0.831 0.812 0.816 0.798 0.832 
0.831 0.820 0.736 0.843 0.825 0.597 0.823 0.839 0.714 0.795 0.854 0.765 0.825 0.804 0.829 0.788 0.842 0.827 0.815 0.668 0.836 0.729 0.870 1.000 0.799 0.808 0.815 0.851 0.836 0.839 0.828 0.750 0.707 0.748 0.820 0.852 0.842 0.772 0.792 0.838 0.849 0.822 0.811 0.809 0.774 0.823 0.819 0.708 0.839 0.834 0.814 0.836 0.842 0.753 0.801 0.814 0.821 0.788 0.838 0.736 0.833 0.808 0.835 0.738 0.823 0.716 0.785 0.928 0.814 0.804 0.853 0.854 0.766 0.788 0.816 0.847 0.778 0.843 0.815 0.826 0.809 0.837 0.812 0.943 0.807 0.825 0.830 0.810 0.831 0.822 0.845 0.820 0.885 0.802 0.819 
0.908 0.915 0.891 0.857 0.848 0.687 0.865 0.929 0.649 0.886 0.913 0.781 0.885 0.922 0.897 0.837 0.934 0.874 0.854 0.770 0.853 0.836 0.799 0.799 1.000 0.861 0.856 0.907 0.882 0.875 0.863 0.828 0.687 0.810 0.867 0.878 0.929 0.932 0.845 0.933 0.907 0.829 0.844 0.880 0.857 0.858 0.836 0.774 0.775 0.907 0.900 0.918 0.915 0.829 0.735 0.872 0.837 0.850 0.924 0.778 0.895 0.888 0.861 0.757 0.911 0.763 0.870 0.802 0.868 0.864 0.910 0.915 0.855 0.798 0.827 0.895 0.834 0.868 0.895 0.914 0.851 0.874 0.807 0.812 0.864 0.917 0.888 0.846 0.862 0.920 0.881 0.911 0.761 0.848 0.888 
0.878 0.873 0.786 0.849 0.837 0.677 0.838 0.897 0.648 0.859 0.876 0.758 0.852 0.861 0.861 0.763 0.900 0.843 0.854 0.730 0.852 0.753 0.787 0.808 0.861 1.000 0.841 0.895 0.856 0.870 0.846 0.831 0.688 0.805 0.850 0.870 0.906 0.826 0.846 0.891 0.896 0.841 0.851 0.854 0.815 0.864 0.833 0.745 0.768 0.886 0.888 0.896 0.896 0.834 0.726 0.865 0.818 0.842 0.891 0.762 0.893 0.855 0.874 0.729 0.876 0.746 0.835 0.800 0.834 0.859 0.903 0.903 0.790 0.794 0.811 0.908 0.822 0.884 0.887 0.891 0.873 0.861 0.827 0.810 0.848 0.889 0.888 0.842 0.855 0.880 0.856 0.871 0.744 0.831 0.887 
0.869 0.877 0.787 0.883 0.855 0.681 0.860 0.881 0.684 0.839 0.902 0.808 0.850 0.847 0.887 0.782 0.877 0.885 0.847 0.699 0.872 0.773 0.810 0.815 0.856 0.841 1.000 0.874 0.879 0.894 0.850 0.811 0.717 0.776 0.877 0.884 0.889 0.838 0.874 0.883 0.872 0.845 0.819 0.827 0.803 0.838 0.837 0.768 0.785 0.881 0.858 0.879 0.884 0.793 0.750 0.835 0.859 0.828 0.875 0.756 0.873 0.853 0.882 0.760 0.864 0.757 0.825 0.831 0.857 0.847 0.876 0.885 0.822 0.801 0.828 0.866 0.809 0.885 0.860 0.868 0.842 0.871 0.830 0.827 0.834 0.858 0.865 0.822 0.887 0.870 0.884 0.871 0.776 0.864 0.868 
0.918 0.932 0.839 0.917 0.876 0.651 0.886 0.944 0.687 0.898 0.920 0.823 0.934 0.905 0.900 0.817 0.934 0.894 0.878 0.719 0.884 0.812 0.828 0.851 0.907 0.895 0.874 1.000 0.905 0.899 0.880 0.834 0.727 0.824 0.893 0.920 0.944 0.884 0.863 0.950 0.956 0.899 0.906 0.894 0.853 0.931 0.871 0.766 0.800 0.956 0.909 0.937 0.947 0.856 0.757 0.907 0.868 0.875 0.941 0.785 0.921 0.900 0.902 0.788 0.918 0.771 0.891 0.852 0.875 0.893 0.973 0.973 0.840 0.858 0.863 0.927 0.869 0.928 0.921 0.921 0.877 0.899 0.862 0.852 0.903 0.933 0.910 0.892 0.892 0.935 0.907 0.933 0.793 0.855 0.924 
0.893 0.917 0.823 0.913 0.875 0.651 0.910 0.938 0.703 0.882 0.931 0.836 0.892 0.883 0.918 0.800 0.933 0.899 0.885 0.719 0.883 0.754 0.822 0.836 0.882 0.856 0.879 0.905 1.000 0.912 0.905 0.825 0.740 0.789 0.919 0.918 0.933 0.868 0.893 0.928 0.920 0.882 0.842 0.854 0.817 0.856 0.862 0.783 0.803 0.916 0.888 0.911 0.921 0.818 0.758 0.876 0.870 0.853 0.946 0.781 0.886 0.878 0.899 0.776 0.903 0.773 0.875 0.852 0.887 0.856 0.922 0.918 0.848 0.839 0.861 0.896 0.839 0.912 0.890 0.904 0.873 0.906 0.850 0.848 0.861 0.913 0.891 0.847 0.887 0.906 0.917 0.916 0.802 0.861 0.887 
0.878 0.884 0.805 0.886 0.870 0.668 0.893 0.912 0.682 0.860 0.920 0.812 0.856 0.875 0.905 0.799 0.912 0.887 0.887 0.706 0.880 0.794 0.814 0.839 0.875 0.870 0.894 0.899 0.912 1.000 0.893 0.805 0.716 0.785 0.894 0.905 0.906 0.844 0.884 0.902 0.902 0.872 0.844 0.844 0.810 0.849 0.848 0.771 0.809 0.887 0.883 0.901 0.898 0.818 0.761 0.874 0.864 0.841 0.905 0.775 0.897 0.863 0.910 0.756 0.893 0.764 0.851 0.841 0.879 0.861 0.912 0.907 0.835 0.830 0.851 0.899 0.820 0.902 0.882 0.894 0.861 0.890 0.844 0.857 0.843 0.899 0.898 0.838 0.903 0.890 0.899 0.887 0.783 0.892 0.874 
0.873 0.885 0.805 0.870 0.873 0.634 0.897 0.902 0.696 0.870 0.912 0.834 0.856 0.867 0.896 0.788 0.905 0.888 0.878 0.686 0.881 0.731 0.813 0.828 0.863 0.846 0.850 0.880 0.905 0.893 1.000 0.805 0.731 0.800 0.894 0.905 0.901 0.836 0.852 0.901 0.894 0.855 0.846 0.847 0.810 0.848 0.865 0.757 0.801 0.876 0.873 0.891 0.894 0.816 0.745 0.876 0.857 0.870 0.902 0.766 0.881 0.852 0.904 0.766 0.902 0.764 0.858 0.818 0.866 0.843 0.896 0.889 0.831 0.826 0.839 0.881 0.863 0.886 0.879 0.891 0.868 0.900 0.853 0.834 0.854 0.903 0.872 0.847 0.882 0.890 0.910 0.890 0.778 0.850 0.868 
0.836 0.840 0.789 0.811 0.798 0.665 0.801 0.857 0.612 0.836 0.840 0.739 0.822 0.825 0.832 0.713 0.870 0.819 0.835 0.759 0.835 0.768 0.790 0.750 0.828 0.831 0.811 0.834 0.825 0.805 0.805 1.000 0.662 0.784 0.814 0.826 0.865 0.790 0.798 0.849 0.847 0.780 0.794 0.823 0.782 0.804 0.793 0.706 0.773 0.845 0.835 0.856 0.852 0.851 0.686 0.818 0.773 0.792 0.854 0.741 0.829 0.827 0.803 0.705 0.846 0.746 0.836 0.762 0.791 0.832 0.836 0.839 0.759 0.748 0.794 0.825 0.780 0.815 0.833 0.845 0.836 0.826 0.780 0.765 0.810 0.847 0.841 0.788 0.800 0.842 0.816 0.838 0.740 0.792 0.860 
0.728 0.725 0.648 0.732 0.730 0.579 0.728 0.736 0.651 0.719 0.744 0.725 0.719 0.698 0.734 0.664 0.729 0.742 0.709 0.560 0.729 0.607 0.723 0.707 0.687 0.688 0.717 0.727 0.740 0.716 0.731 0.662 1.000 0.686 0.738 0.760 0.738 0.674 0.709 0.734 0.732 0.726 0.712 0.717 0.684 0.705 0.733 0.755 0.677 0.727 0.728 0.734 0.737 0.677 0.666 0.728 0.766 0.723 0.733 0.684 0.725 0.716 0.717 0.879 0.722 0.671 0.700 0.721 0.714 0.702 0.731 0.730 0.665 0.760 0.723 0.725 0.735 0.741 0.724 0.726 0.706 0.764 0.724 0.716 0.708 0.723 0.726 0.696 0.734 0.723 0.741 0.728 0.682 0.707 0.716 
0.833 0.816 0.788 0.815 0.832 0.676 0.807 0.832 0.606 0.832 0.823 0.732 0.823 0.809 0.814 0.720 0.833 0.813 0.795 0.687 0.809 0.740 0.750 0.748 0.810 0.805 0.776 0.824 0.789 0.785 0.800 0.784 0.686 1.000 0.818 0.822 0.841 0.767 0.795 0.832 0.829 0.780 0.872 0.899 0.861 0.826 0.857 0.710 0.749 0.815 0.853 0.845 0.839 0.793 0.660 0.828 0.799 0.782 0.824 0.734 0.817 0.814 0.781 0.715 0.835 0.756 0.836 0.748 0.765 0.826 0.819 0.816 0.741 0.757 0.769 0.798 0.784 0.804 0.836 0.837 0.808 0.821 0.794 0.750 0.813 0.828 0.812 0.789 0.793 0.828 0.812 0.838 0.715 0.783 0.833 
0.899 0.895 0.818 0.897 0.876 0.654 0.917 0.915 0.699 0.883 0.927 0.829 0.870 0.869 0.910 0.798 0.901 0.904 0.879 0.713 0.883 0.746 0.814 0.820 0.867 0.850 0.877 0.893 0.919 0.894 0.894 0.814 0.738 0.818 1.000 0.910 0.921 0.848 0.884 0.909 0.893 0.874 0.860 0.864 0.826 0.862 0.874 0.792 0.810 0.888 0.888 0.908 0.921 0.819 0.744 0.880 0.856 0.847 0.910 0.776 0.892 0.877 0.898 0.776 0.908 0.767 0.872 0.825 0.874 0.859 0.896 0.900 0.836 0.824 0.834 0.872 0.844 0.903 0.892 0.898 0.867 0.902 0.855 0.836 0.854 0.890 0.892 0.846 0.884 0.900 0.914 0.943 0.789 0.861 0.874 
0.895 0.901 0.808 0.921 0.916 0.665 0.897 0.923 0.685 0.877 0.929 0.840 0.886 0.879 0.915 0.807 0.916 0.910 0.873 0.714 0.909 0.765 0.848 0.852 0.878 0.870 0.884 0.920 0.918 0.905 0.905 0.826 0.760 0.822 0.910 1.000 0.929 0.852 0.883 0.919 0.940 0.895 0.901 0.899 0.859 0.902 0.913 0.798 0.807 0.918 0.889 0.915 0.924 0.831 0.763 0.922 0.883 0.867 0.922 0.780 0.888 0.872 0.904 0.800 0.886 0.793 0.858 0.853 0.875 0.855 0.927 0.926 0.844 0.853 0.866 0.898 0.848 0.930 0.884 0.895 0.887 0.974 0.876 0.854 0.880 0.897 0.896 0.865 0.964 0.899 0.930 0.900 0.789 0.902 0.912 
0.949 0.967 0.873 0.907 0.890 0.664 0.909 0.992 0.692 0.935 0.943 0.830 0.918 0.925 0.921 0.819 0.961 0.918 0.894 0.759 0.906 0.790 0.838 0.842 0.929 0.906 0.889 0.944 0.933 0.906 0.901 0.865 0.738 0.841 0.921 0.929 1.000 0.918 0.897 0.985 0.959 0.878 0.896 0.911 0.869 0.903 0.881 0.794 0.824 0.947 0.931 0.962 0.969 0.856 0.771 0.918 0.871 0.900 0.986 0.813 0.938 0.923 0.901 0.800 0.943 0.786 0.922 0.850 0.897 0.898 0.954 0.954 0.855 0.833 0.869 0.923 0.881 0.914 0.928 0.947 0.890 0.917 0.854 0.857 0.895 0.937 0.937 0.882 0.899 0.955 0.921 0.960 0.799 0.874 0.936 
0.882 0.944 0.928 0.851 0.817 0.690 0.840 0.919 0.662 0.882 0.880 0.781 0.875 0.886 0.872 0.817 0.890 0.851 0.831 0.745 0.824 0.828 0.761 0.772 0.932 0.826 0.838 0.884 0.868 0.844 0.836 0.790 0.674 0.767 0.848 0.852 0.918 1.000 0.834 0.933 0.883 0.801 0.825 0.835 0.816 0.834 0.805 0.763 0.749 0.889 0.856 0.883 0.890 0.787 0.704 0.844 0.829 0.835 0.915 0.754 0.870 0.876 0.834 0.739 0.884 0.733 0.875 0.779 0.852 0.836 0.886 0.892 0.829 0.785 0.804 0.863 0.817 0.845 0.863 0.878 0.813 0.839 0.789 0.783 0.850 0.875 0.857 0.832 0.831 0.905 0.868 0.902 0.752 0.812 0.862 
0.863 0.885 0.786 0.903 0.848 0.680 0.860 0.889 0.673 0.843 0.900 0.801 0.872 0.848 0.886 0.763 0.877 0.890 0.839 0.686 0.862 0.747 0.781 0.792 0.845 0.846 0.874 0.863 0.893 0.884 0.852 0.798 0.709 0.795 0.884 0.883 0.897 0.834 1.000 0.881 0.867 0.848 0.825 0.843 0.809 0.832 0.845 0.773 0.770 0.877 0.869 0.880 0.882 0.796 0.720 0.838 0.833 0.815 0.883 0.755 0.850 0.859 0.868 0.753 0.855 0.758 0.826 0.821 0.846 0.822 0.865 0.865 0.803 0.799 0.815 0.854 0.810 0.872 0.875 0.859 0.845 0.870 0.827 0.809 0.829 0.853 0.854 0.808 0.868 0.869 0.880 0.871 0.766 0.855 0.849 
0.948 0.982 0.889 0.901 0.883 0.653 0.904 0.986 0.681 0.942 0.948 0.829 0.928 0.929 0.920 0.821 0.957 0.909 0.897 0.745 0.892 0.801 0.829 0.838 0.933 0.891 0.883 0.950 0.928 0.902 0.901 0.849 0.734 0.832 0.909 0.919 0.985 0.933 0.881 1.000 0.949 0.867 0.887 0.901 0.859 0.900 0.873 0.779 0.814 0.949 0.922 0.949 0.957 0.853 0.764 0.910 0.870 0.893 0.982 0.807 0.936 0.926 0.895 0.799 0.948 0.778 0.937 0.841 0.899 0.902 0.952 0.957 0.858 0.844 0.868 0.927 0.877 0.912 0.929 0.943 0.880 0.907 0.851 0.848 0.898 0.941 0.922 0.892 0.889 0.960 0.924 0.964 0.800 0.862 0.929 
0.915 0.931 0.838 0.910 0.885 0.650 0.894 0.959 0.680 0.898 0.914 0.827 0.916 0.905 0.903 0.801 0.953 0.903 0.867 0.728 0.892 0.790 0.836 0.849 0.907 0.896 0.872 0.956 0.920 0.902 0.894 0.847 0.732 0.829 0.893 0.940 0.959 0.883 0.867 0.949 1.000 0.883 0.909 0.903 0.862 0.910 0.878 0.780 0.806 0.951 0.916 0.943 0.954 0.852 0.753 0.924 0.869 0.884 0.963 0.790 0.912 0.891 0.895 0.786 0.915 0.778 0.888 0.845 0.868 0.874 0.967 0.958 0.840 0.849 0.873 0.926 0.865 0.915 0.906 0.923 0.883 0.913 0.849 0.849 0.905 0.928 0.914 0.883 0.903 0.932 0.909 0.924 0.789 0.860 0.943 
0.862 0.850 0.761 0.886 0.865 0.661 0.851 0.877 0.670 0.831 0.882 0.804 0.843 0.829 0.872 0.777 0.869 0.862 0.832 0.674 0.872 0.733 0.805 0.822 0.829 0.841 0.845 0.899 0.882 0.872 0.855 0.780 0.726 0.780 0.874 0.895 0.878 0.801 0.848 0.867 0.883 1.000 0.862 0.852 0.812 0.893 0.866 0.744 0.781 0.874 0.846 0.867 0.878 0.794 0.724 0.847 0.851 0.810 0.876 0.740 0.852 0.834 0.870 0.754 0.838 0.762 0.813 0.815 0.831 0.822 0.898 0.897 0.794 0.806 0.826 0.855 0.801 0.906 0.845 0.847 0.849 0.874 0.856 0.827 0.839 0.859 0.858 0.858 0.867 0.854 0.881 0.856 0.767 0.846 0.865 
0.880 0.872 0.788 0.884 0.906 0.633 0.848 0.887 0.669 0.859 0.863 0.793 0.878 0.842 0.849 0.772 0.872 0.858 0.818 0.677 0.864 0.759 0.797 0.811 0.844 0.851 0.819 0.906 0.842 0.844 0.846 0.794 0.712 0.872 0.860 0.901 0.896 0.825 0.825 0.887 0.909 0.862 1.000 0.959 0.920 0.925 0.931 0.748 0.789 0.888 0.872 0.888 0.898 0.815 0.703 0.908 0.829 0.842 0.880 0.739 0.873 0.861 0.848 0.767 0.862 0.766 0.840 0.800 0.809 0.836 0.902 0.899 0.785 0.819 0.813 0.859 0.836 0.873 0.869 0.869 0.829 0.877 0.861 0.807 0.879 0.873 0.877 0.869 0.868 0.873 0.877 0.887 0.749 0.840 0.880 
0.903 0.883 0.791 0.882 0.924 0.635 0.856 0.901 0.639 0.866 0.890 0.788 0.894 0.877 0.872 0.777 0.904 0.874 0.828 0.697 0.873 0.775 0.811 0.809 0.880 0.854 0.827 0.894 0.854 0.844 0.847 0.823 0.717 0.899 0.864 0.899 0.911 0.835 0.843 0.901 0.903 0.852 0.959 1.000 0.958 0.912 0.949 0.751 0.789 0.885 0.895 0.915 0.908 0.831 0.715 0.902 0.831 0.840 0.894 0.759 0.875 0.877 0.829 0.775 0.879 0.780 0.839 0.804 0.830 0.846 0.889 0.886 0.804 0.817 0.818 0.862 0.836 0.862 0.883 0.892 0.838 0.897 0.860 0.803 0.879 0.890 0.879 0.861 0.870 0.891 0.878 0.890 0.772 0.855 0.874 
0.862 0.844 0.772 0.845 0.884 0.636 0.819 0.859 0.628 0.827 0.850 0.761 0.855 0.835 0.834 0.769 0.863 0.836 0.790 0.701 0.834 0.760 0.775 0.774 0.857 0.815 0.803 0.853 0.817 0.810 0.810 0.782 0.684 0.861 0.826 0.859 0.869 0.816 0.809 0.859 0.862 0.812 0.920 0.958 1.000 0.871 0.911 0.779 0.754 0.846 0.857 0.873 0.866 0.791 0.688 0.861 0.808 0.806 0.853 0.746 0.836 0.837 0.794 0.740 0.839 0.797 0.800 0.768 0.822 0.808 0.848 0.845 0.807 0.795 0.796 0.824 0.807 0.823 0.843 0.853 0.799 0.858 0.829 0.768 0.841 0.850 0.838 0.821 0.840 0.851 0.840 0.850 0.737 0.823 0.833 
0.899 0.882 0.789 0.890 0.889 0.644 0.853 0.896 0.669 0.859 0.878 0.802 0.889 0.856 0.858 0.787 0.887 0.860 0.831 0.685 0.877 0.771 0.808 0.823 0.858 0.864 0.838 0.931 0.856 0.849 0.848 0.804 0.705 0.826 0.862 0.902 0.903 0.834 0.832 0.900 0.910 0.893 0.925 0.912 0.871 1.000 0.895 0.745 0.782 0.901 0.878 0.897 0.907 0.817 0.722 0.895 0.839 0.851 0.894 0.750 0.887 0.872 0.855 0.774 0.865 0.768 0.841 0.810 0.821 0.853 0.922 0.928 0.806 0.827 0.811 0.879 0.849 0.902 0.884 0.881 0.847 0.880 0.925 0.816 0.891 0.888 0.884 0.888 0.874 0.883 0.886 0.892 0.762 0.861 0.890 
0.862 0.855 0.762 0.896 0.937 0.633 0.857 0.872 0.659 0.836 0.897 0.806 0.870 0.840 0.872 0.775 0.869 0.878 0.833 0.673 0.890 0.745 0.821 0.819 0.836 0.833 0.837 0.871 0.862 0.848 0.865 0.793 0.733 0.857 0.874 0.913 0.881 0.805 0.845 0.873 0.878 0.866 0.931 0.949 0.911 0.895 1.000 0.751 0.780 0.861 0.862 0.883 0.882 0.803 0.724 0.874 0.844 0.823 0.866 0.739 0.852 0.841 0.852 0.759 0.847 0.780 0.814 0.810 0.830 0.822 0.866 0.864 0.803 0.820 0.817 0.837 0.825 0.878 0.855 0.863 0.853 0.940 0.873 0.805 0.863 0.859 0.847 0.845 0.886 0.858 0.892 0.861 0.770 0.862 0.851 
0.764 0.768 0.737 0.761 0.761 0.675 0.774 0.787 0.646 0.759 0.778 0.738 0.743 0.793 0.774 0.734 0.776 0.775 0.744 0.704 0.762 0.679 0.712 0.708 0.774 0.745 0.768 0.766 0.783 0.771 0.757 0.706 0.755 0.710 0.792 0.798 0.794 0.763 0.773 0.779 0.780 0.744 0.748 0.751 0.779 0.745 0.751 1.000 0.692 0.764 0.780 0.775 0.781 0.711 0.655 0.762 0.790 0.759 0.784 0.737 0.767 0.746 0.763 0.794 0.769 0.724 0.744 0.720 0.776 0.729 0.772 0.771 0.791 0.769 0.748 0.766 0.756 0.771 0.773 0.768 0.743 0.791 0.751 0.726 0.745 0.763 0.771 0.729 0.784 0.767 0.776 0.787 0.679 0.765 0.759 
0.813 0.796 0.739 0.790 0.789 0.604 0.807 0.818 0.658 0.789 0.823 0.738 0.777 0.780 0.801 0.737 0.820 0.806 0.810 0.701 0.818 0.750 0.806 0.839 0.775 0.768 0.785 0.800 0.803 0.809 0.801 0.773 0.677 0.749 0.810 0.807 0.824 0.749 0.770 0.814 0.806 0.781 0.789 0.789 0.754 0.782 0.780 0.692 1.000 0.788 0.795 0.819 0.820 0.754 0.743 0.801 0.773 0.770 0.815 0.720 0.824 0.798 0.793 0.718 0.819 0.724 0.789 0.813 0.787 0.797 0.807 0.808 0.741 0.744 0.787 0.792 0.755 0.790 0.799 0.809 0.781 0.798 0.775 0.848 0.773 0.802 0.820 0.788 0.785 0.803 0.808 0.815 0.820 0.779 0.800 
0.916 0.939 0.839 0.922 0.868 0.650 0.877 0.945 0.698 0.897 0.918 0.829 0.936 0.906 0.900 0.805 0.933 0.899 0.864 0.719 0.877 0.784 0.820 0.834 0.907 0.886 0.881 0.956 0.916 0.887 0.876 0.845 0.727 0.815 0.888 0.918 0.947 0.889 0.877 0.949 0.951 0.874 0.888 0.885 0.846 0.901 0.861 0.764 0.788 1.000 0.901 0.931 0.947 0.836 0.752 0.901 0.860 0.878 0.941 0.787 0.908 0.900 0.890 0.786 0.913 0.761 0.886 0.859 0.877 0.878 0.954 0.954 0.837 0.842 0.860 0.915 0.861 0.910 0.907 0.915 0.872 0.894 0.851 0.840 0.893 0.920 0.899 0.876 0.884 0.930 0.907 0.929 0.783 0.842 0.923 
0.911 0.904 0.818 0.868 0.862 0.655 0.883 0.925 0.659 0.882 0.914 0.797 0.884 0.900 0.885 0.783 0.936 0.892 0.878 0.712 0.863 0.770 0.811 0.814 0.900 0.888 0.858 0.909 0.888 0.883 0.873 0.835 0.728 0.853 0.888 0.889 0.931 0.856 0.869 0.922 0.916 0.846 0.872 0.895 0.857 0.878 0.862 0.780 0.795 0.901 1.000 0.932 0.926 0.859 0.740 0.889 0.840 0.862 0.920 0.782 0.926 0.890 0.871 0.788 0.913 0.774 0.879 0.817 0.856 0.904 0.917 0.922 0.826 0.816 0.828 0.920 0.861 0.880 0.951 0.960 0.867 0.891 0.844 0.825 0.876 0.930 0.912 0.845 0.860 0.922 0.883 0.911 0.766 0.846 0.892 
0.931 0.932 0.838 0.900 0.895 0.652 0.894 0.957 0.676 0.904 0.932 0.822 0.921 0.923 0.914 0.810 0.953 0.908 0.883 0.739 0.900 0.801 0.837 0.836 0.918 0.896 0.879 0.937 0.911 0.901 0.891 0.856 0.734 0.845 0.908 0.915 0.962 0.883 0.880 0.949 0.943 0.867 0.888 0.915 0.873 0.897 0.883 0.775 0.819 0.931 0.932 1.000 0.974 0.853 0.763 0.910 0.864 0.884 0.951 0.807 0.932 0.908 0.888 0.792 0.933 0.785 0.887 0.850 0.887 0.893 0.945 0.944 0.874 0.834 0.860 0.919 0.868 0.902 0.931 0.941 0.884 0.914 0.854 0.847 0.894 0.936 0.923 0.877 0.892 0.939 0.906 0.935 0.798 0.865 0.916 
0.935 0.939 0.845 0.916 0.886 0.656 0.897 0.964 0.690 0.908 0.931 0.826 0.921 0.913 0.910 0.813 0.950 0.911 0.876 0.744 0.898 0.796 0.835 0.842 0.915 0.896 0.884 0.947 0.921 0.898 0.894 0.852 0.737 0.839 0.921 0.924 0.969 0.890 0.882 0.957 0.954 0.878 0.898 0.908 0.866 0.907 0.882 0.781 0.820 0.947 0.926 0.974 1.000 0.847 0.758 0.922 0.868 0.889 0.958 0.800 0.922 0.910 0.895 0.794 0.930 0.783 0.894 0.853 0.877 0.884 0.955 0.954 0.849 0.834 0.865 0.917 0.877 0.913 0.921 0.934 0.887 0.911 0.853 0.849 0.897 0.929 0.919 0.885 0.895 0.939 0.922 0.947 0.797 0.860 0.927 
0.839 0.835 0.779 0.804 0.796 0.661 0.820 0.855 0.601 0.849 0.838 0.740 0.827 0.826 0.827 0.724 0.864 0.815 0.836 0.710 0.818 0.758 0.807 0.753 0.829 0.834 0.793 0.856 0.818 0.818 0.816 0.851 0.677 0.793 0.819 0.831 0.856 0.787 0.796 0.853 0.852 0.794 0.815 0.831 0.791 0.817 0.803 0.711 0.754 0.836 0.859 0.853 0.847 1.000 0.682 0.837 0.804 0.790 0.851 0.732 0.856 0.820 0.811 0.718 0.844 0.751 0.841 0.754 0.786 0.845 0.851 0.845 0.754 0.764 0.781 0.840 0.792 0.828 0.855 0.861 0.823 0.832 0.785 0.765 0.816 0.863 0.846 0.790 0.806 0.849 0.813 0.843 0.724 0.789 0.847 
0.757 0.746 0.667 0.740 0.745 0.550 0.749 0.765 0.715 0.721 0.778 0.701 0.726 0.737 0.759 0.726 0.761 0.757 0.739 0.609 0.754 0.643 0.752 0.801 0.735 0.726 0.750 0.757 0.758 0.761 0.745 0.686 0.666 0.660 0.744 0.763 0.771 0.704 0.720 0.764 0.753 0.724 0.703 0.715 0.688 0.722 0.724 0.655 0.743 0.752 0.740 0.763 0.758 0.682 1.000 0.731 0.751 0.719 0.758 0.725 0.766 0.734 0.753 0.696 0.747 0.645 0.711 0.798 0.753 0.732 0.757 0.762 0.701 0.714 0.738 0.756 0.702 0.754 0.744 0.757 0.730 0.758 0.728 0.794 0.718 0.755 0.753 0.710 0.746 0.746 0.759 0.746 0.755 0.731 0.737 
0.892 0.892 0.806 0.871 0.876 0.642 0.872 0.915 0.658 0.876 0.888 0.802 0.875 0.871 0.875 0.774 0.914 0.874 0.844 0.702 0.870 0.759 0.822 0.814 0.872 0.865 0.835 0.907 0.876 0.874 0.876 0.818 0.728 0.828 0.880 0.922 0.918 0.844 0.838 0.910 0.924 0.847 0.908 0.902 0.861 0.895 0.874 0.762 0.801 0.901 0.889 0.910 0.922 0.837 0.731 1.000 0.852 0.862 0.915 0.765 0.890 0.870 0.861 0.772 0.891 0.768 0.860 0.805 0.835 0.851 0.919 0.914 0.815 0.827 0.838 0.891 0.847 0.884 0.890 0.893 0.848 0.908 0.851 0.823 0.877 0.906 0.904 0.863 0.891 0.897 0.890 0.904 0.765 0.851 0.891 
0.856 0.857 0.799 0.866 0.853 0.765 0.853 0.870 0.716 0.842 0.876 0.829 0.845 0.843 0.869 0.793 0.862 0.854 0.835 0.679 0.855 0.753 0.840 0.821 0.837 0.818 0.859 0.868 0.870 0.864 0.857 0.773 0.766 0.799 0.856 0.883 0.871 0.829 0.833 0.870 0.869 0.851 0.829 0.831 0.808 0.839 0.844 0.790 0.773 0.860 0.840 0.864 0.868 0.804 0.751 0.852 1.000 0.834 0.867 0.767 0.853 0.835 0.862 0.784 0.845 0.782 0.827 0.829 0.850 0.823 0.874 0.869 0.808 0.815 0.823 0.852 0.836 0.877 0.837 0.846 0.836 0.873 0.827 0.830 0.834 0.854 0.851 0.832 0.865 0.852 0.878 0.853 0.774 0.836 0.847 
0.872 0.884 0.789 0.843 0.834 0.635 0.849 0.893 0.675 0.857 0.869 0.898 0.855 0.855 0.860 0.767 0.882 0.844 0.833 0.680 0.838 0.719 0.782 0.788 0.850 0.842 0.828 0.875 0.853 0.841 0.870 0.792 0.723 0.782 0.847 0.867 0.900 0.835 0.815 0.893 0.884 0.810 0.842 0.840 0.806 0.851 0.823 0.759 0.770 0.878 0.862 0.884 0.889 0.790 0.719 0.862 0.834 1.000 0.889 0.753 0.877 0.857 0.848 0.777 0.879 0.744 0.835 0.788 0.828 0.839 0.887 0.888 0.801 0.799 0.803 0.869 0.913 0.853 0.862 0.879 0.831 0.858 0.816 0.805 0.855 0.872 0.869 0.838 0.840 0.877 0.869 0.879 0.742 0.813 0.864 
0.936 0.964 0.871 0.898 0.875 0.659 0.908 0.991 0.679 0.931 0.935 0.831 0.917 0.920 0.918 0.813 0.975 0.908 0.890 0.746 0.892 0.790 0.829 0.838 0.924 0.891 0.875 0.941 0.946 0.905 0.902 0.854 0.733 0.824 0.910 0.922 0.986 0.915 0.883 0.982 0.963 0.876 0.880 0.894 0.853 0.894 0.866 0.784 0.815 0.941 0.920 0.951 0.958 0.851 0.758 0.915 0.867 0.889 1.000 0.804 0.923 0.914 0.895 0.793 0.944 0.780 0.919 0.839 0.892 0.890 0.959 0.955 0.857 0.841 0.873 0.930 0.871 0.910 0.920 0.937 0.881 0.910 0.845 0.850 0.893 0.940 0.926 0.886 0.893 0.956 0.916 0.952 0.798 0.863 0.929 
0.790 0.794 0.740 0.762 0.756 0.605 0.776 0.808 0.671 0.766 0.804 0.723 0.765 0.801 0.791 0.735 0.807 0.775 0.780 0.718 0.767 0.688 0.736 0.736 0.778 0.762 0.756 0.785 0.781 0.775 0.766 0.741 0.684 0.734 0.776 0.780 0.813 0.754 0.755 0.807 0.790 0.740 0.739 0.759 0.746 0.750 0.739 0.737 0.720 0.787 0.782 0.807 0.800 0.732 0.725 0.765 0.767 0.753 0.804 1.000 0.788 0.777 0.759 0.721 0.795 0.697 0.778 0.747 0.780 0.770 0.794 0.796 0.779 0.782 0.773 0.779 0.733 0.780 0.785 0.793 0.765 0.773 0.765 0.755 0.755 0.793 0.782 0.741 0.757 0.797 0.779 0.792 0.709 0.735 0.784 
0.937 0.918 0.829 0.869 0.860 0.639 0.899 0.931 0.697 0.903 0.919 0.812 0.889 0.897 0.888 0.814 0.924 0.884 0.904 0.718 0.872 0.790 0.830 0.833 0.895 0.893 0.873 0.921 0.886 0.897 0.881 0.829 0.725 0.817 0.892 0.888 0.938 0.870 0.850 0.936 0.912 0.852 0.873 0.875 0.836 0.887 0.852 0.767 0.824 0.908 0.926 0.932 0.922 0.856 0.766 0.890 0.853 0.877 0.923 0.788 1.000 0.910 0.887 0.793 0.929 0.763 0.895 0.827 0.889 0.929 0.921 0.933 0.840 0.830 0.835 0.918 0.867 0.892 0.930 0.948 0.867 0.886 0.861 0.850 0.881 0.925 0.945 0.875 0.869 0.926 0.885 0.930 0.789 0.858 0.894 
0.934 0.930 0.823 0.872 0.843 0.632 0.879 0.919 0.675 0.897 0.918 0.807 0.895 0.883 0.891 0.789 0.918 0.870 0.860 0.701 0.863 0.774 0.797 0.808 0.888 0.855 0.853 0.900 0.878 0.863 0.852 0.827 0.716 0.814 0.877 0.872 0.923 0.876 0.859 0.926 0.891 0.834 0.861 0.877 0.837 0.872 0.841 0.746 0.798 0.900 0.890 0.908 0.910 0.820 0.734 0.870 0.835 0.857 0.914 0.777 0.910 1.000 0.849 0.790 0.918 0.761 0.866 0.812 0.875 0.888 0.893 0.904 0.818 0.816 0.823 0.888 0.845 0.864 0.896 0.908 0.839 0.862 0.849 0.819 0.902 0.897 0.892 0.869 0.846 0.917 0.891 0.922 0.793 0.834 0.873 
0.867 0.878 0.801 0.880 0.865 0.663 0.886 0.899 0.707 0.863 0.906 0.818 0.857 0.864 0.899 0.798 0.890 0.885 0.870 0.686 0.881 0.746 0.814 0.835 0.861 0.874 0.882 0.902 0.899 0.910 0.904 0.803 0.717 0.781 0.898 0.904 0.901 0.834 0.868 0.895 0.895 0.870 0.848 0.829 0.794 0.855 0.852 0.763 0.793 0.890 0.871 0.888 0.895 0.811 0.753 0.861 0.862 0.848 0.895 0.759 0.887 0.849 1.000 0.755 0.891 0.755 0.853 0.830 0.861 0.847 0.910 0.911 0.825 0.825 0.847 0.901 0.834 0.907 0.876 0.879 0.874 0.890 0.844 0.848 0.854 0.893 0.886 0.854 0.893 0.888 0.909 0.894 0.769 0.852 0.874 
0.819 0.791 0.700 0.769 0.759 0.573 0.781 0.796 0.683 0.769 0.793 0.779 0.779 0.762 0.774 0.720 0.792 0.787 0.750 0.588 0.770 0.663 0.741 0.738 0.757 0.729 0.760 0.788 0.776 0.756 0.766 0.705 0.879 0.715 0.776 0.800 0.800 0.739 0.753 0.799 0.786 0.754 0.767 0.775 0.740 0.774 0.759 0.794 0.718 0.786 0.788 0.792 0.794 0.718 0.696 0.772 0.784 0.777 0.793 0.721 0.793 0.790 0.755 1.000 0.789 0.695 0.751 0.747 0.760 0.760 0.786 0.790 0.711 0.811 0.769 0.785 0.796 0.768 0.791 0.790 0.732 0.793 0.780 0.753 0.771 0.785 0.789 0.766 0.774 0.789 0.784 0.794 0.712 0.752 0.762 
0.927 0.933 0.854 0.867 0.859 0.641 0.914 0.945 0.682 0.928 0.935 0.822 0.901 0.909 0.912 0.804 0.954 0.889 0.892 0.722 0.869 0.785 0.808 0.823 0.911 0.876 0.864 0.918 0.903 0.893 0.902 0.846 0.722 0.835 0.908 0.886 0.943 0.884 0.855 0.948 0.915 0.838 0.862 0.879 0.839 0.865 0.847 0.769 0.819 0.913 0.913 0.933 0.930 0.844 0.747 0.891 0.845 0.879 0.944 0.795 0.929 0.918 0.891 0.789 1.000 0.762 0.904 0.818 0.891 0.893 0.919 0.928 0.849 0.834 0.846 0.918 0.866 0.881 0.928 0.940 0.860 0.886 0.845 0.841 0.884 0.931 0.919 0.875 0.862 0.948 0.903 0.951 0.791 0.848 0.892 
0.764 0.763 0.750 0.778 0.774 0.650 0.771 0.782 0.592 0.770 0.788 0.725 0.767 0.740 0.772 0.707 0.784 0.770 0.799 0.678 0.766 0.720 0.739 0.716 0.763 0.746 0.757 0.771 0.773 0.764 0.764 0.746 0.671 0.756 0.767 0.793 0.786 0.733 0.758 0.778 0.778 0.762 0.766 0.780 0.797 0.768 0.780 0.724 0.724 0.761 0.774 0.785 0.783 0.751 0.645 0.768 0.782 0.744 0.780 0.697 0.763 0.761 0.755 0.695 0.762 1.000 0.781 0.720 0.779 0.731 0.778 0.772 0.754 0.728 0.761 0.762 0.733 0.775 0.763 0.765 0.793 0.789 0.758 0.719 0.753 0.768 0.764 0.747 0.780 0.760 0.780 0.761 0.683 0.773 0.754 
0.886 0.924 0.930 0.840 0.823 0.664 0.878 0.923 0.653 0.915 0.887 0.779 0.865 0.869 0.868 0.772 0.894 0.858 0.894 0.738 0.831 0.778 0.798 0.785 0.870 0.835 0.825 0.891 0.875 0.851 0.858 0.836 0.700 0.836 0.872 0.858 0.922 0.875 0.826 0.937 0.888 0.813 0.840 0.839 0.800 0.841 0.814 0.744 0.789 0.886 0.879 0.887 0.894 0.841 0.711 0.860 0.827 0.835 0.919 0.778 0.895 0.866 0.853 0.751 0.904 0.781 1.000 0.787 0.842 0.855 0.893 0.899 0.801 0.793 0.836 0.868 0.830 0.854 0.888 0.897 0.872 0.847 0.804 0.800 0.850 0.896 0.874 0.837 0.827 0.909 0.867 0.924 0.760 0.804 0.867 
0.821 0.830 0.738 0.862 0.825 0.609 0.815 0.844 0.719 0.799 0.854 0.774 0.837 0.809 0.838 0.777 0.839 0.845 0.814 0.668 0.834 0.723 0.870 0.928 0.802 0.800 0.831 0.852 0.852 0.841 0.818 0.762 0.721 0.748 0.825 0.853 0.850 0.779 0.821 0.841 0.845 0.815 0.800 0.804 0.768 0.810 0.810 0.720 0.813 0.859 0.817 0.850 0.853 0.754 0.798 0.805 0.829 0.788 0.839 0.747 0.827 0.812 0.830 0.747 0.818 0.720 0.787 1.000 0.816 0.800 0.850 0.848 0.771 0.786 0.811 0.824 0.771 0.840 0.813 0.823 0.809 0.837 0.806 0.926 0.805 0.824 0.821 0.785 0.834 0.824 0.843 0.825 0.847 0.802 0.819 
0.884 0.886 0.808 0.852 0.849 0.647 0.877 0.895 0.682 0.858 0.914 0.804 0.855 0.856 0.877 0.817 0.892 0.862 0.875 0.719 0.852 0.762 0.796 0.814 0.868 0.834 0.857 0.875 0.887 0.879 0.866 0.791 0.714 0.765 0.874 0.875 0.897 0.852 0.846 0.899 0.868 0.831 0.809 0.830 0.822 0.821 0.830 0.776 0.787 0.877 0.856 0.887 0.877 0.786 0.753 0.835 0.850 0.828 0.892 0.780 0.889 0.875 0.861 0.760 0.891 0.779 0.842 0.816 1.000 0.858 0.875 0.877 0.853 0.829 0.838 0.865 0.813 0.868 0.868 0.883 0.836 0.868 0.824 0.825 0.829 0.868 0.874 0.825 0.857 0.880 0.877 0.882 0.782 0.839 0.845 
0.901 0.884 0.794 0.837 0.825 0.648 0.862 0.895 0.657 0.866 0.899 0.784 0.860 0.865 0.854 0.785 0.891 0.853 0.877 0.725 0.867 0.797 0.808 0.804 0.864 0.859 0.847 0.893 0.856 0.861 0.843 0.832 0.702 0.826 0.859 0.855 0.898 0.836 0.822 0.902 0.874 0.822 0.836 0.846 0.808 0.853 0.822 0.729 0.797 0.878 0.904 0.893 0.884 0.845 0.732 0.851 0.823 0.839 0.890 0.770 0.929 0.888 0.847 0.760 0.893 0.731 0.855 0.800 0.858 1.000 0.888 0.900 0.803 0.803 0.811 0.886 0.836 0.865 0.903 0.923 0.829 0.851 0.827 0.813 0.854 0.894 0.893 0.842 0.835 0.896 0.859 0.903 0.757 0.820 0.904 
0.914 0.934 0.841 0.908 0.880 0.655 0.898 0.957 0.692 0.899 0.916 0.827 0.918 0.908 0.908 0.811 0.951 0.896 0.883 0.728 0.893 0.794 0.834 0.853 0.910 0.903 0.876 0.973 0.922 0.912 0.896 0.836 0.731 0.819 0.896 0.927 0.954 0.886 0.865 0.952 0.967 0.898 0.902 0.889 0.848 0.922 0.866 0.772 0.807 0.954 0.917 0.945 0.955 0.851 0.757 0.919 0.874 0.887 0.959 0.794 0.921 0.893 0.910 0.786 0.919 0.778 0.893 0.850 0.875 0.888 1.000 0.979 0.846 0.851 0.877 0.937 0.870 0.933 0.917 0.927 0.887 0.906 0.855 0.858 0.899 0.953 0.919 0.895 0.899 0.937 0.916 0.928 0.789 0.857 0.934 
0.926 0.940 0.847 0.910 0.880 0.655 0.896 0.954 0.688 0.908 0.927 0.832 0.918 0.913 0.917 0.817 0.948 0.900 0.887 0.728 0.891 0.794 0.834 0.854 0.915 0.903 0.885 0.973 0.918 0.907 0.889 0.839 0.730 0.816 0.900 0.926 0.954 0.892 0.865 0.957 0.958 0.897 0.899 0.886 0.845 0.928 0.864 0.771 0.808 0.954 0.922 0.944 0.954 0.845 0.762 0.914 0.869 0.888 0.955 0.796 0.933 0.904 0.911 0.790 0.928 0.772 0.899 0.848 0.877 0.900 0.979 1.000 0.863 0.852 0.868 0.947 0.874 0.945 0.930 0.938 0.890 0.905 0.861 0.860 0.912 0.943 0.924 0.899 0.898 0.945 0.915 0.940 0.787 0.859 0.934 
0.836 0.846 0.787 0.825 0.821 0.620 0.833 0.853 0.643 0.820 0.867 0.781 0.826 0.873 0.856 0.800 0.859 0.832 0.813 0.760 0.813 0.736 0.760 0.766 0.855 0.790 0.822 0.840 0.848 0.835 0.831 0.759 0.665 0.741 0.836 0.844 0.855 0.829 0.803 0.858 0.840 0.794 0.785 0.804 0.807 0.806 0.803 0.791 0.741 0.837 0.826 0.874 0.849 0.754 0.701 0.815 0.808 0.801 0.857 0.779 0.840 0.818 0.825 0.711 0.849 0.754 0.801 0.771 0.853 0.803 0.846 0.863 1.000 0.818 0.798 0.833 0.783 0.848 0.844 0.846 0.804 0.843 0.810 0.779 0.815 0.844 0.833 0.797 0.830 0.852 0.841 0.847 0.731 0.810 0.817 
0.830 0.836 0.743 0.837 0.818 0.586 0.828 0.836 0.704 0.810 0.850 0.801 0.838 0.818 0.833 0.779 0.844 0.820 0.807 0.662 0.806 0.725 0.760 0.788 0.798 0.794 0.801 0.858 0.839 0.830 0.826 0.748 0.760 0.757 0.824 0.853 0.833 0.785 0.799 0.844 0.849 0.806 0.819 0.817 0.795 0.827 0.820 0.769 0.744 0.842 0.816 0.834 0.834 0.764 0.714 0.827 0.815 0.799 0.841 0.782 0.830 0.816 0.825 0.811 0.834 0.728 0.793 0.786 0.829 0.803 0.851 0.852 0.818 1.000 0.827 0.842 0.813 0.840 0.828 0.824 0.789 0.842 0.865 0.790 0.828 0.837 0.840 0.823 0.834 0.836 0.837 0.835 0.742 0.800 0.810 
0.837 0.854 0.788 0.841 0.844 0.633 0.835 0.872 0.658 0.826 0.863 0.783 0.832 0.827 0.849 0.768 0.870 0.855 0.844 0.708 0.849 0.763 0.811 0.816 0.827 0.811 0.828 0.863 0.861 0.851 0.839 0.794 0.723 0.769 0.834 0.866 0.869 0.804 0.815 0.868 0.873 0.826 0.813 0.818 0.796 0.811 0.817 0.748 0.787 0.860 0.828 0.860 0.865 0.781 0.738 0.838 0.823 0.803 0.873 0.773 0.835 0.823 0.847 0.769 0.846 0.761 0.836 0.811 0.838 0.811 0.877 0.868 0.798 0.827 1.000 0.855 0.777 0.849 0.828 0.838 0.843 0.852 0.805 0.819 0.825 0.854 0.849 0.820 0.843 0.849 0.861 0.842 0.776 0.805 0.847 
0.902 0.909 0.819 0.869 0.855 0.657 0.877 0.926 0.669 0.880 0.909 0.808 0.891 0.895 0.888 0.799 0.938 0.872 0.875 0.704 0.866 0.787 0.815 0.847 0.895 0.908 0.866 0.927 0.896 0.899 0.881 0.825 0.725 0.798 0.872 0.898 0.923 0.863 0.854 0.927 0.926 0.855 0.859 0.862 0.824 0.879 0.837 0.766 0.792 0.915 0.920 0.919 0.917 0.840 0.756 0.891 0.852 0.869 0.930 0.779 0.918 0.888 0.901 0.785 0.918 0.762 0.868 0.824 0.865 0.886 0.937 0.947 0.833 0.842 0.855 1.000 0.855 0.898 0.921 0.922 0.866 0.887 0.847 0.842 0.881 0.925 0.918 0.879 0.881 0.920 0.886 0.903 0.777 0.848 0.900 
0.866 0.866 0.778 0.832 0.804 0.635 0.844 0.874 0.680 0.844 0.862 0.843 0.847 0.843 0.839 0.764 0.868 0.835 0.824 0.654 0.826 0.706 0.771 0.778 0.834 0.822 0.809 0.869 0.839 0.820 0.863 0.780 0.735 0.784 0.844 0.848 0.881 0.817 0.810 0.877 0.865 0.801 0.836 0.836 0.807 0.849 0.825 0.756 0.755 0.861 0.861 0.868 0.877 0.792 0.702 0.847 0.836 0.913 0.871 0.733 0.867 0.845 0.834 0.796 0.866 0.733 0.830 0.771 0.813 0.836 0.870 0.874 0.783 0.813 0.777 0.855 1.000 0.839 0.870 0.877 0.820 0.849 0.822 0.787 0.851 0.873 0.847 0.830 0.823 0.871 0.858 0.878 0.722 0.793 0.843 
0.891 0.894 0.802 0.909 0.889 0.672 0.891 0.911 0.684 0.865 0.922 0.831 0.875 0.869 0.919 0.800 0.902 0.893 0.873 0.711 0.888 0.756 0.833 0.843 0.868 0.884 0.885 0.928 0.912 0.902 0.886 0.815 0.741 0.804 0.903 0.930 0.914 0.845 0.872 0.912 0.915 0.906 0.873 0.862 0.823 0.902 0.878 0.771 0.790 0.910 0.880 0.902 0.913 0.828 0.754 0.884 0.877 0.853 0.910 0.780 0.892 0.864 0.907 0.768 0.881 0.775 0.854 0.840 0.868 0.865 0.933 0.945 0.848 0.840 0.849 0.898 0.839 1.000 0.889 0.889 0.876 0.909 0.864 0.849 0.875 0.896 0.888 0.867 0.904 0.897 0.915 0.898 0.778 0.868 0.905 
0.917 0.910 0.827 0.870 0.857 0.653 0.892 0.923 0.669 0.889 0.922 0.807 0.897 0.900 0.887 0.792 0.935 0.889 0.883 0.712 0.862 0.776 0.801 0.815 0.895 0.887 0.860 0.921 0.890 0.882 0.879 0.833 0.724 0.836 0.892 0.884 0.928 0.863 0.875 0.929 0.906 0.845 0.869 0.883 0.843 0.884 0.855 0.773 0.799 0.907 0.951 0.931 0.921 0.855 0.744 0.890 0.837 0.862 0.920 0.785 0.930 0.896 0.876 0.791 0.928 0.763 0.888 0.813 0.868 0.903 0.917 0.930 0.844 0.828 0.828 0.921 0.870 0.889 1.000 0.947 0.861 0.884 0.850 0.831 0.875 0.938 0.909 0.861 0.856 0.933 0.882 0.923 0.774 0.843 0.890 
0.930 0.925 0.836 0.874 0.867 0.642 0.907 0.942 0.673 0.899 0.936 0.815 0.899 0.915 0.898 0.797 0.953 0.900 0.900 0.728 0.870 0.778 0.821 0.826 0.914 0.891 0.868 0.921 0.904 0.894 0.891 0.845 0.726 0.837 0.898 0.895 0.947 0.878 0.859 0.943 0.923 0.847 0.869 0.892 0.853 0.881 0.863 0.768 0.809 0.915 0.960 0.941 0.934 0.861 0.757 0.893 0.846 0.879 0.937 0.793 0.948 0.908 0.879 0.790 0.940 0.765 0.897 0.823 0.883 0.923 0.927 0.938 0.846 0.824 0.838 0.922 0.877 0.889 0.947 1.000 0.874 0.898 0.849 0.838 0.882 0.943 0.921 0.857 0.865 0.940 0.893 0.929 0.785 0.853 0.902 
0.856 0.862 0.815 0.864 0.863 0.680 0.860 0.883 0.655 0.866 0.885 0.788 0.839 0.849 0.879 0.765 0.882 0.869 0.895 0.737 0.859 0.743 0.841 0.809 0.851 0.873 0.842 0.877 0.873 0.861 0.868 0.836 0.706 0.808 0.867 0.887 0.890 0.813 0.845 0.880 0.883 0.849 0.829 0.838 0.799 0.847 0.853 0.743 0.781 0.872 0.867 0.884 0.887 0.823 0.730 0.848 0.836 0.831 0.881 0.765 0.867 0.839 0.874 0.732 0.860 0.793 0.872 0.809 0.836 0.829 0.887 0.890 0.804 0.789 0.843 0.866 0.820 0.876 0.861 0.874 1.000 0.883 0.825 0.813 0.877 0.878 0.856 0.827 0.861 0.870 0.877 0.865 0.767 0.835 0.864 
0.881 0.889 0.795 0.899 0.911 0.655 0.885 0.911 0.675 0.866 0.927 0.831 0.880 0.878 0.909 0.796 0.915 0.904 0.872 0.705 0.906 0.756 0.848 0.837 0.874 0.861 0.871 0.899 0.906 0.890 0.900 0.826 0.764 0.821 0.902 0.974 0.917 0.839 0.870 0.907 0.913 0.874 0.877 0.897 0.858 0.880 0.940 0.791 0.798 0.894 0.891 0.914 0.911 0.832 0.758 0.908 0.873 0.858 0.910 0.773 0.886 0.862 0.890 0.793 0.886 0.789 0.847 0.837 0.868 0.851 0.906 0.905 0.843 0.842 0.852 0.887 0.849 0.909 0.884 0.898 0.883 1.000 0.869 0.840 0.875 0.898 0.887 0.856 0.948 0.895 0.918 0.889 0.786 0.893 0.885 
0.860 0.846 0.746 0.871 0.873 0.621 0.853 0.847 0.704 0.827 0.871 0.810 0.851 0.823 0.856 0.782 0.852 0.847 0.828 0.665 0.861 0.731 0.791 0.812 0.807 0.827 0.830 0.862 0.850 0.844 0.853 0.780 0.724 0.794 0.855 0.876 0.854 0.789 0.827 0.851 0.849 0.856 0.861 0.860 0.829 0.925 0.873 0.751 0.775 0.851 0.844 0.854 0.853 0.785 0.728 0.851 0.827 0.816 0.845 0.765 0.861 0.849 0.844 0.780 0.845 0.758 0.804 0.806 0.824 0.827 0.855 0.861 0.810 0.865 0.805 0.847 0.822 0.864 0.850 0.849 0.825 0.869 1.000 0.811 0.859 0.849 0.854 0.854 0.855 0.845 0.877 0.854 0.765 0.852 0.831 
0.834 0.833 0.749 0.837 0.821 0.610 0.831 0.854 0.718 0.811 0.862 0.779 0.812 0.816 0.851 0.782 0.855 0.838 0.827 0.677 0.838 0.725 0.874 0.943 0.812 0.810 0.827 0.852 0.848 0.857 0.834 0.765 0.716 0.750 0.836 0.854 0.857 0.783 0.809 0.848 0.849 0.827 0.807 0.803 0.768 0.816 0.805 0.726 0.848 0.840 0.825 0.847 0.849 0.765 0.794 0.823 0.830 0.805 0.850 0.755 0.850 0.819 0.848 0.753 0.841 0.719 0.800 0.926 0.825 0.813 0.858 0.860 0.779 0.790 0.819 0.842 0.787 0.849 0.831 0.838 0.813 0.840 0.811 1.000 0.806 0.840 0.850 0.810 0.834 0.835 0.849 0.838 0.871 0.812 0.826 
0.885 0.903 0.798 0.874 0.862 0.626 0.859 0.892 0.671 0.871 0.880 0.816 0.883 0.861 0.881 0.767 0.893 0.862 0.833 0.672 0.851 0.752 0.818 0.807 0.864 0.848 0.834 0.903 0.861 0.843 0.854 0.810 0.708 0.813 0.854 0.880 0.895 0.850 0.829 0.898 0.905 0.839 0.879 0.879 0.841 0.891 0.863 0.745 0.773 0.893 0.876 0.894 0.897 0.816 0.718 0.877 0.834 0.855 0.893 0.755 0.881 0.902 0.854 0.771 0.884 0.753 0.850 0.805 0.829 0.854 0.899 0.912 0.815 0.828 0.825 0.881 0.851 0.875 0.875 0.882 0.877 0.875 0.859 0.806 1.000 0.894 0.866 0.891 0.855 0.899 0.891 0.895 0.771 0.826 0.874 
0.916 0.923 0.836 0.873 0.867 0.641 0.909 0.940 0.678 0.895 0.915 0.811 0.898 0.916 0.910 0.800 0.951 0.894 0.890 0.718 0.879 0.780 0.824 0.825 0.917 0.889 0.858 0.933 0.913 0.899 0.903 0.847 0.723 0.828 0.890 0.897 0.937 0.875 0.853 0.941 0.928 0.859 0.873 0.890 0.850 0.888 0.859 0.763 0.802 0.920 0.930 0.936 0.929 0.863 0.755 0.906 0.854 0.872 0.940 0.793 0.925 0.897 0.893 0.785 0.931 0.768 0.896 0.824 0.868 0.894 0.953 0.943 0.844 0.837 0.854 0.925 0.873 0.896 0.938 0.943 0.878 0.898 0.849 0.840 0.894 1.000 0.912 0.872 0.872 0.941 0.902 0.923 0.783 0.848 0.904 
0.924 0.904 0.816 0.859 0.863 0.647 0.882 0.931 0.700 0.885 0.902 0.801 0.871 0.885 0.882 0.810 0.928 0.879 0.880 0.718 0.873 0.772 0.821 0.830 0.888 0.888 0.865 0.910 0.891 0.898 0.872 0.841 0.726 0.812 0.892 0.896 0.937 0.857 0.854 0.922 0.914 0.858 0.877 0.879 0.838 0.884 0.847 0.771 0.820 0.899 0.912 0.923 0.919 0.846 0.753 0.904 0.851 0.869 0.926 0.782 0.945 0.892 0.886 0.789 0.919 0.764 0.874 0.821 0.874 0.893 0.919 0.924 0.833 0.840 0.849 0.918 0.847 0.888 0.909 0.921 0.856 0.887 0.854 0.850 0.866 0.912 1.000 0.862 0.878 0.912 0.874 0.915 0.783 0.864 0.890 
0.881 0.882 0.794 0.840 0.843 0.624 0.840 0.884 0.671 0.864 0.869 0.804 0.868 0.845 0.854 0.770 0.883 0.833 0.822 0.661 0.850 0.757 0.799 0.810 0.846 0.842 0.822 0.892 0.847 0.838 0.847 0.788 0.696 0.789 0.846 0.865 0.882 0.832 0.808 0.892 0.883 0.858 0.869 0.861 0.821 0.888 0.845 0.729 0.788 0.876 0.845 0.877 0.885 0.790 0.710 0.863 0.832 0.838 0.886 0.741 0.875 0.869 0.854 0.766 0.875 0.747 0.837 0.785 0.825 0.842 0.895 0.899 0.797 0.823 0.820 0.879 0.830 0.867 0.861 0.857 0.827 0.856 0.854 0.810 0.891 0.872 0.862 1.000 0.848 0.878 0.879 0.887 0.768 0.820 0.864 
0.871 0.871 0.786 0.888 0.895 0.668 0.872 0.894 0.668 0.846 0.901 0.812 0.858 0.851 0.888 0.793 0.888 0.879 0.855 0.700 0.897 0.770 0.823 0.831 0.862 0.855 0.887 0.892 0.887 0.903 0.882 0.800 0.734 0.793 0.884 0.964 0.899 0.831 0.868 0.889 0.903 0.867 0.868 0.870 0.840 0.874 0.886 0.784 0.785 0.884 0.860 0.892 0.895 0.806 0.746 0.891 0.865 0.840 0.893 0.757 0.869 0.846 0.893 0.774 0.862 0.780 0.827 0.834 0.857 0.835 0.899 0.898 0.830 0.834 0.843 0.881 0.823 0.904 0.856 0.865 0.861 0.948 0.855 0.834 0.855 0.872 0.878 0.848 1.000 0.869 0.898 0.871 0.769 0.898 0.875 
0.928 0.956 0.858 0.890 0.864 0.643 0.905 0.957 0.681 0.922 0.931 0.824 0.913 0.920 0.925 0.807 0.948 0.925 0.890 0.722 0.871 0.784 0.817 0.822 0.920 0.880 0.870 0.935 0.906 0.890 0.890 0.842 0.723 0.828 0.900 0.899 0.955 0.905 0.869 0.960 0.932 0.854 0.873 0.891 0.851 0.883 0.858 0.767 0.803 0.930 0.922 0.939 0.939 0.849 0.746 0.897 0.852 0.877 0.956 0.797 0.926 0.917 0.888 0.789 0.948 0.760 0.909 0.824 0.880 0.896 0.937 0.945 0.852 0.836 0.849 0.920 0.871 0.897 0.933 0.940 0.870 0.895 0.845 0.835 0.899 0.941 0.912 0.878 0.869 1.000 0.909 0.947 0.794 0.848 0.909 
0.899 0.921 0.825 0.910 0.899 0.653 0.903 0.921 0.703 0.895 0.934 0.851 0.885 0.884 0.926 0.802 0.910 0.910 0.881 0.705 0.902 0.749 0.831 0.845 0.881 0.856 0.884 0.907 0.917 0.899 0.910 0.816 0.741 0.812 0.914 0.930 0.921 0.868 0.880 0.924 0.909 0.881 0.877 0.878 0.840 0.886 0.892 0.776 0.808 0.907 0.883 0.906 0.922 0.813 0.759 0.890 0.878 0.869 0.916 0.779 0.885 0.891 0.909 0.784 0.903 0.780 0.867 0.843 0.877 0.859 0.916 0.915 0.841 0.837 0.861 0.886 0.858 0.915 0.882 0.893 0.877 0.918 0.877 0.849 0.891 0.902 0.874 0.879 0.898 0.909 1.000 0.916 0.802 0.868 0.889 
0.941 0.952 0.872 0.890 0.866 0.643 0.910 0.957 0.696 0.937 0.938 0.826 0.912 0.909 0.912 0.814 0.933 0.899 0.887 0.730 0.877 0.782 0.812 0.820 0.911 0.871 0.871 0.933 0.916 0.887 0.890 0.838 0.728 0.838 0.943 0.900 0.960 0.902 0.871 0.964 0.924 0.856 0.887 0.890 0.850 0.892 0.861 0.787 0.815 0.929 0.911 0.935 0.947 0.843 0.746 0.904 0.853 0.879 0.952 0.792 0.930 0.922 0.894 0.794 0.951 0.761 0.924 0.825 0.882 0.903 0.928 0.940 0.847 0.835 0.842 0.903 0.878 0.898 0.923 0.929 0.865 0.889 0.854 0.838 0.895 0.923 0.915 0.887 0.871 0.947 0.916 1.000 0.790 0.847 0.906 
0.802 0.806 0.715 0.793 0.781 0.578 0.789 0.799 0.676 0.771 0.812 0.733 0.791 0.771 0.801 0.733 0.802 0.786 0.792 0.650 0.780 0.707 0.816 0.885 0.761 0.744 0.776 0.793 0.802 0.783 0.778 0.740 0.682 0.715 0.789 0.789 0.799 0.752 0.766 0.800 0.789 0.767 0.749 0.772 0.737 0.762 0.770 0.679 0.820 0.783 0.766 0.798 0.797 0.724 0.755 0.765 0.774 0.742 0.798 0.709 0.789 0.793 0.769 0.712 0.791 0.683 0.760 0.847 0.782 0.757 0.789 0.787 0.731 0.742 0.776 0.777 0.722 0.778 0.774 0.785 0.767 0.786 0.765 0.871 0.771 0.783 0.783 0.768 0.769 0.794 0.802 0.790 1.000 0.751 0.758 
0.856 0.844 0.771 0.859 0.878 0.667 0.860 0.867 0.645 0.829 0.887 0.788 0.826 0.832 0.869 0.774 0.867 0.861 0.835 0.691 0.858 0.770 0.798 0.802 0.848 0.831 0.864 0.855 0.861 0.892 0.850 0.792 0.707 0.783 0.861 0.902 0.874 0.812 0.855 0.862 0.860 0.846 0.840 0.855 0.823 0.861 0.862 0.765 0.779 0.842 0.846 0.865 0.860 0.789 0.731 0.851 0.836 0.813 0.863 0.735 0.858 0.834 0.852 0.752 0.848 0.773 0.804 0.802 0.839 0.820 0.857 0.859 0.810 0.800 0.805 0.848 0.793 0.868 0.843 0.853 0.835 0.893 0.852 0.812 0.826 0.848 0.864 0.820 0.898 0.848 0.868 0.847 0.751 1.000 0.840 
0.897 0.911 0.817 0.883 0.862 0.675 0.863 0.932 0.661 0.881 0.896 0.799 0.882 0.885 0.883 0.782 0.919 0.881 0.848 0.756 0.899 0.792 0.832 0.819 0.888 0.887 0.868 0.924 0.887 0.874 0.868 0.860 0.716 0.833 0.874 0.912 0.936 0.862 0.849 0.929 0.943 0.865 0.880 0.874 0.833 0.890 0.851 0.759 0.800 0.923 0.892 0.916 0.927 0.847 0.737 0.891 0.847 0.864 0.929 0.784 0.894 0.873 0.874 0.762 0.892 0.754 0.867 0.819 0.845 0.904 0.934 0.934 0.817 0.810 0.847 0.900 0.843 0.905 0.890 0.902 0.864 0.885 0.831 0.826 0.874 0.904 0.890 0.864 0.875 0.909 0.889 0.906 0.758 0.840 1.000 
